timestamps,open,high,low,close,volume,amount
2015-01-02 00:00:00,71.26000213623047,71.91000366210938,69.5,70.4800033569336,94600,6667408.317565918
2015-01-05 00:00:00,70.13999938964844,71.33999633789062,69.0999984741211,69.3499984741211,87200,6047319.866943359
2015-01-06 00:00:00,69.37000274658203,70.30000305175781,67.22000122070312,68.16999816894531,117200,7989523.785400391
2015-01-07 00:00:00,68.56999969482422,69.0999984741211,67.75,69.0999984741211,129700,8962269.802093506
2015-01-08 00:00:00,69.83999633789062,71.79000091552734,69.11000061035156,71.6500015258789,196700,14093555.30014038
2015-01-09 00:00:00,71.66999816894531,72.45999908447266,70.87999725341797,71.31999969482422,103100,7353091.968536377
2015-01-12 00:00:00,71.19999694824219,71.61000061035156,69.87999725341797,70.05000305175781,145300,10178265.44342041
2015-01-13 00:00:00,70.87000274658203,72.72000122070312,69.20999908447266,70.05999755859375,115400,8084923.718261719
2015-01-14 00:00:00,69.41000366210938,70.30000305175781,69.37000274658203,69.79000091552734,108000,7537320.098876953
2015-01-15 00:00:00,70.12000274658203,70.18000030517578,66.9000015258789,67.43000030517578,118400,7983712.0361328125
2015-01-16 00:00:00,67.2300033569336,69.29000091552734,67.2300033569336,69.08999633789062,107900,7454810.604858398
2015-01-20 00:00:00,69.30999755859375,70.48999786376953,68.33000183105469,70.25,138700,9743675.0
2015-01-21 00:00:00,70.19000244140625,70.3499984741211,68.61000061035156,68.9000015258789,104600,7206940.159606934
2015-01-22 00:00:00,69.5999984741211,70.16999816894531,68.45999908447266,70.04000091552734,113500,7949540.1039123535
2015-01-23 00:00:00,70.29000091552734,71.20999908447266,69.69999694824219,70.3499984741211,103300,7267154.842376709
2015-01-26 00:00:00,71.0,73.87999725341797,70.16999816894531,71.5,193900,13863850.0
2015-01-27 00:00:00,70.97000122070312,71.66000366210938,69.7699966430664,71.62000274658203,180000,12891600.494384766
2015-01-28 00:00:00,72.23999786376953,72.30999755859375,70.19000244140625,70.19999694824219,305900,21474179.066467285
2015-01-29 00:00:00,70.51000213623047,70.94999694824219,69.25,70.91999816894531,154300,10942955.717468262
2015-01-30 00:00:00,70.87000274658203,72.0,69.88999938964844,69.9800033569336,336000,23513281.127929688
2015-02-02 00:00:00,70.38999938964844,70.38999938964844,68.68000030517578,69.87999725341797,122600,8567287.663269043
2015-02-03 00:00:00,70.26000213623047,71.2699966430664,69.5999984741211,70.0,191800,13426000.0
2015-02-04 00:00:00,69.98999786376953,70.88999938964844,69.4800033569336,69.73999786376953,122300,8529201.738739014
2015-02-05 00:00:00,70.2300033569336,71.30000305175781,69.98999786376953,71.22000122070312,156500,11145930.191040039
2015-02-06 00:00:00,71.47000122070312,71.8499984741211,70.3499984741211,70.62999725341797,127000,8970009.651184082
2015-02-09 00:00:00,70.58999633789062,71.0,70.37000274658203,70.7300033569336,143600,10156828.482055664
2015-02-10 00:00:00,71.44999694824219,71.97000122070312,70.2699966430664,71.7300033569336,120600,8650638.404846191
2015-02-11 00:00:00,71.80000305175781,72.76000213623047,70.80000305175781,71.1500015258789,75600,5378940.115356445
2015-02-12 00:00:00,71.8499984741211,71.87999725341797,70.54000091552734,71.66999816894531,135900,9739952.751159668
2015-02-13 00:00:00,72.05000305175781,72.08999633789062,71.0,71.62999725341797,130100,9319062.642669678
2015-02-17 00:00:00,71.98999786376953,72.12999725341797,71.4000015258789,71.77999877929688,95400,6847811.883544922
2015-02-18 00:00:00,71.4800033569336,72.97000122070312,71.4800033569336,72.75,163600,11901900.0
2015-02-19 00:00:00,72.43000030517578,72.9000015258789,71.9000015258789,71.93000030517578,92300,6639139.028167725
2015-02-20 00:00:00,72.0,72.52999877929688,71.12000274658203,72.5,123800,8975500.0
2015-02-23 00:00:00,72.4000015258789,72.4000015258789,71.4000015258789,71.9800033569336,110000,7917800.369262695
2015-02-24 00:00:00,71.86000061035156,72.79000091552734,71.7300033569336,72.37999725341797,161600,11696607.556152344
2015-02-25 00:00:00,72.5199966430664,72.5999984741211,71.55000305175781,72.41000366210938,109200,7907172.399902344
2015-02-26 00:00:00,72.30000305175781,73.25,72.0199966430664,72.87999725341797,74000,5393119.79675293
2015-02-27 00:00:00,72.70999908447266,72.75,72.23999786376953,72.47000122070312,122000,8841340.148925781
2015-03-02 00:00:00,72.61000061035156,73.83999633789062,72.55999755859375,73.36000061035156,155100,11378136.094665527
2015-03-03 00:00:00,72.95999908447266,73.23999786376953,72.0,73.19000244140625,134400,9836736.328125
2015-03-04 00:00:00,72.83999633789062,73.41999816894531,71.7699966430664,73.0,205200,14979600.0
2015-03-05 00:00:00,73.16999816894531,73.63999938964844,72.16000366210938,73.16999816894531,73100,5348726.866149902
2015-03-06 00:00:00,72.63999938964844,73.16999816894531,72.1500015258789,72.62000274658203,134900,9796438.370513916
2015-03-09 00:00:00,72.80999755859375,73.55000305175781,72.18000030517578,73.02999877929688,94300,6886728.884887695
2015-03-10 00:00:00,72.58000183105469,73.16999816894531,72.05000305175781,73.0,115400,8424200.0
2015-03-11 00:00:00,73.0,73.30999755859375,72.2300033569336,72.83999633789062,139800,10183031.48803711
2015-03-12 00:00:00,73.25,73.72000122070312,72.70999908447266,73.12000274658203,95900,7012208.263397217
2015-03-13 00:00:00,73.08999633789062,73.31999969482422,71.6500015258789,72.51000213623047,81700,5924067.174530029
2015-03-16 00:00:00,72.69999694824219,73.58000183105469,72.5199966430664,73.0199966430664,103000,7521059.65423584
2015-03-17 00:00:00,72.87000274658203,73.36000061035156,72.81999969482422,73.25,96900,7097925.0
2015-03-18 00:00:00,73.25,73.83999633789062,72.43000030517578,73.58999633789062,106800,7859411.608886719
2015-03-19 00:00:00,73.25,73.80000305175781,73.16000366210938,73.72000122070312,74300,5477396.090698242
2015-03-20 00:00:00,73.8499984741211,73.98999786376953,73.08000183105469,73.62000274658203,176800,13016016.485595703
2015-03-23 00:00:00,73.3499984741211,73.79000091552734,73.02999877929688,73.5199966430664,77300,5683095.740509033
2015-03-24 00:00:00,73.26000213623047,74.29000091552734,72.73999786376953,73.7300033569336,95400,7033842.320251465
2015-03-25 00:00:00,73.80999755859375,74.0199966430664,72.0,72.19999694824219,139900,10100779.573059082
2015-03-26 00:00:00,72.0,73.41000366210938,71.61000061035156,73.23999786376953,160100,11725723.657989502
2015-03-27 00:00:00,73.05999755859375,74.25,73.05999755859375,73.80000305175781,96000,7084800.29296875
2015-03-30 00:00:00,74.25,75.0,73.97000122070312,74.87000274658203,173800,13012406.477355957
2015-03-31 00:00:00,74.5,74.58000183105469,73.9000015258789,74.26000213623047,109100,8101766.233062744
2015-04-01 00:00:00,74.0,74.44000244140625,73.68000030517578,74.41000366210938,115200,8572032.421875
2015-04-02 00:00:00,74.2300033569336,75.36000061035156,73.8499984741211,74.0999984741211,84100,6231809.871673584
2015-04-06 00:00:00,73.8499984741211,74.48999786376953,73.3499984741211,74.12999725341797,99000,7338869.728088379
2015-04-07 00:00:00,74.01000213623047,74.45999908447266,73.81999969482422,73.9000015258789,96400,7123960.147094727
2015-04-08 00:00:00,74.02999877929688,75.5,73.76000213623047,74.97000122070312,134500,10083465.16418457
2015-04-09 00:00:00,74.54000091552734,75.01000213623047,73.66999816894531,74.33000183105469,64000,4757120.1171875
2015-04-10 00:00:00,74.16999816894531,74.70999908447266,73.94000244140625,74.25,79800,5925150.0
2015-04-13 00:00:00,74.33000183105469,74.62999725341797,73.87999725341797,73.91999816894531,100000,7391999.816894531
2015-04-14 00:00:00,73.9000015258789,74.70999908447266,73.80000305175781,74.52999877929688,79400,5917681.903076172
2015-04-15 00:00:00,74.91000366210938,76.31999969482422,74.58000183105469,76.30000305175781,116000,8850800.354003906
2015-04-16 00:00:00,76.25,76.5,75.7699966430664,76.31999969482422,87200,6655103.973388672
2015-04-17 00:00:00,75.68000030517578,75.88999938964844,74.68000030517578,74.97000122070312,115400,8651538.14086914
2015-04-20 00:00:00,75.30999755859375,76.19000244140625,75.0,75.2300033569336,112100,8433283.376312256
2015-04-21 00:00:00,75.44000244140625,75.70999908447266,75.0999984741211,75.5,59600,4499800.0
2015-04-22 00:00:00,75.66999816894531,76.69999694824219,75.08999633789062,75.76000213623047,71300,5401688.152313232
2015-04-23 00:00:00,75.47000122070312,76.1500015258789,75.30999755859375,75.77999877929688,73300,5554673.910522461
2015-04-24 00:00:00,75.94999694824219,76.33000183105469,75.3499984741211,75.62999725341797,50700,3834440.860748291
2015-04-27 00:00:00,74.31999969482422,74.33000183105469,68.05000305175781,69.7300033569336,778600,54291780.613708496
2015-04-28 00:00:00,69.29000091552734,69.6500015258789,67.58000183105469,68.68000030517578,305600,20988608.09326172
2015-04-29 00:00:00,68.47000122070312,69.1500015258789,67.86000061035156,68.37999725341797,195300,13354613.46359253
2015-04-30 00:00:00,68.05999755859375,68.05999755859375,66.55000305175781,67.20999908447266,153300,10303292.859649658
2015-05-01 00:00:00,67.18000030517578,67.44000244140625,66.02999877929688,67.19000244140625,261000,17536590.63720703
2015-05-04 00:00:00,67.43000030517578,68.5199966430664,67.37999725341797,67.7699966430664,124600,8444141.581726074
2015-05-05 00:00:00,67.38999938964844,67.76000213623047,66.04000091552734,66.52999877929688,174100,11582872.787475586
2015-05-06 00:00:00,66.7699966430664,67.33999633789062,66.16000366210938,67.26000213623047,212100,14265846.453094482
2015-05-07 00:00:00,67.0999984741211,67.7699966430664,66.70999908447266,67.58999633789062,117400,7935065.570068359
2015-05-08 00:00:00,68.36000061035156,68.62999725341797,67.69000244140625,68.4000015258789,107800,7373520.164489746
2015-05-11 00:00:00,68.22000122070312,69.16999816894531,68.19999694824219,68.70999908447266,87500,6012124.919891357
2015-05-12 00:00:00,68.7300033569336,69.27999877929688,67.69999694824219,69.12999725341797,98600,6816217.729187012
2015-05-13 00:00:00,68.87999725341797,69.9000015258789,68.36000061035156,69.4000015258789,128700,8931780.196380615
2015-05-14 00:00:00,69.87999725341797,70.80999755859375,68.81999969482422,70.5999984741211,85900,6064539.868927002
2015-05-15 00:00:00,70.63999938964844,71.18000030517578,70.19000244140625,70.98999786376953,91600,6502683.804321289
2015-05-18 00:00:00,70.8499984741211,72.2300033569336,70.8499984741211,72.18000030517578,128500,9275130.039215088
2015-05-19 00:00:00,71.94999694824219,72.77999877929688,71.56999969482422,72.44999694824219,112700,8165114.6560668945
2015-05-20 00:00:00,72.5,72.5,71.38999938964844,71.95999908447266,157500,11333699.855804443
2015-05-21 00:00:00,71.80000305175781,72.33000183105469,71.37000274658203,71.7300033569336,202100,14496633.67843628
2015-05-22 00:00:00,71.62999725341797,72.45999908447266,71.36000061035156,72.31999969482422,135700,9813823.958587646
2015-05-26 00:00:00,71.95999908447266,72.19999694824219,71.30000305175781,71.52999877929688,135500,9692314.834594727
2015-05-27 00:00:00,71.44000244140625,72.73999786376953,71.0199966430664,72.58999633789062,139600,10133563.488769531
2015-05-28 00:00:00,72.58000183105469,73.1500015258789,72.04000091552734,72.62000274658203,139100,10101442.38204956
2015-05-29 00:00:00,72.33000183105469,72.54000091552734,71.75,72.23999786376953,88500,6393239.8109436035
2015-06-01 00:00:00,72.5,73.05000305175781,71.5199966430664,72.55999755859375,116700,8467751.71508789
2015-06-02 00:00:00,72.0999984741211,73.08000183105469,71.55000305175781,72.69000244140625,104700,7610643.255615234
2015-06-03 00:00:00,73.27999877929688,74.08000183105469,72.5199966430664,73.97000122070312,134300,9934171.16394043
2015-06-04 00:00:00,73.56999969482422,73.58000183105469,71.91000366210938,72.37000274658203,81700,5912629.224395752
2015-06-05 00:00:00,72.26000213623047,72.70999908447266,71.30999755859375,72.6500015258789,81100,5891915.123748779
2015-06-08 00:00:00,72.30999755859375,72.79000091552734,71.72000122070312,72.55000305175781,126300,9163065.385437012
2015-06-09 00:00:00,72.44999694824219,73.01000213623047,71.4800033569336,72.61000061035156,75800,5503838.046264648
2015-06-10 00:00:00,73.0,73.58000183105469,72.95999908447266,73.36000061035156,87300,6404328.053283691
2015-06-11 00:00:00,73.19999694824219,73.56999969482422,72.7300033569336,73.08999633789062,95500,6980094.650268555
2015-06-12 00:00:00,72.87000274658203,73.1500015258789,72.4800033569336,73.01000213623047,84400,6162044.180297852
2015-06-15 00:00:00,72.33000183105469,73.45999908447266,71.55000305175781,73.06999969482422,62300,4552260.980987549
2015-06-16 00:00:00,73.0199966430664,73.80999755859375,72.6500015258789,73.33000183105469,60300,4421799.110412598
2015-06-17 00:00:00,73.6500015258789,74.05000305175781,73.12000274658203,73.30000305175781,86200,6318460.263061523
2015-06-18 00:00:00,73.30000305175781,74.70999908447266,73.01000213623047,74.0,114000,8436000.0
2015-06-19 00:00:00,74.20999908447266,74.20999908447266,73.08999633789062,73.68000030517578,119700,8819496.036529541
2015-06-22 00:00:00,73.93000030517578,73.93000030517578,73.2300033569336,73.79000091552734,78300,5777757.071685791
2015-06-23 00:00:00,73.5199966430664,74.44000244140625,73.08999633789062,74.18000030517578,78000,5786040.023803711
2015-06-24 00:00:00,74.18000030517578,74.18000030517578,73.2699966430664,73.6500015258789,65500,4824075.099945068
2015-06-25 00:00:00,73.73999786376953,73.81999969482422,72.7699966430664,73.02999877929688,97800,7142333.880615234
2015-06-26 00:00:00,73.25,73.41999816894531,72.41999816894531,73.05000305175781,199900,14602695.610046387
2015-06-29 00:00:00,72.69999694824219,72.91000366210938,70.37999725341797,70.55999755859375,99100,6992495.758056641
2015-06-30 00:00:00,71.19000244140625,71.94999694824219,69.5,70.79000091552734,87600,6201204.080200195
2015-07-01 00:00:00,71.2699966430664,71.68000030517578,70.25,71.16999816894531,116300,8277070.78704834
2015-07-02 00:00:00,71.05999755859375,71.9000015258789,70.62999725341797,70.83999633789062,85400,6049735.687255859
2015-07-06 00:00:00,70.44999694824219,71.22000122070312,70.31999969482422,71.06999969482422,128200,9111173.960876465
2015-07-07 00:00:00,71.20999908447266,71.31999969482422,69.88999938964844,70.5999984741211,191200,13498719.708251953
2015-07-08 00:00:00,70.06999969482422,71.26000213623047,69.76000213623047,70.12000274658203,139300,9767716.382598877
2015-07-09 00:00:00,70.86000061035156,71.43000030517578,69.12000274658203,69.79000091552734,138100,9637999.126434326
2015-07-10 00:00:00,70.05999755859375,71.5199966430664,69.4000015258789,71.41999816894531,83200,5942143.84765625
2015-07-13 00:00:00,71.62999725341797,72.13999938964844,71.33000183105469,71.75,102900,7383075.0
2015-07-14 00:00:00,71.80000305175781,71.97000122070312,71.5199966430664,71.75,96400,6916700.0
2015-07-15 00:00:00,71.77999877929688,72.06999969482422,71.06999969482422,71.70999908447266,113300,8124742.896270752
2015-07-16 00:00:00,72.12999725341797,72.5999984741211,71.66000366210938,72.0,68000,4896000.0
2015-07-17 00:00:00,72.0,72.26000213623047,71.62999725341797,71.76000213623047,102200,7333872.218322754
2015-07-20 00:00:00,72.0199966430664,72.25,71.20999908447266,71.51000213623047,97100,6943621.2074279785
2015-07-21 00:00:00,71.16000366210938,71.66999816894531,70.22000122070312,70.54000091552734,196100,13832894.179534912
2015-07-22 00:00:00,70.36000061035156,70.68000030517578,69.62000274658203,70.27999877929688,178300,12530923.782348633
2015-07-23 00:00:00,70.16999816894531,70.88999938964844,69.5999984741211,69.9800033569336,138200,9671236.463928223
2015-07-24 00:00:00,69.79000091552734,70.5199966430664,68.55999755859375,68.66999816894531,126900,8714222.76763916
2015-07-27 00:00:00,68.30999755859375,68.77999877929688,67.97000122070312,68.2300033569336,57100,3895933.191680908
2015-07-28 00:00:00,68.62000274658203,68.62000274658203,67.13999938964844,68.30999755859375,157200,10738331.616210938
2015-07-29 00:00:00,68.18000030517578,69.54000091552734,68.18000030517578,69.08000183105469,68600,4738888.125610352
2015-07-30 00:00:00,68.77999877929688,70.52999877929688,68.77999877929688,69.79000091552734,94600,6602134.086608887
2015-07-31 00:00:00,69.98999786376953,70.7300033569336,69.95999908447266,70.18000030517578,74400,5221392.022705078
2015-08-03 00:00:00,70.2300033569336,70.3499984741211,68.7699966430664,69.37000274658203,57800,4009586.1587524414
2015-08-04 00:00:00,69.30999755859375,69.4800033569336,68.16000366210938,68.30999755859375,82700,5649236.798095703
2015-08-05 00:00:00,68.83999633789062,69.36000061035156,68.44999694824219,68.72000122070312,116600,8012752.142333984
2015-08-06 00:00:00,68.62999725341797,69.8499984741211,67.97000122070312,68.38999938964844,52000,3556279.9682617188
2015-08-07 00:00:00,68.05999755859375,68.5,66.94000244140625,67.3499984741211,113100,7617284.827423096
2015-08-10 00:00:00,67.51000213623047,68.98999786376953,67.51000213623047,68.83999633789062,101200,6966607.629394531
2015-08-11 00:00:00,68.41000366210938,68.69999694824219,67.55000305175781,67.83999633789062,94000,6376959.655761719
2015-08-12 00:00:00,67.5199966430664,69.06999969482422,67.3499984741211,68.9800033569336,127900,8822542.429351807
2015-08-13 00:00:00,68.95999908447266,69.75,68.77999877929688,69.33999633789062,87300,6053381.680297852
2015-08-14 00:00:00,69.11000061035156,70.37000274658203,68.83000183105469,70.26000213623047,114300,8030718.244171143
2015-08-17 00:00:00,69.91000366210938,71.12000274658203,69.6500015258789,70.94999694824219,73300,5200634.776306152
2015-08-18 00:00:00,70.7699966430664,70.9800033569336,70.01000213623047,70.58999633789062,119900,8463740.560913086
2015-08-19 00:00:00,70.13999938964844,71.88999938964844,70.08999633789062,70.9800033569336,121500,8624070.407867432
2015-08-20 00:00:00,68.98999786376953,71.94999694824219,68.0,71.69000244140625,184500,13226805.450439453
2015-08-21 00:00:00,70.29000091552734,71.3499984741211,69.83000183105469,71.12000274658203,234900,16706088.64517212
2015-08-24 00:00:00,68.0,70.5999984741211,68.0,68.16999816894531,193500,13190894.645690918
2015-08-25 00:00:00,70.08999633789062,70.33999633789062,68.63999938964844,69.55000305175781,249900,17380545.762634277
2015-08-26 00:00:00,70.70999908447266,71.95999908447266,69.75,71.91000366210938,139300,10017063.510131836
2015-08-27 00:00:00,72.13999938964844,73.22000122070312,71.4000015258789,72.69000244140625,143900,10460091.35131836
2015-08-28 00:00:00,72.33000183105469,73.63999938964844,72.33000183105469,73.47000122070312,102100,7501287.124633789
2015-08-31 00:00:00,73.0,73.86000061035156,72.98999786376953,73.04000091552734,85000,6208400.077819824
2015-09-01 00:00:00,71.61000061035156,72.83000183105469,71.61000061035156,72.26000213623047,129400,9350444.276428223
2015-09-02 00:00:00,72.69999694824219,73.73999786376953,72.18000030517578,73.5,116100,8533350.0
2015-09-03 00:00:00,73.91999816894531,74.13999938964844,73.26000213623047,73.54000091552734,116700,8582118.106842041
2015-09-04 00:00:00,72.63999938964844,73.48999786376953,72.63999938964844,73.22000122070312,89000,6516580.108642578
2015-09-08 00:00:00,74.1500015258789,74.73999786376953,73.62999725341797,74.66000366210938,89500,6682070.327758789
2015-09-09 00:00:00,74.95999908447266,75.5199966430664,74.36000061035156,74.76000213623047,139200,10406592.297363281
2015-09-10 00:00:00,74.56999969482422,75.19999694824219,74.51000213623047,74.87000274658203,100100,7494487.274932861
2015-09-11 00:00:00,74.41999816894531,75.19999694824219,74.37999725341797,74.98999786376953,58900,4416910.874176025
2015-09-14 00:00:00,75.25,75.45999908447266,74.91999816894531,75.16000366210938,80100,6020316.293334961
2015-09-15 00:00:00,74.91999816894531,76.08999633789062,74.91999816894531,76.05000305175781,73700,5604885.224914551
2015-09-16 00:00:00,76.7300033569336,78.66999816894531,76.41000366210938,77.52999877929688,237300,18397868.71032715
2015-09-17 00:00:00,77.6500015258789,79.19999694824219,77.12000274658203,77.87999725341797,228600,17803367.372131348
2015-09-18 00:00:00,76.69000244140625,78.38999938964844,76.44000244140625,78.36000061035156,283100,22183716.172790527
2015-09-21 00:00:00,78.86000061035156,79.27999877929688,78.27999877929688,78.81999969482422,137400,10829867.958068848
2015-09-22 00:00:00,78.18000030517578,78.5199966430664,77.38999938964844,78.04000091552734,129300,10090572.118377686
2015-09-23 00:00:00,77.80000305175781,78.80999755859375,77.66000366210938,78.62999725341797,112400,8838011.69128418
2015-09-24 00:00:00,78.41000366210938,78.69999694824219,77.5,78.52999877929688,134600,10570137.83569336
2015-09-25 00:00:00,78.72000122070312,79.20999908447266,77.91000366210938,78.22000122070312,130700,10223354.159545898
2015-09-28 00:00:00,78.22000122070312,78.51000213623047,77.12000274658203,77.29000091552734,101900,7875851.093292236
2015-09-29 00:00:00,77.3499984741211,77.7699966430664,75.75,76.0,137300,10434800.0
2015-09-30 00:00:00,76.66000366210938,77.70999908447266,75.88999938964844,76.95999908447266,131900,10151023.879241943
2015-10-01 00:00:00,76.94000244140625,77.19000244140625,75.5999984741211,76.41999816894531,93300,7129985.829162598
2015-10-02 00:00:00,75.98999786376953,78.30000305175781,75.95999908447266,78.30000305175781,141000,11040300.430297852
2015-10-05 00:00:00,79.19999694824219,80.51000213623047,79.16000366210938,80.31999969482422,108400,8706687.966918945
2015-10-06 00:00:00,80.4000015258789,80.77999877929688,79.19999694824219,79.76000213623047,115900,9244184.247589111
2015-10-07 00:00:00,80.30999755859375,82.69000244140625,80.30999755859375,82.0,128900,10569800.0
2015-10-08 00:00:00,82.2300033569336,82.62999725341797,81.62000274658203,82.58000183105469,88900,7341362.162780762
2015-10-09 00:00:00,82.16999816894531,83.43000030517578,82.16999816894531,82.70999908447266,66000,5458859.939575195
2015-10-12 00:00:00,82.80999755859375,83.4800033569336,82.43000030517578,83.11000061035156,107200,8909392.065429688
2015-10-13 00:00:00,82.87000274658203,84.41999816894531,82.73999786376953,83.04000091552734,128600,10678944.117736816
2015-10-14 00:00:00,82.75,83.41999816894531,82.0199966430664,82.54000091552734,127600,10532104.116821289
2015-10-15 00:00:00,82.66000366210938,84.08000183105469,81.80000305175781,84.08000183105469,83400,7012272.152709961
2015-10-16 00:00:00,84.44000244140625,85.0,82.44999694824219,82.97000122070312,91300,7575161.111450195
2015-10-19 00:00:00,82.5199966430664,83.9000015258789,82.27999877929688,83.41999816894531,75600,6306551.861572266
2015-10-20 00:00:00,83.72000122070312,83.95999908447266,82.62000274658203,82.7300033569336,130600,10804538.438415527
2015-10-21 00:00:00,83.19000244140625,83.19000244140625,81.80000305175781,82.11000061035156,90900,7463799.055480957
2015-10-22 00:00:00,82.72000122070312,83.62000274658203,82.01000213623047,83.29000091552734,134700,11219163.123321533
2015-10-23 00:00:00,84.18000030517578,84.58000183105469,82.0999984741211,83.61000061035156,81600,6822576.0498046875
2015-10-26 00:00:00,83.72000122070312,84.3499984741211,82.68000030517578,83.48999786376953,96300,8040086.794281006
2015-10-27 00:00:00,83.5,84.68000030517578,83.0,83.72000122070312,158900,13303108.193969727
2015-10-28 00:00:00,84.06999969482422,85.44999694824219,83.48999786376953,85.44000244140625,110800,9466752.270507812
2015-10-29 00:00:00,84.38999938964844,85.44999694824219,83.05999755859375,83.97000122070312,108300,9093951.132202148
2015-10-30 00:00:00,84.91000366210938,86.58000183105469,84.79000091552734,86.18000030517578,254900,21967282.077789307
2015-11-02 00:00:00,86.37000274658203,86.37000274658203,83.52999877929688,83.55000305175781,119000,9942450.36315918
2015-11-03 00:00:00,83.30000305175781,84.80000305175781,83.11000061035156,84.69999694824219,154700,13103089.527893066
2015-11-04 00:00:00,84.5,85.0,83.6500015258789,84.9800033569336,74100,6297018.248748779
2015-11-05 00:00:00,85.0,85.44000244140625,84.30000305175781,84.55999755859375,64400,5445663.8427734375
2015-11-06 00:00:00,84.2300033569336,85.76000213623047,83.70999908447266,85.47000122070312,85700,7324779.104614258
2015-11-09 00:00:00,85.26000213623047,85.26000213623047,83.81999969482422,84.22000122070312,67700,5701694.082641602
2015-11-10 00:00:00,84.2300033569336,84.69999694824219,83.55000305175781,84.11000061035156,77800,6543758.047485352
2015-11-11 00:00:00,84.22000122070312,85.1500015258789,84.02999877929688,84.19999694824219,49500,4167899.8489379883
2015-11-12 00:00:00,84.0,84.12999725341797,82.91000366210938,82.97000122070312,70200,5824494.085693359
2015-11-13 00:00:00,82.52999877929688,84.0199966430664,82.0,82.7300033569336,73800,6105474.247741699
2015-11-16 00:00:00,83.01000213623047,85.11000061035156,83.01000213623047,85.01000213623047,108600,9232086.231994629
2015-11-17 00:00:00,83.01000213623047,85.9000015258789,83.01000213623047,85.33999633789062,117500,10027449.569702148
2015-11-18 00:00:00,86.44999694824219,93.2300033569336,86.44999694824219,93.04000091552734,768000,71454720.703125
2015-11-19 00:00:00,92.73999786376953,94.0,91.62999725341797,93.91999816894531,324500,30477039.405822754
2015-11-20 00:00:00,93.97000122070312,96.12999725341797,92.91000366210938,95.5,459500,43882250.0
2015-11-23 00:00:00,96.0199966430664,96.56999969482422,94.58999633789062,95.73999786376953,208700,19980937.5541687
2015-11-24 00:00:00,95.55000305175781,95.55000305175781,93.68000030517578,94.5199966430664,244800,23138495.178222656
2015-11-25 00:00:00,94.81999969482422,95.44999694824219,93.22000122070312,93.51000213623047,213000,19917630.45501709
2015-11-27 00:00:00,93.58000183105469,94.86000061035156,92.5199966430664,93.8499984741211,71200,6682119.891357422
2015-11-30 00:00:00,93.5,94.19999694824219,93.2300033569336,93.62999725341797,183700,17199830.49545288
2015-12-01 00:00:00,93.5999984741211,95.23999786376953,93.44999694824219,95.16999816894531,125300,11924800.770568848
2015-12-02 00:00:00,95.5,96.75,94.5999984741211,95.05000305175781,220000,20911000.67138672
2015-12-03 00:00:00,95.16000366210938,95.91999816894531,92.94999694824219,93.11000061035156,112000,10428320.068359375
2015-12-04 00:00:00,93.33999633789062,95.2699966430664,92.4800033569336,94.18000030517578,107400,10114932.032775879
2015-12-07 00:00:00,93.93000030517578,94.27999877929688,93.27999877929688,93.77999877929688,89100,8355797.891235352
2015-12-08 00:00:00,92.81999969482422,93.54000091552734,90.51000213623047,93.08999633789062,95000,8843549.65209961
2015-12-09 00:00:00,92.45999908447266,92.91999816894531,89.5,90.30000305175781,141300,12759390.431213379
2015-12-10 00:00:00,90.45999908447266,91.58999633789062,89.77999877929688,91.30999755859375,111800,10208457.727050781
2015-12-11 00:00:00,90.08999633789062,90.61000061035156,89.33000183105469,89.87000274658203,159700,14352239.43862915
2015-12-14 00:00:00,89.80000305175781,91.19000244140625,89.18000030517578,91.01000213623047,190500,17337405.406951904
2015-12-15 00:00:00,91.2699966430664,92.19000244140625,90.62999725341797,91.52999877929688,87700,8027180.892944336
2015-12-16 00:00:00,92.08999633789062,92.08999633789062,90.7699966430664,91.66999816894531,78900,7232762.855529785
2015-12-17 00:00:00,91.94999694824219,92.37999725341797,90.88999938964844,90.95999908447266,81900,7449623.925018311
2015-12-18 00:00:00,90.51000213623047,91.43000030517578,89.88999938964844,90.23999786376953,456500,41194559.02481079
2015-12-21 00:00:00,90.94999694824219,91.73999786376953,90.55000305175781,91.51000213623047,112000,10249120.239257812
2015-12-22 00:00:00,91.73999786376953,92.41999816894531,90.37000274658203,92.08999633789062,137600,12671583.49609375
2015-12-23 00:00:00,92.72000122070312,92.72000122070312,91.12000274658203,91.9000015258789,91000,8362900.1388549805
2015-12-24 00:00:00,91.72000122070312,92.81999969482422,91.12999725341797,91.79000091552734,77100,7077009.070587158
2015-12-28 00:00:00,91.66000366210938,91.9000015258789,90.52999877929688,90.61000061035156,129300,11715873.078918457
2015-12-29 00:00:00,91.08000183105469,91.5,90.30000305175781,90.8499984741211,208200,18914969.68231201
2015-12-30 00:00:00,90.5199966430664,91.43000030517578,87.79000091552734,90.08999633789062,122900,11072060.549926758
2015-12-31 00:00:00,89.95999908447266,90.29000091552734,88.63999938964844,88.66000366210938,97900,8679814.358520508
2016-01-04 00:00:00,87.22000122070312,87.22000122070312,85.55000305175781,86.27999877929688,227100,19594187.72277832
2016-01-05 00:00:00,86.69000244140625,87.69000244140625,85.94999694824219,87.47000122070312,159500,13951465.194702148
2016-01-06 00:00:00,86.38999938964844,88.33000183105469,84.9000015258789,87.81999969482422,337700,29656813.89694214
2016-01-07 00:00:00,86.66000366210938,87.4800033569336,84.7699966430664,85.7300033569336,123800,10613374.415588379
2016-01-08 00:00:00,86.05000305175781,86.20999908447266,81.87000274658203,82.18000030517578,159900,13140582.048797607
2016-01-11 00:00:00,82.5,82.93000030517578,80.91000366210938,82.30999755859375,125400,10321673.693847656
2016-01-12 00:00:00,83.12999725341797,83.9000015258789,81.66999816894531,83.70999908447266,183000,15318929.832458496
2016-01-13 00:00:00,83.95999908447266,86.23999786376953,80.0999984741211,80.61000061035156,115400,9302394.07043457
2016-01-14 00:00:00,80.79000091552734,83.08000183105469,79.69999694824219,82.9000015258789,161800,13413220.246887207
2016-01-15 00:00:00,81.0,84.27999877929688,80.44999694824219,84.23999786376953,284500,23966279.39224243
2016-01-19 00:00:00,85.08000183105469,85.22000122070312,83.0199966430664,84.2699966430664,237800,20039405.20172119
2016-01-20 00:00:00,83.6500015258789,83.6500015258789,78.97000122070312,81.05000305175781,338600,27443531.033325195
2016-01-21 00:00:00,81.41999816894531,81.61000061035156,79.37999725341797,79.62999725341797,338300,26938828.0708313
2016-01-22 00:00:00,80.4800033569336,80.4800033569336,77.68000030517578,78.5,342900,26917650.0
2016-01-25 00:00:00,78.33999633789062,78.5,75.80999755859375,75.9800033569336,285900,21722682.959747314
2016-01-26 00:00:00,75.97000122070312,80.70999908447266,75.97000122070312,80.08999633789062,256900,20575120.0592041
2016-01-27 00:00:00,79.75,79.75,75.01000213623047,76.25,305500,23294375.0
2016-01-28 00:00:00,58.130001068115234,58.5,48.189998626708984,52.02000045776367,3596600,187095133.64639282
2016-01-29 00:00:00,52.060001373291016,55.45000076293945,51.0,54.81999969482422,1280500,70197009.60922241
2016-02-01 00:00:00,54.099998474121094,56.52000045776367,54.0,55.400001525878906,577600,31999040.881347656
2016-02-02 00:00:00,55.0,55.54999923706055,54.290000915527344,55.25,529300,29243825.0
2016-02-03 00:00:00,55.25,56.22999954223633,52.5,54.369998931884766,452800,24618735.516357422
2016-02-04 00:00:00,53.90999984741211,56.38999938964844,53.099998474121094,56.189998626708984,279400,15699485.61630249
2016-02-05 00:00:00,56.029998779296875,56.369998931884766,55.369998931884766,55.849998474121094,501500,28008774.23477173
2016-02-08 00:00:00,55.380001068115234,56.04999923706055,53.790000915527344,55.54999923706055,361400,20075769.72427368
2016-02-09 00:00:00,55.20000076293945,56.02000045776367,53.709999084472656,54.689998626708984,248100,13568588.659286499
2016-02-10 00:00:00,55.29999923706055,56.34000015258789,54.5,54.5,243400,13265300.0
2016-02-11 00:00:00,53.7599983215332,55.79999923706055,53.08000183105469,55.33000183105469,200700,11104731.367492676
2016-02-12 00:00:00,56.099998474121094,56.369998931884766,54.81999969482422,56.349998474121094,238700,13450744.635772705
2016-02-16 00:00:00,56.47999954223633,58.959999084472656,56.439998626708984,58.540000915527344,388900,22766206.356048584
2016-02-17 00:00:00,59.220001220703125,59.95000076293945,57.93000030517578,58.20000076293945,296600,17262120.22628784
2016-02-18 00:00:00,58.5099983215332,58.779998779296875,57.349998474121094,57.720001220703125,156400,9027408.190917969
2016-02-19 00:00:00,57.88999938964844,60.060001373291016,57.04999923706055,59.77000045776367,260100,15546177.119064331
2016-02-22 00:00:00,60.040000915527344,60.4900016784668,59.2400016784668,60.06999969482422,201400,12098097.938537598
2016-02-23 00:00:00,59.810001373291016,60.599998474121094,58.79999923706055,58.869998931884766,213200,12551083.772277832
2016-02-24 00:00:00,58.58000183105469,60.47999954223633,57.97999954223633,60.349998474121094,148800,8980079.772949219
2016-02-25 00:00:00,60.220001220703125,60.9900016784668,59.18000030517578,60.400001525878906,192900,11651160.294342041
2016-02-26 00:00:00,60.58000183105469,60.72999954223633,59.040000915527344,59.95000076293945,141000,8452950.107574463
2016-02-29 00:00:00,60.189998626708984,61.33000183105469,59.540000915527344,60.369998931884766,209200,12629403.776550293
2016-03-01 00:00:00,61.02000045776367,61.36000061035156,59.380001068115234,61.099998474121094,216500,13228149.669647217
2016-03-02 00:00:00,61.15999984741211,61.439998626708984,60.650001525878906,61.34000015258789,125700,7710438.019180298
2016-03-03 00:00:00,61.130001068115234,62.06999969482422,60.540000915527344,62.029998779296875,162000,10048859.802246094
2016-03-04 00:00:00,62.0,63.279998779296875,61.59000015258789,62.029998779296875,165700,10278370.797729492
2016-03-07 00:00:00,61.97999954223633,63.349998474121094,61.88999938964844,62.7400016784668,169900,10659526.285171509
2016-03-08 00:00:00,62.279998779296875,63.0099983215332,61.22999954223633,61.33000183105469,159900,9806667.292785645
2016-03-09 00:00:00,61.56999969482422,62.40999984741211,61.11000061035156,62.2400016784668,132200,8228128.221893311
2016-03-10 00:00:00,62.560001373291016,62.95000076293945,60.630001068115234,61.43000030517578,121100,7439173.036956787
2016-03-11 00:00:00,61.900001525878906,62.279998779296875,61.130001068115234,62.09000015258789,125300,7779877.019119263
2016-03-14 00:00:00,61.900001525878906,63.400001525878906,61.900001525878906,62.93000030517578,142500,8967525.043487549
2016-03-15 00:00:00,62.7599983215332,62.77000045776367,60.560001373291016,60.619998931884766,158000,9577959.831237793
2016-03-16 00:00:00,60.04999923706055,61.869998931884766,59.86000061035156,61.68000030517578,170700,10528776.052093506
2016-03-17 00:00:00,61.40999984741211,62.439998626708984,60.83000183105469,62.20000076293945,129100,8030020.098495483
2016-03-18 00:00:00,62.540000915527344,63.90999984741211,62.04999923706055,63.15999984741211,203600,12859375.968933105
2016-03-21 00:00:00,62.91999816894531,64.2699966430664,62.91999816894531,64.08999633789062,131200,8408607.51953125
2016-03-22 00:00:00,64.23999786376953,67.11000061035156,64.23999786376953,65.52999877929688,292600,19174077.642822266
2016-03-23 00:00:00,65.25,65.6500015258789,64.0,64.04000091552734,211500,13544460.193634033
2016-03-24 00:00:00,64.0,64.12000274658203,62.84000015258789,63.7400016784668,114000,7266360.191345215
2016-03-28 00:00:00,63.79999923706055,64.55000305175781,62.720001220703125,63.06999969482422,127200,8022503.961181641
2016-03-29 00:00:00,62.849998474121094,65.5199966430664,62.75,65.33999633789062,144200,9422027.471923828
2016-03-30 00:00:00,65.66999816894531,66.33000183105469,64.4000015258789,65.70999908447266,155100,10191620.858001709
2016-03-31 00:00:00,65.58000183105469,66.04000091552734,64.73999786376953,65.48999786376953,129800,8500601.722717285
2016-04-01 00:00:00,65.08000183105469,66.43000030517578,64.94999694824219,65.81999969482422,99200,6529343.9697265625
2016-04-04 00:00:00,65.95999908447266,65.95999908447266,64.19000244140625,64.7699966430664,138800,8990075.534057617
2016-04-05 00:00:00,64.5199966430664,64.87000274658203,63.81999969482422,64.04000091552734,133500,8549340.1222229
2016-04-06 00:00:00,64.1500015258789,64.87999725341797,63.529998779296875,64.3499984741211,95100,6119684.854888916
2016-04-07 00:00:00,63.86000061035156,64.19000244140625,62.29999923706055,62.41999816894531,230800,14406535.577392578
2016-04-08 00:00:00,63.06999969482422,64.0199966430664,62.34000015258789,62.619998931884766,159600,9994151.829528809
2016-04-11 00:00:00,63.040000915527344,63.31999969482422,62.040000915527344,62.15999984741211,96600,6004655.98526001
2016-04-12 00:00:00,62.0,62.720001220703125,61.66999816894531,62.02000045776367,290800,18035416.133117676
2016-04-13 00:00:00,61.810001373291016,62.400001525878906,61.09000015258789,61.459999084472656,409900,25192453.62472534
2016-04-14 00:00:00,61.209999084472656,61.58000183105469,59.43000030517578,59.560001373291016,349300,20804308.47969055
2016-04-15 00:00:00,59.59000015258789,60.54999923706055,59.59000015258789,60.18000030517578,250000,15045000.076293945
2016-04-18 00:00:00,59.7599983215332,60.720001220703125,59.7599983215332,60.16999816894531,179500,10800514.671325684
2016-04-19 00:00:00,60.43000030517578,61.540000915527344,60.130001068115234,61.439998626708984,279000,17141759.616851807
2016-04-20 00:00:00,61.150001525878906,62.54999923706055,60.16999816894531,62.119998931884766,193200,12001583.793640137
2016-04-21 00:00:00,61.90999984741211,62.0099983215332,59.540000915527344,59.79999923706055,178200,10656359.86404419
2016-04-22 00:00:00,59.650001525878906,61.400001525878906,59.650001525878906,61.189998626708984,171300,10481846.764755249
2016-04-25 00:00:00,60.84000015258789,61.95000076293945,59.959999084472656,60.20000076293945,206200,12413240.157318115
2016-04-26 00:00:00,60.66999816894531,61.439998626708984,60.20000076293945,61.29999923706055,254600,15606979.805755615
2016-04-27 00:00:00,61.09000015258789,61.2400016784668,59.369998931884766,59.58000183105469,282800,16849224.517822266
2016-04-28 00:00:00,50.72999954223633,54.2599983215332,48.7599983215332,50.58000183105469,1677000,84822663.07067871
2016-04-29 00:00:00,50.599998474121094,52.59000015258789,50.11000061035156,50.88999938964844,664800,33831671.59423828
2016-05-02 00:00:00,50.880001068115234,51.939998626708984,50.119998931884766,51.16999816894531,482500,24689524.116516113
2016-05-03 00:00:00,51.029998779296875,51.81999969482422,49.400001525878906,50.25,296100,14879025.0
2016-05-04 00:00:00,50.31999969482422,50.81999969482422,49.13999938964844,49.65999984741211,345000,17132699.947357178
2016-05-05 00:00:00,50.02000045776367,50.95000076293945,49.22999954223633,50.5099983215332,359000,18133089.39743042
2016-05-06 00:00:00,50.369998931884766,50.77000045776367,49.09000015258789,50.31999969482422,212600,10698031.935119629
2016-05-09 00:00:00,51.849998474121094,53.27000045776367,50.7400016784668,50.97999954223633,339500,17307709.844589233
2016-05-10 00:00:00,51.0099983215332,51.66999816894531,50.61000061035156,51.47999954223633,182000,9369359.916687012
2016-05-11 00:00:00,51.54999923706055,51.66999816894531,50.290000915527344,50.77000045776367,160800,8163816.073608398
2016-05-12 00:00:00,50.70000076293945,51.0,49.650001525878906,50.38999938964844,167600,8445363.897705078
2016-05-13 00:00:00,50.18000030517578,50.560001373291016,49.45000076293945,49.790000915527344,230700,11486553.211212158
2016-05-16 00:00:00,50.0099983215332,51.040000915527344,49.68000030517578,50.40999984741211,170800,8610027.973937988
2016-05-17 00:00:00,50.40999984741211,51.2599983215332,49.7599983215332,50.150001525878906,237700,11920655.362701416
2016-05-18 00:00:00,49.810001373291016,50.959999084472656,49.790000915527344,50.2599983215332,172300,8659797.71080017
2016-05-19 00:00:00,50.09000015258789,50.880001068115234,48.81999969482422,49.15999984741211,241800,11886887.963104248
2016-05-20 00:00:00,49.25,50.33000183105469,49.25,50.04999923706055,329900,16511494.748306274
2016-05-23 00:00:00,50.0099983215332,50.58000183105469,49.0,49.439998626708984,176700,8736047.757339478
2016-05-24 00:00:00,49.900001525878906,50.75,49.209999084472656,50.529998779296875,439600,22212987.463378906
2016-05-25 00:00:00,50.790000915527344,51.59000015258789,50.349998474121094,51.27000045776367,177100,9079917.081069946
2016-05-26 00:00:00,51.20000076293945,52.13999938964844,50.970001220703125,51.810001373291016,114900,5952969.157791138
2016-05-27 00:00:00,51.63999938964844,52.13999938964844,51.349998474121094,51.720001220703125,144600,7478712.176513672
2016-05-31 00:00:00,51.77000045776367,53.380001068115234,51.65999984741211,53.279998779296875,315200,16793855.615234375
2016-06-01 00:00:00,53.02000045776367,53.369998931884766,52.060001373291016,52.90999984741211,132600,7015865.979766846
2016-06-02 00:00:00,52.61000061035156,53.34000015258789,52.099998474121094,52.79999923706055,79400,4192319.9394226074
2016-06-03 00:00:00,52.65999984741211,52.91999816894531,51.7599983215332,52.33000183105469,176200,9220546.322631836
2016-06-06 00:00:00,52.4900016784668,53.97999954223633,52.40999984741211,53.58000183105469,112600,6033108.206176758
2016-06-07 00:00:00,53.689998626708984,53.81999969482422,52.72999954223633,53.119998931884766,98300,5221695.895004272
2016-06-08 00:00:00,53.099998474121094,53.97999954223633,52.97999954223633,53.90999984741211,108300,5838452.983474731
2016-06-09 00:00:00,53.540000915527344,53.540000915527344,52.16999816894531,53.0099983215332,125600,6658055.78918457
2016-06-10 00:00:00,52.38999938964844,52.880001068115234,51.68000030517578,51.7599983215332,112000,5797119.812011719
2016-06-13 00:00:00,51.939998626708984,52.369998931884766,51.11000061035156,51.459999084472656,161100,8290205.852508545
2016-06-14 00:00:00,51.400001525878906,52.939998626708984,51.029998779296875,52.900001525878906,199600,10558840.30456543
2016-06-15 00:00:00,53.209999084472656,53.209999084472656,52.130001068115234,52.290000915527344,161800,8460522.148132324
2016-06-16 00:00:00,51.79999923706055,52.369998931884766,51.529998779296875,52.0,95400,4960800.0
2016-06-17 00:00:00,52.099998474121094,52.290000915527344,51.5,51.880001068115234,330300,17135964.352798462
2016-06-20 00:00:00,52.439998626708984,53.5099983215332,52.439998626708984,52.68000030517578,127900,6737772.039031982
2016-06-21 00:00:00,53.369998931884766,57.79999923706055,53.369998931884766,57.47999954223633,999800,57468503.54232788
2016-06-22 00:00:00,57.84000015258789,57.84000015258789,55.22999954223633,55.72999954223633,261300,14562248.880386353
2016-06-23 00:00:00,56.22999954223633,56.400001525878906,55.66999816894531,55.95000076293945,128500,7189575.09803772
2016-06-24 00:00:00,55.0,55.349998474121094,54.20000076293945,55.11000061035156,495400,27301494.302368164
2016-06-27 00:00:00,54.68000030517578,54.81999969482422,54.220001220703125,54.65999984741211,300600,16430795.95413208
2016-06-28 00:00:00,55.08000183105469,55.88999938964844,54.7599983215332,55.40999984741211,351000,19448909.94644165
2016-06-29 00:00:00,56.08000183105469,56.08000183105469,55.13999938964844,55.79999923706055,205800,11483639.84298706
2016-06-30 00:00:00,55.72999954223633,58.20000076293945,55.720001220703125,58.130001068115234,237600,13811688.25378418
2016-07-01 00:00:00,58.02000045776367,58.54999923706055,57.470001220703125,58.25,270500,15756625.0
2016-07-05 00:00:00,57.880001068115234,58.25,56.43000030517578,56.66999816894531,167800,9509225.692749023
2016-07-06 00:00:00,56.45000076293945,57.18000030517578,55.7599983215332,56.43000030517578,105900,5975937.032318115
2016-07-07 00:00:00,56.7599983215332,57.0099983215332,55.810001373291016,55.91999816894531,118000,6598559.783935547
2016-07-08 00:00:00,56.380001068115234,57.83000183105469,56.16999816894531,57.689998626708984,118700,6847802.836990356
2016-07-11 00:00:00,58.220001220703125,58.70000076293945,58.0,58.630001068115234,110700,6490341.118240356
2016-07-12 00:00:00,58.95000076293945,59.900001525878906,58.939998626708984,59.5,139400,8294300.0
2016-07-13 00:00:00,59.77000045776367,59.93000030517578,59.20000076293945,59.869998931884766,132500,7932774.858474731
2016-07-14 00:00:00,60.119998931884766,60.650001525878906,59.66999816894531,60.380001068115234,157500,9509850.16822815
2016-07-15 00:00:00,60.9900016784668,61.43000030517578,60.619998931884766,60.65999984741211,208600,12653675.968170166
2016-07-18 00:00:00,60.689998626708984,60.689998626708984,60.0099983215332,60.36000061035156,126700,7647612.077331543
2016-07-19 00:00:00,60.41999816894531,61.54999923706055,59.470001220703125,59.5,98700,5872650.0
2016-07-20 00:00:00,59.54999923706055,60.099998474121094,58.86000061035156,59.75,74500,4451375.0
2016-07-21 00:00:00,59.65999984741211,59.72999954223633,58.88999938964844,59.29999923706055,94400,5597919.927978516
2016-07-22 00:00:00,59.25,59.81999969482422,58.470001220703125,59.41999816894531,113100,6720401.792907715
2016-07-25 00:00:00,59.25,59.25,58.16999816894531,58.63999938964844,110500,6479719.932556152
2016-07-26 00:00:00,58.560001373291016,59.68000030517578,58.36000061035156,59.41999816894531,100100,5947941.816711426
2016-07-27 00:00:00,59.279998779296875,60.130001068115234,59.279998779296875,60.099998474121094,94200,5661419.856262207
2016-07-28 00:00:00,60.220001220703125,61.060001373291016,59.58000183105469,59.709999084472656,63700,3803526.941680908
2016-07-29 00:00:00,59.470001220703125,59.59000015258789,58.41999816894531,59.470001220703125,130400,7754888.1591796875
2016-08-01 00:00:00,59.470001220703125,60.97999954223633,59.470001220703125,60.7400016784668,193500,11753190.324783325
2016-08-02 00:00:00,60.61000061035156,61.029998779296875,60.04999923706055,60.54999923706055,138100,8361954.8946380615
2016-08-03 00:00:00,60.29999923706055,61.09000015258789,60.29999923706055,60.720001220703125,128000,7772160.15625
2016-08-04 00:00:00,60.66999816894531,61.939998626708984,60.66999816894531,61.45000076293945,140800,8652160.107421875
2016-08-05 00:00:00,61.790000915527344,67.1500015258789,61.2599983215332,61.849998474121094,194900,12054564.702606201
2016-08-08 00:00:00,62.060001373291016,62.459999084472656,60.459999084472656,60.75,116900,7101675.0
2016-08-09 00:00:00,60.95000076293945,60.95000076293945,60.33000183105469,60.349998474121094,102900,6210014.842987061
2016-08-10 00:00:00,60.15999984741211,62.310001373291016,59.7599983215332,61.209999084472656,196000,11997159.82055664
2016-08-11 00:00:00,61.130001068115234,61.369998931884766,61.02000045776367,61.16999816894531,106600,6520721.80480957
2016-08-12 00:00:00,61.33000183105469,61.77000045776367,60.97999954223633,61.459999084472656,210800,12955767.807006836
2016-08-15 00:00:00,61.369998931884766,62.59000015258789,61.369998931884766,62.36000061035156,109500,6828420.066833496
2016-08-16 00:00:00,62.31999969482422,62.31999969482422,60.529998779296875,60.650001525878906,196900,11941985.300445557
2016-08-17 00:00:00,65.80000305175781,69.48999786376953,65.0,68.2300033569336,748400,51063334.5123291
2016-08-18 00:00:00,68.04000091552734,68.73999786376953,67.16000366210938,67.98999786376953,236300,16066036.49520874
2016-08-19 00:00:00,68.05999755859375,68.80000305175781,67.1500015258789,68.45999908447266,142300,9741857.869720459
2016-08-22 00:00:00,68.01000213623047,68.94000244140625,67.9000015258789,68.47000122070312,110900,7593323.135375977
2016-08-23 00:00:00,68.16999816894531,69.19000244140625,68.06999969482422,68.43000030517578,106400,7280952.032470703
2016-08-24 00:00:00,68.1500015258789,68.7699966430664,68.05999755859375,68.43000030517578,122000,8348460.037231445
2016-08-25 00:00:00,68.3499984741211,68.94999694824219,67.79000091552734,68.43000030517578,115500,7903665.035247803
2016-08-26 00:00:00,68.2300033569336,69.11000061035156,67.58000183105469,67.66000366210938,70800,4790328.259277344
2016-08-29 00:00:00,67.52999877929688,68.06999969482422,67.5199966430664,67.72000122070312,77600,5255072.0947265625
2016-08-30 00:00:00,67.6500015258789,68.66000366210938,67.6500015258789,68.23999786376953,141700,9669607.697296143
2016-08-31 00:00:00,68.19999694824219,68.45999908447266,66.91000366210938,67.05999755859375,116500,7812489.715576172
2016-09-01 00:00:00,67.3499984741211,67.69999694824219,66.80000305175781,67.55000305175781,100600,6795530.307006836
2016-09-02 00:00:00,67.69000244140625,68.4000015258789,67.04000091552734,68.37000274658203,112800,7712136.309814453
2016-09-06 00:00:00,68.5,68.5,66.70999908447266,67.08000183105469,110000,7378800.201416016
2016-09-07 00:00:00,67.2699966430664,68.1500015258789,66.88999938964844,67.01000213623047,99800,6687598.213195801
2016-09-08 00:00:00,67.4800033569336,67.4800033569336,66.55000305175781,66.83999633789062,104700,6998147.616577148
2016-09-09 00:00:00,66.20999908447266,66.61000061035156,64.16999816894531,64.19000244140625,180900,11611971.44165039
2016-09-12 00:00:00,64.0,65.36000061035156,63.90999984741211,65.33000183105469,125600,8205448.229980469
2016-09-13 00:00:00,65.33999633789062,65.93000030517578,64.31999969482422,64.37000274658203,125900,8104183.345794678
2016-09-14 00:00:00,64.2300033569336,64.33000183105469,62.220001220703125,62.79999923706055,340300,21370839.740371704
2016-09-15 00:00:00,62.66999816894531,63.75,62.66999816894531,63.33000183105469,140800,8916864.2578125
2016-09-16 00:00:00,63.20000076293945,64.0,62.689998626708984,63.43000030517578,319000,20234170.097351074
2016-09-19 00:00:00,63.43000030517578,65.52999877929688,63.43000030517578,65.11000061035156,145400,9466994.088745117
2016-09-20 00:00:00,65.18000030517578,66.05000305175781,65.0,65.44000244140625,150200,9829088.366699219
2016-09-21 00:00:00,65.58000183105469,66.1500015258789,64.7699966430664,65.56999969482422,128700,8438858.960723877
2016-09-22 00:00:00,66.16999816894531,66.25,65.13999938964844,66.0999984741211,113000,7469299.827575684
2016-09-23 00:00:00,66.0999984741211,66.31999969482422,65.43000030517578,65.45999908447266,117100,7665365.892791748
2016-09-26 00:00:00,64.98999786376953,65.73999786376953,64.44000244140625,64.54000091552734,82400,5318096.075439453
2016-09-27 00:00:00,64.58000183105469,64.95999908447266,64.4000015258789,64.63999938964844,108300,7000511.933898926
2016-09-28 00:00:00,64.94999694824219,65.22000122070312,64.23999786376953,64.76000213623047,149500,9681620.319366455
2016-09-29 00:00:00,65.68000030517578,65.68000030517578,63.849998474121094,64.48999786376953,132000,8512679.718017578
2016-09-30 00:00:00,64.5199966430664,65.55000305175781,64.01000213623047,65.37999725341797,149200,9754695.590209961
2016-10-03 00:00:00,65.18000030517578,67.1500015258789,65.0,66.5199966430664,142300,9465795.52230835
2016-10-04 00:00:00,66.5199966430664,66.73999786376953,65.55999755859375,65.98999786376953,137200,9053827.70690918
2016-10-05 00:00:00,65.87999725341797,67.41000366210938,65.87999725341797,67.22000122070312,194400,13067568.237304688
2016-10-06 00:00:00,67.08999633789062,67.44999694824219,66.43000030517578,67.16000366210938,107000,7186120.391845703
2016-10-07 00:00:00,66.97000122070312,67.19999694824219,66.0999984741211,66.44999694824219,163500,10864574.501037598
2016-10-10 00:00:00,66.58000183105469,67.41000366210938,66.41999816894531,67.1500015258789,106000,7117900.161743164
2016-10-11 00:00:00,67.2300033569336,67.2300033569336,66.08000183105469,66.9800033569336,124300,8325614.417266846
2016-10-12 00:00:00,67.0,67.47000122070312,66.72000122070312,67.02999877929688,102100,6843762.875366211
2016-10-13 00:00:00,66.55000305175781,67.0,65.87999725341797,66.41000366210938,164700,10937727.603149414
2016-10-14 00:00:00,66.4000015258789,67.05999755859375,66.11000061035156,66.62999725341797,112600,7502537.690734863
2016-10-17 00:00:00,66.56999969482422,66.62000274658203,65.80000305175781,66.25,111700,7400125.0
2016-10-18 00:00:00,66.62000274658203,66.62999725341797,65.2300033569336,65.86000061035156,183600,12091896.112060547
2016-10-19 00:00:00,66.05999755859375,66.20999908447266,65.20999908447266,66.20999908447266,75800,5018717.930603027
2016-10-20 00:00:00,65.83999633789062,66.43000030517578,65.81999969482422,66.22000122070312,62000,4105640.0756835938
2016-10-21 00:00:00,65.7699966430664,66.37999725341797,65.62999725341797,66.25,71500,4736875.0
2016-10-24 00:00:00,66.87999725341797,68.19999694824219,66.69999694824219,67.44999694824219,109800,7406009.664916992
2016-10-25 00:00:00,67.66999816894531,67.70999908447266,66.29000091552734,67.16999816894531,71500,4802654.86907959
2016-10-26 00:00:00,67.11000061035156,67.45999908447266,66.05000305175781,66.58999633789062,154200,10268177.435302734
2016-10-27 00:00:00,67.04000091552734,67.06999969482422,66.04000091552734,66.33999633789062,264000,17513759.033203125
2016-10-28 00:00:00,74.94000244140625,74.94000244140625,70.80000305175781,72.26000213623047,594900,42987475.270843506
2016-10-31 00:00:00,72.43000030517578,72.43000030517578,70.0,70.12999725341797,231900,16263146.363067627
2016-11-01 00:00:00,69.91999816894531,70.73999786376953,67.38999938964844,68.47000122070312,285100,19520797.34802246
2016-11-02 00:00:00,68.2300033569336,68.79000091552734,67.37000274658203,67.5199966430664,356400,24064126.803588867
2016-11-03 00:00:00,67.87000274658203,67.87000274658203,66.68000030517578,66.69999694824219,105200,7016839.678955078
2016-11-04 00:00:00,67.04000091552734,67.2300033569336,66.11000061035156,66.18000030517578,231100,15294198.070526123
2016-11-07 00:00:00,67.5,68.95999908447266,66.55000305175781,67.86000061035156,424100,28779426.258850098
2016-11-08 00:00:00,67.76000213623047,68.13999938964844,67.16999816894531,67.63999938964844,712400,48186735.56518555
2016-11-09 00:00:00,66.56999969482422,71.8499984741211,66.0,70.27999877929688,2154800,151439341.3696289
2016-11-10 00:00:00,71.93000030517578,73.3499984741211,71.36000061035156,72.83000183105469,689000,50179871.26159668
2016-11-11 00:00:00,72.54000091552734,75.81999969482422,72.54000091552734,75.02999877929688,1599800,120032992.04711914
2016-11-14 00:00:00,75.5,77.55999755859375,75.43000030517578,76.44999694824219,560100,42819643.29071045
2016-11-15 00:00:00,76.04000091552734,77.0999984741211,74.41999816894531,75.01000213623047,705900,52949560.50796509
2016-11-16 00:00:00,75.68000030517578,78.44999694824219,75.68000030517578,76.69999694824219,387900,29751928.816223145
2016-11-17 00:00:00,76.75,77.20999908447266,74.97000122070312,75.47000122070312,182900,13803463.223266602
2016-11-18 00:00:00,75.4000015258789,75.81999969482422,74.69999694824219,75.51000213623047,129700,9793647.277069092
2016-11-21 00:00:00,75.5,76.01000213623047,74.66000366210938,75.4800033569336,141500,10680420.475006104
2016-11-22 00:00:00,75.61000061035156,76.83999633789062,75.0999984741211,76.66000366210938,201000,15408660.736083984
2016-11-23 00:00:00,76.76000213623047,78.4800033569336,75.08999633789062,78.04000091552734,320000,24972800.29296875
2016-11-25 00:00:00,77.8499984741211,78.16999816894531,77.25,78.0,181900,14188200.0
2016-11-28 00:00:00,77.7699966430664,78.1500015258789,76.19000244140625,76.55999755859375,191500,14661239.532470703
2016-11-29 00:00:00,76.31999969482422,76.80999755859375,75.83999633789062,76.12999725341797,125500,9554314.655303955
2016-11-30 00:00:00,76.26000213623047,76.83000183105469,75.37999725341797,75.69999694824219,113700,8607089.653015137
2016-12-01 00:00:00,75.63999938964844,76.0,73.93000030517578,74.16999816894531,154900,11488932.716369629
2016-12-02 00:00:00,74.31999969482422,75.06999969482422,74.08000183105469,74.87000274658203,80900,6056983.222198486
2016-12-05 00:00:00,75.55000305175781,76.05999755859375,74.86000061035156,75.94000244140625,191400,14534916.467285156
2016-12-06 00:00:00,75.51000213623047,76.72000122070312,74.8499984741211,76.44999694824219,168400,12874179.486083984
2016-12-07 00:00:00,75.83000183105469,77.16000366210938,74.58000183105469,76.08000183105469,230700,17551656.422424316
2016-12-08 00:00:00,75.87000274658203,77.26000213623047,75.20999908447266,76.94999694824219,230800,17760059.295654297
2016-12-09 00:00:00,77.36000061035156,78.86000061035156,77.05000305175781,78.16999816894531,170500,13327984.687805176
2016-12-12 00:00:00,78.2699966430664,78.58000183105469,76.2699966430664,76.48999786376953,262800,20101571.438598633
2016-12-13 00:00:00,76.55999755859375,77.86000061035156,75.58999633789062,75.83999633789062,178200,13514687.34741211
2016-12-14 00:00:00,75.4800033569336,76.54000091552734,74.81999969482422,75.56999969482422,239500,18099014.9269104
2016-12-15 00:00:00,75.38999938964844,76.45999908447266,75.05000305175781,75.7300033569336,170500,12911965.572357178
2016-12-16 00:00:00,76.04000091552734,76.58999633789062,75.2300033569336,75.58000183105469,815600,61643049.4934082
2016-12-19 00:00:00,75.31999969482422,76.23999786376953,75.08999633789062,75.5,163800,12366900.0
2016-12-20 00:00:00,75.48999786376953,76.19999694824219,74.58000183105469,75.9800033569336,208600,15849428.700256348
2016-12-21 00:00:00,76.19999694824219,77.79000091552734,75.98999786376953,77.26000213623047,167500,12941050.357818604
2016-12-22 00:00:00,77.08999633789062,77.52999877929688,74.80000305175781,75.30999755859375,127300,9586962.689208984
2016-12-23 00:00:00,75.5,75.63999938964844,74.5999984741211,75.62000274658203,105200,7955224.28894043
2016-12-27 00:00:00,75.3499984741211,76.88999938964844,75.19999694824219,76.12999725341797,77700,5915300.786590576
2016-12-28 00:00:00,76.2699966430664,76.2699966430664,74.86000061035156,76.01000213623047,121200,9212412.258911133
2016-12-29 00:00:00,75.87999725341797,76.1500015258789,75.41000366210938,75.9800033569336,100600,7643588.3377075195
2016-12-30 00:00:00,76.37000274658203,76.37000274658203,74.83000183105469,76.12000274658203,131100,9979332.360076904
2017-01-03 00:00:00,76.37999725341797,76.83000183105469,75.19000244140625,75.87999725341797,177200,13445935.513305664
2017-01-04 00:00:00,76.01000213623047,77.47000122070312,75.5,77.36000061035156,235500,18218280.143737793
2017-01-05 00:00:00,77.33999633789062,77.9000015258789,76.58999633789062,77.26000213623047,186600,14416716.398620605
2017-01-06 00:00:00,77.58999633789062,77.66000366210938,76.0,76.04000091552734,189900,14439996.173858643
2017-01-09 00:00:00,76.0,77.9800033569336,76.0,77.27999877929688,242600,18748127.703857422
2017-01-10 00:00:00,77.22000122070312,77.81999969482422,75.93000030517578,76.44999694824219,241400,18455029.263305664
2017-01-11 00:00:00,76.6500015258789,77.9000015258789,74.05000305175781,74.16999816894531,256100,18994936.531066895
2017-01-12 00:00:00,73.91000366210938,73.91000366210938,70.86000061035156,71.02999877929688,309100,21955372.622680664
2017-01-13 00:00:00,71.0999984741211,73.0,71.01000213623047,72.36000061035156,238900,17286804.14581299
2017-01-17 00:00:00,72.0999984741211,72.56999969482422,71.2300033569336,72.12000274658203,261100,18830532.71713257
2017-01-18 00:00:00,72.16000366210938,73.05000305175781,70.76000213623047,71.1500015258789,457600,32558240.698242188
2017-01-19 00:00:00,70.97000122070312,71.16000366210938,70.04000091552734,70.20999908447266,167200,11739111.846923828
2017-01-20 00:00:00,69.88999938964844,71.11000061035156,69.44999694824219,70.7300033569336,140500,9937565.47164917
2017-01-23 00:00:00,70.79000091552734,73.05000305175781,70.79000091552734,71.55000305175781,271200,19404360.82763672
2017-01-24 00:00:00,71.93000030517578,74.01000213623047,70.87999725341797,73.76000213623047,197600,14574976.42211914
2017-01-25 00:00:00,74.27999877929688,75.30000305175781,73.8499984741211,74.87000274658203,223800,16755906.614685059
2017-01-26 00:00:00,74.73999786376953,74.87000274658203,73.0999984741211,73.62999725341797,253600,18672567.303466797
2017-01-27 00:00:00,76.69999694824219,81.55000305175781,75.29000091552734,77.37999725341797,708500,54823728.05404663
2017-01-30 00:00:00,77.0999984741211,77.0999984741211,73.48999786376953,74.9000015258789,326500,24454850.498199463
2017-01-31 00:00:00,74.5999984741211,75.33000183105469,74.2300033569336,74.66999816894531,224300,16748480.589294434
2017-02-01 00:00:00,75.19999694824219,75.62999725341797,73.62000274658203,74.6500015258789,139200,10391280.212402344
2017-02-02 00:00:00,74.58000183105469,74.91999816894531,73.66999816894531,74.58999633789062,169800,12665381.378173828
2017-02-03 00:00:00,75.0,75.25,74.31999969482422,75.05999755859375,166800,12520007.592773438
2017-02-06 00:00:00,74.77999877929688,75.25,74.44000244140625,74.77999877929688,271000,20265379.669189453
2017-02-07 00:00:00,74.80000305175781,75.44000244140625,73.76000213623047,74.72000122070312,156400,11686208.190917969
2017-02-08 00:00:00,74.47000122070312,75.86000061035156,73.77999877929688,75.66000366210938,197500,14942850.723266602
2017-02-09 00:00:00,75.55999755859375,76.6500015258789,75.36000061035156,76.55999755859375,124800,9554687.6953125
2017-02-10 00:00:00,76.81999969482422,77.2300033569336,75.80999755859375,76.62999725341797,114200,8751145.686340332
2017-02-13 00:00:00,77.19000244140625,77.54000091552734,76.16999816894531,76.37999725341797,88200,6736715.757751465
2017-02-14 00:00:00,75.93000030517578,77.0999984741211,75.5999984741211,76.7300033569336,78100,5992613.262176514
2017-02-15 00:00:00,76.79000091552734,77.80000305175781,76.7300033569336,77.58999633789062,198700,15417132.272338867
2017-02-16 00:00:00,77.6500015258789,79.4800033569336,76.72000122070312,78.30000305175781,1024100,80187033.12530518
2017-02-17 00:00:00,78.31999969482422,78.37000274658203,77.3499984741211,77.36000061035156,196700,15216712.120056152
2017-02-21 00:00:00,77.08000183105469,77.86000061035156,76.76000213623047,77.69000244140625,124300,9656867.303466797
2017-02-22 00:00:00,77.44000244140625,77.79000091552734,76.73999786376953,77.18000030517578,98300,7586794.029998779
2017-02-23 00:00:00,77.19999694824219,77.36000061035156,76.30000305175781,77.13999938964844,159800,12326971.90246582
2017-02-24 00:00:00,76.61000061035156,77.58000183105469,76.61000061035156,77.18000030517578,154900,11955182.047271729
2017-02-27 00:00:00,77.27999877929688,77.30000305175781,76.30000305175781,76.58999633789062,194900,14927390.286254883
2017-02-28 00:00:00,76.6500015258789,77.4800033569336,75.22000122070312,75.41999816894531,140000,10558799.743652344
2017-03-01 00:00:00,76.25,76.61000061035156,75.19999694824219,75.70999908447266,156500,11848614.85671997
2017-03-02 00:00:00,75.69999694824219,76.30000305175781,74.63999938964844,74.91000366210938,145400,10891914.532470703
2017-03-03 00:00:00,74.62999725341797,74.73999786376953,72.30000305175781,72.93000030517578,253500,18487755.07736206
2017-03-06 00:00:00,72.4000015258789,73.27999877929688,72.22000122070312,72.58000183105469,132100,9587818.241882324
2017-03-07 00:00:00,72.6500015258789,73.04000091552734,72.38999938964844,72.55999755859375,179000,12988239.562988281
2017-03-08 00:00:00,72.58000183105469,73.5199966430664,72.29000091552734,72.79000091552734,111100,8086969.101715088
2017-03-09 00:00:00,72.62999725341797,73.08000183105469,71.56999969482422,71.62999725341797,90500,6482514.751434326
2017-03-10 00:00:00,71.94999694824219,72.31999969482422,71.45999908447266,71.94999694824219,71500,5144424.781799316
2017-03-13 00:00:00,71.5999984741211,73.20999908447266,71.55999755859375,73.1500015258789,203600,14893340.310668945
2017-03-14 00:00:00,72.86000061035156,73.9800033569336,72.11000061035156,73.31999969482422,394100,28895411.879730225
2017-03-15 00:00:00,73.4000015258789,73.51000213623047,72.3499984741211,72.63999938964844,155400,11288255.905151367
2017-03-16 00:00:00,72.76000213623047,72.97000122070312,72.1500015258789,72.2699966430664,77400,5593697.74017334
2017-03-17 00:00:00,72.0,73.04000091552734,71.55000305175781,72.93000030517578,196900,14359917.060089111
2017-03-20 00:00:00,73.01000213623047,73.26000213623047,72.08999633789062,73.22000122070312,155200,11363744.189453125
2017-03-21 00:00:00,73.43000030517578,73.7300033569336,70.79000091552734,71.0,154500,10969500.0
2017-03-22 00:00:00,70.76000213623047,71.45999908447266,70.0,70.62999725341797,230900,16308466.365814209
2017-03-23 00:00:00,70.54000091552734,72.0199966430664,70.44000244140625,71.37999725341797,150200,10721275.587463379
2017-03-24 00:00:00,71.5,72.37000274658203,71.2300033569336,71.61000061035156,119800,8578878.073120117
2017-03-27 00:00:00,70.94999694824219,72.79000091552734,70.23999786376953,72.4800033569336,219400,15902112.73651123
2017-03-28 00:00:00,72.23999786376953,73.26000213623047,71.69999694824219,73.18000030517578,160700,11760026.049041748
2017-03-29 00:00:00,72.87999725341797,73.11000061035156,71.5199966430664,72.83999633789062,75900,5528555.722045898
2017-03-30 00:00:00,72.80000305175781,73.37999725341797,72.7699966430664,73.0999984741211,146100,10679909.777069092
2017-03-31 00:00:00,73.01000213623047,74.23999786376953,72.97000122070312,72.98999786376953,200700,14649092.571258545
2017-04-03 00:00:00,73.04000091552734,74.23999786376953,71.27999877929688,71.38999938964844,165500,11815044.898986816
2017-04-04 00:00:00,71.44999694824219,72.80999755859375,70.91000366210938,71.41999816894531,143100,10220201.737976074
2017-04-05 00:00:00,71.7699966430664,71.97000122070312,70.25,70.27999877929688,132200,9291015.838623047
2017-04-06 00:00:00,70.5,70.5,69.76000213623047,70.38999938964844,100700,7088272.938537598
2017-04-07 00:00:00,70.12000274658203,70.12000274658203,69.45999908447266,69.80000305175781,171400,11963720.523071289
2017-04-10 00:00:00,69.4800033569336,70.83000183105469,69.4800033569336,70.08999633789062,84700,5936622.689819336
2017-04-11 00:00:00,69.86000061035156,70.43000030517578,69.08000183105469,70.1500015258789,125100,8775765.190887451
2017-04-12 00:00:00,70.58999633789062,72.47000122070312,70.19999694824219,70.91999816894531,381900,27084347.300720215
2017-04-13 00:00:00,70.73999786376953,71.66999816894531,70.52999877929688,71.02999877929688,146000,10370379.821777344
2017-04-17 00:00:00,71.27999877929688,71.41999816894531,70.45999908447266,71.08000183105469,82400,5856992.150878906
2017-04-18 00:00:00,71.0,71.58000183105469,70.52999877929688,71.08000183105469,87400,6212392.16003418
2017-04-19 00:00:00,71.4000015258789,72.01000213623047,71.13999938964844,71.75,113100,8114925.0
2017-04-20 00:00:00,71.83999633789062,72.9800033569336,71.7699966430664,72.4800033569336,122700,8893296.411895752
2017-04-21 00:00:00,72.37000274658203,72.37000274658203,71.48999786376953,71.63999938964844,105200,7536527.935791016
2017-04-24 00:00:00,72.55999755859375,73.0999984741211,70.5199966430664,72.2699966430664,273400,19758617.082214355
2017-04-25 00:00:00,72.94000244140625,73.69000244140625,71.8499984741211,71.9000015258789,292300,21016370.446014404
2017-04-26 00:00:00,71.5999984741211,72.19000244140625,70.58999633789062,70.9000015258789,326700,23163030.49850464
2017-04-27 00:00:00,72.31999969482422,78.4000015258789,71.62999725341797,78.12999725341797,944600,73801595.40557861
2017-04-28 00:00:00,78.30000305175781,78.33000183105469,77.04000091552734,77.4000015258789,391500,30302100.59738159
2017-05-01 00:00:00,77.54000091552734,79.2699966430664,76.08999633789062,78.66000366210938,309900,24376735.134887695
2017-05-02 00:00:00,78.80999755859375,79.2699966430664,77.76000213623047,78.19000244140625,225700,17647483.55102539
2017-05-03 00:00:00,78.05000305175781,78.79000091552734,77.16999816894531,77.30000305175781,168300,13009590.51361084
2017-05-04 00:00:00,77.30999755859375,77.9000015258789,76.58999633789062,77.6500015258789,173800,13495570.265197754
2017-05-05 00:00:00,77.94999694824219,78.54000091552734,77.16999816894531,78.37000274658203,92600,7257062.254333496
2017-05-08 00:00:00,78.19000244140625,78.87000274658203,77.5199966430664,78.5999984741211,119500,9392699.81765747
2017-05-09 00:00:00,78.69999694824219,78.98999786376953,77.87999725341797,78.37000274658203,97400,7633238.26751709
2017-05-10 00:00:00,78.91999816894531,79.80999755859375,78.11000061035156,79.2699966430664,111700,8854458.625030518
2017-05-11 00:00:00,78.94999694824219,79.31999969482422,78.44999694824219,78.87999725341797,88000,6941439.758300781
2017-05-12 00:00:00,78.61000061035156,78.7699966430664,77.52999877929688,77.54000091552734,98900,7668706.090545654
2017-05-15 00:00:00,77.87000274658203,78.56999969482422,77.62999725341797,78.16999816894531,186900,14609972.657775879
2017-05-16 00:00:00,78.44000244140625,78.62999725341797,77.63999938964844,78.0,121300,9461400.0
2017-05-17 00:00:00,77.31999969482422,77.68000030517578,76.48999786376953,76.87000274658203,138300,10631121.379852295
2017-05-18 00:00:00,76.80999755859375,77.5199966430664,76.52999877929688,76.58999633789062,108900,8340650.601196289
2017-05-19 00:00:00,76.80999755859375,77.63999938964844,75.11000061035156,77.01000213623047,132200,10180722.282409668
2017-05-22 00:00:00,77.19000244140625,77.66000366210938,77.0,77.58000183105469,51100,3964338.0935668945
2017-05-23 00:00:00,77.97000122070312,78.11000061035156,77.22000122070312,77.5999984741211,60800,4718079.9072265625
2017-05-24 00:00:00,77.73999786376953,78.48999786376953,77.37999725341797,78.12000274658203,147700,11538324.405670166
2017-05-25 00:00:00,78.23999786376953,80.81999969482422,78.04000091552734,80.2699966430664,149400,11992337.498474121
2017-05-26 00:00:00,80.87000274658203,80.87999725341797,79.5,79.5999984741211,60100,4783959.908294678
2017-05-30 00:00:00,79.55000305175781,79.98999786376953,79.0999984741211,79.22000122070312,92700,7343694.11315918
2017-05-31 00:00:00,79.4000015258789,79.4000015258789,78.2300033569336,79.19000244140625,77400,6129306.188964844
2017-06-01 00:00:00,79.5199966430664,80.55999755859375,78.37000274658203,80.20999908447266,157000,12592969.856262207
2017-06-02 00:00:00,80.58000183105469,82.26000213623047,80.51000213623047,81.80000305175781,141200,11550160.430908203
2017-06-05 00:00:00,81.43000030517578,81.72000122070312,80.31999969482422,80.37000274658203,93500,7514595.25680542
2017-06-06 00:00:00,80.20999908447266,80.66999816894531,79.6500015258789,79.70999908447266,136200,10856501.875305176
2017-06-07 00:00:00,79.58999633789062,80.08000183105469,78.31999969482422,78.38999938964844,111000,8701289.932250977
2017-06-08 00:00:00,78.16000366210938,78.91000366210938,77.58000183105469,78.66999816894531,191700,15081038.648986816
2017-06-09 00:00:00,78.69999694824219,79.9000015258789,78.27999877929688,78.91999816894531,103500,8168219.81048584
2017-06-12 00:00:00,78.55000305175781,78.86000061035156,77.61000061035156,78.51000213623047,93300,7324983.199310303
2017-06-13 00:00:00,78.69000244140625,78.94999694824219,77.63999938964844,77.73999786376953,66200,5146387.858581543
2017-06-14 00:00:00,77.72000122070312,77.80000305175781,76.05000305175781,76.0999984741211,147600,11232359.774780273
2017-06-15 00:00:00,75.36000061035156,75.80000305175781,74.58000183105469,75.19999694824219,136600,10272319.583129883
2017-06-16 00:00:00,74.80000305175781,75.31999969482422,74.52999877929688,74.87999725341797,364700,27308734.998321533
2017-06-19 00:00:00,75.1500015258789,75.51000213623047,74.79000091552734,74.88999938964844,127700,9563452.922058105
2017-06-20 00:00:00,74.6500015258789,75.22000122070312,72.91000366210938,73.11000061035156,141300,10330443.086242676
2017-06-21 00:00:00,73.16999816894531,75.80999755859375,72.43000030517578,73.20999908447266,199400,14598073.817443848
2017-06-22 00:00:00,73.0999984741211,74.83999633789062,72.0999984741211,73.66000366210938,161800,11918188.592529297
2017-06-23 00:00:00,73.62000274658203,74.91000366210938,73.08000183105469,74.30000305175781,713200,52990762.17651367
2017-06-26 00:00:00,74.68000030517578,75.12000274658203,74.0,74.7300033569336,113300,8466909.380340576
2017-06-27 00:00:00,74.83999633789062,75.02999877929688,73.77999877929688,74.0,123700,9153800.0
2017-06-28 00:00:00,74.54000091552734,75.51000213623047,73.77999877929688,75.2300033569336,96100,7229603.322601318
2017-06-29 00:00:00,75.5,75.7699966430664,74.37999725341797,75.0,136900,10267500.0
2017-06-30 00:00:00,75.30999755859375,76.44000244140625,74.73999786376953,75.1500015258789,139700,10498455.213165283
2017-07-03 00:00:00,75.48999786376953,77.11000061035156,75.27999877929688,76.26000213623047,116200,8861412.24822998
2017-07-05 00:00:00,76.26000213623047,77.16999816894531,75.56999969482422,76.0999984741211,119200,9071119.818115234
2017-07-06 00:00:00,75.61000061035156,75.69000244140625,74.95999908447266,75.05999755859375,154900,11626793.621826172
2017-07-07 00:00:00,75.3499984741211,76.83999633789062,75.19999694824219,76.62999725341797,196400,15050131.460571289
2017-07-10 00:00:00,76.37999725341797,76.80000305175781,75.45999908447266,76.25,92500,7053125.0
2017-07-11 00:00:00,76.44000244140625,77.4000015258789,76.36000061035156,76.66000366210938,134300,10295438.491821289
2017-07-12 00:00:00,77.23999786376953,78.33999633789062,76.69999694824219,77.7300033569336,176500,13719345.59249878
2017-07-13 00:00:00,77.72000122070312,78.4000015258789,76.86000061035156,77.97000122070312,186000,14502420.227050781
2017-07-14 00:00:00,77.7300033569336,78.62999725341797,77.44999694824219,78.26000213623047,99000,7747740.211486816
2017-07-17 00:00:00,78.25,78.55000305175781,77.0999984741211,78.02999877929688,69100,5391872.915649414
2017-07-18 00:00:00,77.66000366210938,78.08999633789062,77.0,77.4800033569336,83400,6461832.279968262
2017-07-19 00:00:00,77.5199966430664,78.76000213623047,77.4800033569336,78.5999984741211,59500,4676699.909210205
2017-07-20 00:00:00,78.4800033569336,79.33000183105469,78.41000366210938,78.91000366210938,60700,4789837.222290039
2017-07-21 00:00:00,79.16999816894531,79.16999816894531,78.4000015258789,78.56999969482422,59700,4690628.981781006
2017-07-24 00:00:00,78.5,79.62999725341797,78.5,79.37000274658203,80300,6373411.220550537
2017-07-25 00:00:00,80.0,80.05999755859375,79.61000061035156,79.98999786376953,71900,5751280.846405029
2017-07-26 00:00:00,80.25,80.25,79.31999969482422,79.9000015258789,57800,4618220.088195801
2017-07-27 00:00:00,80.25,80.52999877929688,78.37000274658203,79.58999633789062,97500,7760024.642944336
2017-07-28 00:00:00,79.16000366210938,80.19999694824219,78.83999633789062,79.61000061035156,69700,5548817.042541504
2017-07-31 00:00:00,79.5999984741211,80.86000061035156,79.08999633789062,79.97000122070312,156300,12499311.190795898
2017-08-01 00:00:00,80.41999816894531,81.51000213623047,79.94000244140625,80.72000122070312,69900,5642328.085327148
2017-08-02 00:00:00,80.83999633789062,80.83999633789062,78.6500015258789,78.87999725341797,86000,6783679.763793945
2017-08-03 00:00:00,78.87000274658203,79.38999938964844,78.58000183105469,79.12000274658203,46200,3655344.12689209
2017-08-04 00:00:00,79.13999938964844,79.76000213623047,79.01000213623047,79.30000305175781,41800,3314740.1275634766
2017-08-07 00:00:00,79.27999877929688,80.2699966430664,79.06999969482422,79.87999725341797,37100,2963547.8981018066
2017-08-08 00:00:00,80.01000213623047,81.0999984741211,79.23999786376953,79.3499984741211,40600,3221609.9380493164
2017-08-09 00:00:00,79.11000061035156,80.29000091552734,78.45999908447266,79.5999984741211,121900,9703239.813995361
2017-08-10 00:00:00,79.8499984741211,81.44000244140625,79.66999816894531,80.5999984741211,97400,7850439.8513793945
2017-08-11 00:00:00,80.97000122070312,81.30000305175781,79.58999633789062,80.9800033569336,91400,7401572.3068237305
2017-08-14 00:00:00,81.54000091552734,82.23999786376953,80.79000091552734,82.11000061035156,137800,11314758.084106445
2017-08-15 00:00:00,82.2300033569336,83.54000091552734,81.4000015258789,81.56999969482422,215200,17553863.934326172
2017-08-16 00:00:00,81.41000366210938,81.91999816894531,79.87000274658203,80.13999938964844,76500,6130709.9533081055
2017-08-17 00:00:00,80.06999969482422,80.26000213623047,78.72000122070312,78.8499984741211,111500,8791774.829864502
2017-08-18 00:00:00,78.47000122070312,79.30000305175781,78.08999633789062,78.43000030517578,78300,6141069.023895264
2017-08-21 00:00:00,78.4800033569336,78.6500015258789,77.54000091552734,78.37000274658203,71900,5634803.197479248
2017-08-22 00:00:00,78.66000366210938,79.76000213623047,78.51000213623047,78.95999908447266,114600,9048815.895080566
2017-08-23 00:00:00,79.04000091552734,79.38999938964844,78.04000091552734,78.7699966430664,199900,15746122.328948975
2017-08-24 00:00:00,78.61000061035156,79.5999984741211,78.5199966430664,79.2300033569336,179400,14213862.602233887
2017-08-25 00:00:00,81.87999725341797,86.13999938964844,80.58999633789062,83.83000183105469,806300,67592130.4763794
2017-08-28 00:00:00,83.98999786376953,84.05000305175781,81.66000366210938,82.95999908447266,327300,27152807.7003479
2017-08-29 00:00:00,82.88999938964844,84.45999908447266,82.44000244140625,83.68000030517578,203400,17020512.062072754
2017-08-30 00:00:00,83.12000274658203,83.8499984741211,82.1500015258789,83.18000030517578,201700,16777406.061553955
2017-08-31 00:00:00,83.08999633789062,84.19000244140625,82.94000244140625,83.05999755859375,117700,9776161.712646484
2017-09-01 00:00:00,83.62000274658203,84.0999984741211,82.9800033569336,83.44999694824219,96300,8036234.706115723
2017-09-05 00:00:00,83.12000274658203,83.94999694824219,82.33999633789062,83.5199966430664,165800,13847615.44342041
2017-09-06 00:00:00,83.94000244140625,83.94999694824219,82.77999877929688,83.61000061035156,112900,9439569.068908691
2017-09-07 00:00:00,83.88999938964844,83.88999938964844,82.6500015258789,83.41000366210938,136100,11352101.498413086
2017-09-08 00:00:00,83.88999938964844,83.88999938964844,81.95999908447266,82.38999938964844,127400,10496485.922241211
2017-09-11 00:00:00,82.45999908447266,82.87999725341797,81.55000305175781,81.95999908447266,153500,12580859.859466553
2017-09-12 00:00:00,82.27999877929688,83.08000183105469,81.0999984741211,82.77999877929688,103500,8567729.873657227
2017-09-13 00:00:00,82.5,83.0199966430664,82.23999786376953,82.52999877929688,91800,7576253.887939453
2017-09-14 00:00:00,82.37000274658203,83.11000061035156,82.0199966430664,82.98999786376953,96800,8033431.793212891
2017-09-15 00:00:00,83.0,84.5,82.38999938964844,84.2699966430664,168400,14191067.434692383
2017-09-18 00:00:00,84.30000305175781,85.87000274658203,83.69000244140625,85.58999633789062,141600,12119543.481445312
2017-09-19 00:00:00,85.44999694824219,86.58999633789062,85.44999694824219,86.16000366210938,146100,12587976.53503418
2017-09-20 00:00:00,86.47000122070312,86.87999725341797,85.41000366210938,86.48999786376953,73100,6322418.843841553
2017-09-21 00:00:00,86.2699966430664,87.05000305175781,83.9000015258789,86.75,64600,5604050.0
2017-09-22 00:00:00,86.80000305175781,87.91000366210938,85.97000122070312,86.88999938964844,68500,5951964.958190918
2017-09-25 00:00:00,86.58999633789062,86.91000366210938,85.4000015258789,85.80999755859375,89600,7688575.78125
2017-09-26 00:00:00,86.29000091552734,88.58000183105469,86.19000244140625,87.98999786376953,144800,12740951.690673828
2017-09-27 00:00:00,88.47000122070312,92.02999877929688,87.75,90.61000061035156,218200,19771102.13317871
2017-09-28 00:00:00,90.58000183105469,91.33000183105469,90.04000091552734,90.73999786376953,131900,11968605.718231201
2017-09-29 00:00:00,90.75,92.33999633789062,90.18000030517578,91.37000274658203,150400,13742048.413085938
2017-10-02 00:00:00,91.88999938964844,92.16999816894531,90.97000122070312,92.11000061035156,188700,17381157.11517334
2017-10-03 00:00:00,92.97000122070312,93.55999755859375,91.08999633789062,92.51000213623047,157900,14607329.337310791
2017-10-04 00:00:00,93.0,93.5,92.11000061035156,92.94000244140625,102100,9489174.249267578
2017-10-05 00:00:00,93.56999969482422,93.73999786376953,93.0199966430664,93.37999725341797,145800,13614803.59954834
2017-10-06 00:00:00,93.55000305175781,96.08000183105469,93.4000015258789,95.66999816894531,242400,23190407.556152344
2017-10-09 00:00:00,96.44000244140625,96.62999725341797,95.1500015258789,95.5,184000,17572000.0
2017-10-10 00:00:00,95.62999725341797,95.94999694824219,94.12999725341797,95.20999908447266,175000,16661749.839782715
2017-10-11 00:00:00,95.80000305175781,96.22000122070312,95.12000274658203,95.31999969482422,146000,13916719.955444336
2017-10-12 00:00:00,95.19999694824219,96.33000183105469,95.04000091552734,95.76000213623047,189200,18117792.404174805
2017-10-13 00:00:00,96.2699966430664,96.63999938964844,95.25,95.43000030517578,140700,13427001.042938232
2017-10-16 00:00:00,95.33999633789062,96.4800033569336,95.0,95.3499984741211,87700,8362194.86618042
2017-10-17 00:00:00,95.5,95.94999694824219,94.02999877929688,94.47000122070312,214600,20273262.26196289
2017-10-18 00:00:00,94.8499984741211,95.19000244140625,94.01000213623047,94.80000305175781,123300,11688840.376281738
2017-10-19 00:00:00,94.30999755859375,94.58999633789062,93.13999938964844,93.73999786376953,182000,17060679.611206055
2017-10-20 00:00:00,94.37000274658203,95.01000213623047,93.62999725341797,93.83000183105469,117200,10996876.21459961
2017-10-23 00:00:00,94.0,94.3499984741211,92.41000366210938,92.51000213623047,141100,13053161.30142212
2017-10-24 00:00:00,93.05000305175781,93.70999908447266,91.62999725341797,92.01000213623047,251100,23103711.53640747
2017-10-25 00:00:00,91.61000061035156,91.94999694824219,89.72000122070312,91.25,183100,16707875.0
2017-10-26 00:00:00,91.81999969482422,92.37999725341797,89.27999877929688,91.43000030517578,246700,22555781.075286865
2017-10-27 00:00:00,94.30999755859375,95.88999938964844,83.69999694824219,91.23999786376953,460900,42052515.01541138
2017-10-30 00:00:00,90.5999984741211,90.95999908447266,86.91999816894531,88.0999984741211,218500,19249849.66659546
2017-10-31 00:00:00,88.25,89.4800033569336,87.79000091552734,88.37999725341797,225000,19885499.382019043
2017-11-01 00:00:00,88.94000244140625,89.43000030517578,87.81999969482422,88.58000183105469,203400,18017172.372436523
2017-11-02 00:00:00,89.06999969482422,90.30999755859375,88.1500015258789,89.83000183105469,134600,12091118.246459961
2017-11-03 00:00:00,89.51000213623047,90.20999908447266,89.29000091552734,89.88999938964844,117600,10571063.928222656
2017-11-06 00:00:00,89.58999633789062,91.37000274658203,89.44999694824219,90.75,117500,10663125.0
2017-11-07 00:00:00,90.63999938964844,90.63999938964844,88.5199966430664,89.04000091552734,129700,11548488.118743896
2017-11-08 00:00:00,89.0999984741211,90.44000244140625,88.41000366210938,90.19999694824219,131300,11843259.5993042
2017-11-09 00:00:00,89.5999984741211,90.66000366210938,89.4800033569336,89.9000015258789,135200,12154480.206298828
2017-11-10 00:00:00,90.0,91.0,89.5999984741211,90.29000091552734,103200,9317928.094482422
2017-11-13 00:00:00,89.87000274658203,91.2300033569336,89.87000274658203,90.69999694824219,101500,9206049.690246582
2017-11-14 00:00:00,90.36000061035156,91.04000091552734,89.87999725341797,90.48999786376953,161700,14632232.654571533
2017-11-15 00:00:00,90.05999755859375,90.05999755859375,88.68000030517578,88.93000030517578,103300,9186469.031524658
2017-11-16 00:00:00,89.26000213623047,91.44999694824219,88.86000061035156,90.55999755859375,200000,18111999.51171875
2017-11-17 00:00:00,90.47000122070312,90.94000244140625,89.91000366210938,90.41000366210938,223200,20179512.817382812
2017-11-20 00:00:00,90.45999908447266,90.68000030517578,89.61000061035156,89.98999786376953,163900,14749360.649871826
2017-11-21 00:00:00,90.36000061035156,90.86000061035156,89.55999755859375,90.05999755859375,141700,12761501.654052734
2017-11-22 00:00:00,90.04000091552734,90.44999694824219,88.88999938964844,88.95999908447266,118100,10506175.89187622
2017-11-24 00:00:00,89.1500015258789,89.3499984741211,88.58000183105469,88.83000183105469,50800,4512564.093017578
2017-11-27 00:00:00,89.0,89.37000274658203,87.48999786376953,88.76000213623047,233300,20707708.49838257
2017-11-28 00:00:00,88.9000015258789,89.5999984741211,86.6500015258789,88.31999969482422,199500,17619839.93911743
2017-11-29 00:00:00,88.20999908447266,88.63999938964844,86.69999694824219,86.91000366210938,171300,14887683.627319336
2017-11-30 00:00:00,87.3499984741211,87.3499984741211,86.30999755859375,86.66000366210938,210000,18198600.76904297
2017-12-01 00:00:00,86.63999938964844,86.76000213623047,84.20999908447266,84.5,223500,18885750.0
2017-12-04 00:00:00,85.26000213623047,87.19000244140625,83.80000305175781,83.80000305175781,139800,11715240.426635742
2017-12-05 00:00:00,84.01000213623047,84.8499984741211,83.72000122070312,84.06999969482422,89600,7532671.97265625
2017-12-06 00:00:00,83.87000274658203,85.23999786376953,53.79999923706055,59.52000045776367,10596800,630721540.8508301
2017-12-07 00:00:00,65.19999694824219,66.0,62.650001525878906,64.12999725341797,2938500,188445996.9291687
2017-12-08 00:00:00,64.25,68.5,64.05000305175781,68.41999816894531,838600,57377010.46447754
2017-12-11 00:00:00,68.20999908447266,68.69000244140625,65.16000366210938,66.43000030517578,701400,46594002.21405029
2017-12-12 00:00:00,66.16000366210938,67.44999694824219,65.27999877929688,67.0999984741211,314000,21069399.520874023
2017-12-13 00:00:00,66.9000015258789,68.44000244140625,65.72000122070312,66.37999725341797,412700,27395024.866485596
2017-12-14 00:00:00,66.4000015258789,67.19000244140625,64.94999694824219,65.19000244140625,289300,18859467.706298828
2017-12-15 00:00:00,65.41000366210938,66.73999786376953,65.41000366210938,65.7699966430664,639300,42046758.85391235
2017-12-18 00:00:00,66.0999984741211,67.66999816894531,66.0199966430664,67.30000305175781,401000,26987301.223754883
2017-12-19 00:00:00,67.25,67.5199966430664,66.20999908447266,66.4800033569336,315500,20974441.05911255
2017-12-20 00:00:00,66.91000366210938,67.16000366210938,65.8499984741211,66.4800033569336,211600,14067168.710327148
2017-12-21 00:00:00,66.56999969482422,66.87999725341797,66.05999755859375,66.69999694824219,388700,25926288.81378174
2017-12-22 00:00:00,66.83999633789062,66.83999633789062,65.58000183105469,65.91000366210938,345700,22785088.26599121
2017-12-26 00:00:00,65.58000183105469,65.83000183105469,64.0999984741211,64.4800033569336,210100,13547248.705291748
2017-12-27 00:00:00,64.5,64.83999633789062,63.84000015258789,64.19000244140625,294100,18878279.718017578
2017-12-28 00:00:00,64.0999984741211,64.69999694824219,62.0,63.91999816894531,458000,29275359.161376953
2017-12-29 00:00:00,64.29000091552734,65.01000213623047,64.0,64.37999725341797,311200,20035055.145263672
2018-01-02 00:00:00,64.8499984741211,65.83000183105469,63.41999816894531,65.12000274658203,173700,11311344.477081299
2018-01-03 00:00:00,65.33000183105469,65.88999938964844,65.19000244140625,65.6500015258789,231400,15191410.353088379
2018-01-04 00:00:00,65.80999755859375,66.37999725341797,65.04000091552734,66.20999908447266,256400,16976243.76525879
2018-01-05 00:00:00,66.26000213623047,66.7300033569336,65.75,66.68000030517578,164200,10948856.050109863
2018-01-08 00:00:00,66.38999938964844,66.81999969482422,65.44999694824219,66.20999908447266,286000,18936059.73815918
2018-01-09 00:00:00,66.19999694824219,66.33999633789062,64.69000244140625,64.77999877929688,296500,19207269.638061523
2018-01-10 00:00:00,64.94999694824219,67.66999816894531,63.66999816894531,67.20999908447266,470700,31635746.56906128
2018-01-11 00:00:00,67.2699966430664,67.95999908447266,66.52999877929688,67.48999786376953,292700,19754322.37472534
2018-01-12 00:00:00,67.62999725341797,68.22000122070312,66.61000061035156,67.68000030517578,214100,14490288.065338135
2018-01-16 00:00:00,71.98999786376953,73.27999877929688,70.18000030517578,71.66999816894531,1137700,81538956.91680908
2018-01-17 00:00:00,71.86000061035156,72.94000244140625,69.16999816894531,69.31999969482422,706200,48953783.78448486
2018-01-18 00:00:00,69.25,69.76000213623047,67.4000015258789,68.16000366210938,315900,21531745.15686035
2018-01-19 00:00:00,68.05000305175781,68.7300033569336,67.87999725341797,68.52999877929688,191100,13096082.766723633
2018-01-22 00:00:00,68.3499984741211,68.91999816894531,67.4000015258789,68.88999938964844,243600,16781603.85131836
2018-01-23 00:00:00,68.55999755859375,68.76000213623047,67.23999786376953,67.52999877929688,286800,19367603.649902344
2018-01-24 00:00:00,67.55000305175781,68.20999908447266,66.25,66.56999969482422,248900,16569272.924041748
2018-01-25 00:00:00,66.69999694824219,67.87000274658203,66.0,67.37999725341797,287100,19344797.2114563
2018-01-26 00:00:00,67.87999725341797,68.01000213623047,67.13999938964844,67.33999633789062,234800,15811431.140136719
2018-01-29 00:00:00,67.0999984741211,67.44000244140625,66.44999694824219,66.58000183105469,383000,25500140.701293945
2018-01-30 00:00:00,66.05999755859375,66.56999969482422,65.69000244140625,66.31999969482422,281300,18655815.914154053
2018-01-31 00:00:00,66.63999938964844,66.87000274658203,64.80999755859375,66.08000183105469,626600,41405729.14733887
2018-02-01 00:00:00,65.83999633789062,66.97000122070312,64.47000122070312,66.5999984741211,546500,36396899.16610718
2018-02-02 00:00:00,54.68000030517578,56.7400016784668,50.5,54.599998474121094,3294200,179863314.9734497
2018-02-05 00:00:00,54.08000183105469,56.40999984741211,54.0099983215332,55.20000076293945,969700,53527440.73982239
2018-02-06 00:00:00,55.220001220703125,59.20000076293945,54.119998931884766,58.220001220703125,721100,41982442.88024902
2018-02-07 00:00:00,57.939998626708984,61.25,57.77000045776367,59.91999816894531,678500,40655718.757629395
2018-02-08 00:00:00,59.83000183105469,60.84000015258789,57.65999984741211,57.70000076293945,675700,38987890.51551819
2018-02-09 00:00:00,59.029998779296875,60.77000045776367,57.599998474121094,58.90999984741211,661800,38986637.899017334
2018-02-12 00:00:00,58.939998626708984,60.33000183105469,57.810001373291016,60.029998779296875,372200,22343165.545654297
2018-02-13 00:00:00,59.619998931884766,60.11000061035156,59.439998626708984,59.779998779296875,296700,17736725.637817383
2018-02-14 00:00:00,59.34000015258789,60.970001220703125,58.86000061035156,60.45000076293945,245700,14852565.187454224
2018-02-15 00:00:00,60.900001525878906,62.0099983215332,60.45000076293945,61.959999084472656,309100,19151835.717010498
2018-02-16 00:00:00,61.709999084472656,63.369998931884766,61.2400016784668,63.08000183105469,596500,37627221.09222412
2018-02-20 00:00:00,63.029998779296875,64.08000183105469,62.18000030517578,63.11000061035156,187200,11814192.114257812
2018-02-21 00:00:00,63.31999969482422,65.55000305175781,63.099998474121094,64.0,295600,18918400.0
2018-02-22 00:00:00,64.16000366210938,64.73999786376953,63.209999084472656,63.4900016784668,379900,24119851.637649536
2018-02-23 00:00:00,63.91999816894531,64.2699966430664,63.279998779296875,64.04000091552734,231300,14812452.211761475
2018-02-26 00:00:00,64.02999877929688,64.94999694824219,63.650001525878906,64.41999816894531,221100,14243261.595153809
2018-02-27 00:00:00,64.4800033569336,65.0,64.12999725341797,64.27999877929688,287500,18480499.64904785
2018-02-28 00:00:00,64.72000122070312,64.72000122070312,63.130001068115234,63.13999938964844,145900,9212125.910949707
2018-03-01 00:00:00,63.33000183105469,63.75,61.58000183105469,62.150001525878906,209400,13014210.319519043
2018-03-02 00:00:00,61.529998779296875,63.56999969482422,61.5099983215332,63.33000183105469,297300,18828009.54437256
2018-03-05 00:00:00,63.0099983215332,64.36000061035156,62.65999984741211,63.9900016784668,419100,26818209.703445435
2018-03-06 00:00:00,64.62999725341797,65.7699966430664,64.0,65.55000305175781,319700,20956335.975646973
2018-03-07 00:00:00,65.48999786376953,67.83000183105469,65.48999786376953,67.0999984741211,264100,17721109.59701538
2018-03-08 00:00:00,67.0999984741211,67.61000061035156,66.38999938964844,67.08000183105469,154100,10337028.282165527
2018-03-09 00:00:00,67.63999938964844,69.0,67.13999938964844,68.45999908447266,303000,20743379.722595215
2018-03-12 00:00:00,68.73999786376953,69.38999938964844,67.76000213623047,68.19000244140625,180300,12294657.440185547
2018-03-13 00:00:00,68.44000244140625,69.2699966430664,67.54000091552734,67.7300033569336,106500,7213245.357513428
2018-03-14 00:00:00,67.9800033569336,68.06999969482422,67.0,67.30999755859375,154100,10372470.623779297
2018-03-15 00:00:00,67.29000091552734,68.13999938964844,66.63999938964844,66.72000122070312,138200,9220704.168701172
2018-03-16 00:00:00,66.72000122070312,67.94999694824219,66.52999877929688,67.66999816894531,249700,16897198.542785645
2018-03-19 00:00:00,67.4000015258789,67.52999877929688,65.80999755859375,66.83999633789062,241700,16155227.114868164
2018-03-20 00:00:00,66.94000244140625,67.48999786376953,66.94000244140625,67.23999786376953,125600,8445343.731689453
2018-03-21 00:00:00,67.26000213623047,68.2300033569336,67.08999633789062,67.47000122070312,93200,6288204.113769531
2018-03-22 00:00:00,66.91999816894531,68.18000030517578,65.22000122070312,65.23999786376953,439400,28666455.061340332
2018-03-23 00:00:00,65.41000366210938,65.8499984741211,64.19999694824219,64.37999725341797,196600,12657107.460021973
2018-03-26 00:00:00,65.45999908447266,65.45999908447266,63.779998779296875,64.91000366210938,212900,13819339.779663086
2018-03-27 00:00:00,65.27999877929688,65.27999877929688,63.4900016784668,63.70000076293945,187700,11956490.143203735
2018-03-28 00:00:00,63.68000030517578,64.12000274658203,61.5099983215332,63.61000061035156,140200,8918122.085571289
2018-03-29 00:00:00,63.93000030517578,66.06999969482422,63.630001068115234,65.2699966430664,131400,8576477.558898926
2018-04-02 00:00:00,62.41999816894531,64.87999725341797,61.720001220703125,62.0,164400,10192800.0
2018-04-03 00:00:00,62.369998931884766,64.47000122070312,61.95000076293945,64.33000183105469,167600,10781708.306884766
2018-04-04 00:00:00,63.29999923706055,63.93000030517578,62.40999984741211,63.650001525878906,167000,10629550.254821777
2018-04-05 00:00:00,64.2300033569336,64.79000091552734,63.65999984741211,64.37999725341797,119100,7667657.67288208
2018-04-06 00:00:00,63.75,64.98999786376953,62.369998931884766,63.040000915527344,149800,9443392.137145996
2018-04-09 00:00:00,63.29999923706055,64.30000305175781,62.900001525878906,62.959999084472656,80200,5049391.926574707
2018-04-10 00:00:00,63.72999954223633,64.83000183105469,63.189998626708984,64.5,104100,6714450.0
2018-04-11 00:00:00,64.16999816894531,65.69999694824219,63.83000183105469,65.20999908447266,103500,6749234.90524292
2018-04-12 00:00:00,65.44999694824219,66.45999908447266,65.16999816894531,66.33999633789062,87500,5804749.67956543
2018-04-13 00:00:00,66.69000244140625,66.69000244140625,65.33999633789062,66.41999816894531,84000,5579279.846191406
2018-04-16 00:00:00,66.7699966430664,67.93000030517578,66.26000213623047,67.11000061035156,142700,9576597.087097168
2018-04-17 00:00:00,67.44000244140625,69.04000091552734,66.08000183105469,68.80999755859375,166400,11449983.59375
2018-04-18 00:00:00,68.98999786376953,68.98999786376953,68.0999984741211,68.83000183105469,177000,12182910.32409668
2018-04-19 00:00:00,68.41000366210938,68.70999908447266,67.62999725341797,67.81999969482422,94900,6436117.971038818
2018-04-20 00:00:00,67.81999969482422,68.33999633789062,66.87999725341797,68.18000030517578,75900,5174862.023162842
2018-04-23 00:00:00,68.66000366210938,69.5999984741211,67.9000015258789,68.22000122070312,90600,6180732.110595703
2018-04-24 00:00:00,68.5199966430664,68.68000030517578,66.98999786376953,67.69999694824219,59300,4014609.8190307617
2018-04-25 00:00:00,67.83000183105469,68.2300033569336,66.8499984741211,67.68000030517578,83500,5651280.025482178
2018-04-26 00:00:00,67.75,68.95999908447266,67.27999877929688,67.95999908447266,155100,10540595.858001709
2018-04-27 00:00:00,70.5,70.5,62.20000076293945,63.599998474121094,506400,32207039.227294922
2018-04-30 00:00:00,63.529998779296875,64.5999984741211,63.529998779296875,64.0199966430664,228800,14647775.231933594
2018-05-01 00:00:00,63.720001220703125,66.23999786376953,63.0,65.98999786376953,173900,11475660.628509521
2018-05-02 00:00:00,66.16000366210938,67.1500015258789,66.16000366210938,66.44000244140625,111300,7394772.271728516
2018-05-03 00:00:00,66.2300033569336,66.3499984741211,65.12999725341797,65.72000122070312,98700,6486564.120483398
2018-05-04 00:00:00,65.56999969482422,67.66999816894531,65.38999938964844,67.30999755859375,111100,7478140.728759766
2018-05-07 00:00:00,67.55999755859375,68.41999816894531,67.12000274658203,67.45999908447266,136900,9235273.874664307
2018-05-08 00:00:00,67.37000274658203,68.12000274658203,67.0199966430664,68.04000091552734,127600,8681904.116821289
2018-05-09 00:00:00,68.29000091552734,69.58999633789062,67.36000061035156,68.66000366210938,149200,10244072.546386719
2018-05-10 00:00:00,68.87999725341797,69.51000213623047,68.7300033569336,69.12999725341797,70200,4852925.807189941
2018-05-11 00:00:00,69.4000015258789,69.94999694824219,68.6500015258789,69.12000274658203,124900,8633088.343048096
2018-05-14 00:00:00,69.12999725341797,70.30000305175781,68.30999755859375,68.44999694824219,96800,6625959.704589844
2018-05-15 00:00:00,68.2699966430664,68.94000244140625,67.12999725341797,67.4000015258789,154300,10399820.235443115
2018-05-16 00:00:00,67.70999908447266,68.0,67.37000274658203,67.66000366210938,119900,8112434.439086914
2018-05-17 00:00:00,67.83000183105469,68.47000122070312,67.48999786376953,67.72000122070312,94000,6365680.114746094
2018-05-18 00:00:00,67.66000366210938,68.1500015258789,67.0199966430664,67.6500015258789,67900,4593435.103607178
2018-05-21 00:00:00,67.94000244140625,68.55000305175781,67.44000244140625,67.61000061035156,125900,8512099.076843262
2018-05-22 00:00:00,67.8499984741211,68.37000274658203,67.19999694824219,67.38999938964844,124800,8410271.923828125
2018-05-23 00:00:00,67.0,68.12000274658203,66.69999694824219,67.91000366210938,220800,14994528.80859375
2018-05-24 00:00:00,67.91999816894531,68.33999633789062,67.02999877929688,67.94000244140625,100400,6821176.2451171875
2018-05-25 00:00:00,67.76000213623047,68.20999908447266,67.29000091552734,67.93000030517578,73900,5020027.02255249
2018-05-29 00:00:00,67.44999694824219,68.47000122070312,67.44999694824219,68.22000122070312,161200,10997064.196777344
2018-05-30 00:00:00,68.43000030517578,70.04000091552734,67.81999969482422,69.33000183105469,103300,7161789.189147949
2018-05-31 00:00:00,69.36000061035156,69.70999908447266,68.38999938964844,68.58000183105469,78200,5362956.143188477
2018-06-01 00:00:00,69.05000305175781,70.47000122070312,68.7699966430664,69.83999633789062,129600,9051263.525390625
2018-06-04 00:00:00,70.05000305175781,72.41000366210938,69.94000244140625,72.11000061035156,202000,14566220.123291016
2018-06-05 00:00:00,72.08999633789062,72.9800033569336,69.38999938964844,72.80000305175781,131500,9573200.401306152
2018-06-06 00:00:00,73.0,73.3499984741211,71.11000061035156,73.01000213623047,82400,6016024.176025391
2018-06-07 00:00:00,73.0,73.25,72.56999969482422,72.62000274658203,90300,6557586.248016357
2018-06-08 00:00:00,72.5199966430664,73.69999694824219,72.0,73.58000183105469,111700,8218886.204528809
2018-06-11 00:00:00,73.41000366210938,74.91999816894531,73.22000122070312,74.5999984741211,162100,12092659.75265503
2018-06-12 00:00:00,74.69000244140625,75.04000091552734,72.94000244140625,74.97000122070312,136900,10263393.167114258
2018-06-13 00:00:00,75.05000305175781,75.75,74.19999694824219,75.36000061035156,132600,9992736.080932617
2018-06-14 00:00:00,75.76000213623047,76.72000122070312,73.9000015258789,76.62999725341797,179200,13732095.5078125
2018-06-15 00:00:00,76.58000183105469,77.55000305175781,75.58999633789062,77.19999694824219,306600,23669519.064331055
2018-06-18 00:00:00,76.8499984741211,79.98999786376953,76.12999725341797,78.31999969482422,264500,20715639.919281006
2018-06-19 00:00:00,77.80000305175781,79.05999755859375,76.5999984741211,78.43000030517578,220200,17270286.067199707
2018-06-20 00:00:00,78.87999725341797,80.19000244140625,78.0,79.87000274658203,194100,15502767.533111572
2018-06-21 00:00:00,76.56999969482422,79.58999633789062,76.56999969482422,78.93000030517578,179300,14152149.054718018
2018-06-22 00:00:00,79.0,79.0,77.12000274658203,77.22000122070312,617000,47644740.75317383
2018-06-25 00:00:00,76.93000030517578,78.33999633789062,74.75,76.9800033569336,190100,14633898.638153076
2018-06-26 00:00:00,77.19000244140625,79.36000061035156,76.37000274658203,78.25,190200,14883150.0
2018-06-27 00:00:00,78.0199966430664,78.72000122070312,77.55999755859375,77.98999786376953,161700,12610982.654571533
2018-06-28 00:00:00,77.7699966430664,78.22000122070312,77.2699966430664,77.87000274658203,157100,12233377.431488037
2018-06-29 00:00:00,78.4800033569336,78.97000122070312,77.26000213623047,77.33000183105469,131700,10184361.241149902
2018-07-02 00:00:00,76.88999938964844,78.02999877929688,76.25,77.93000030517578,82700,6444811.025238037
2018-07-03 00:00:00,78.13999938964844,78.77999877929688,77.91999816894531,78.18000030517578,27500,2149950.008392334
2018-07-05 00:00:00,78.5199966430664,79.30000305175781,78.20999908447266,78.66999816894531,83300,6553210.8474731445
2018-07-06 00:00:00,78.68000030517578,79.41000366210938,78.45999908447266,78.58999633789062,84900,6672290.689086914
2018-07-09 00:00:00,79.04000091552734,79.27999877929688,77.37000274658203,78.7300033569336,240500,18934565.80734253
2018-07-10 00:00:00,78.58000183105469,79.1500015258789,77.5199966430664,78.11000061035156,87100,6803381.053161621
2018-07-11 00:00:00,77.69999694824219,78.30999755859375,76.44999694824219,76.56999969482422,97600,7473231.970214844
2018-07-12 00:00:00,76.97000122070312,77.2300033569336,76.2300033569336,77.05999755859375,148700,11458821.63696289
2018-07-13 00:00:00,76.9000015258789,77.97000122070312,76.61000061035156,77.26000213623047,113400,8761284.242248535
2018-07-16 00:00:00,77.31999969482422,78.36000061035156,76.66000366210938,77.0999984741211,134600,10377659.7946167
2018-07-17 00:00:00,76.91000366210938,78.52999877929688,76.79000091552734,78.19999694824219,89300,6983259.727478027
2018-07-18 00:00:00,78.19999694824219,78.83000183105469,78.0,78.5,63800,5008300.0
2018-07-19 00:00:00,78.37000274658203,78.6500015258789,77.13999938964844,77.62000274658203,152200,11813764.418029785
2018-07-20 00:00:00,77.69000244140625,78.6500015258789,77.04000091552734,78.12999725341797,142400,11125711.608886719
2018-07-23 00:00:00,78.12000274658203,78.8499984741211,77.5,78.4000015258789,91400,7165760.139465332
2018-07-24 00:00:00,78.69000244140625,79.41000366210938,75.95999908447266,76.76000213623047,150300,11537028.32107544
2018-07-25 00:00:00,76.76000213623047,78.16000366210938,76.63999938964844,77.72000122070312,72300,5619156.088256836
2018-07-26 00:00:00,77.70999908447266,79.08000183105469,77.63999938964844,78.13999938964844,71900,5618265.956115723
2018-07-27 00:00:00,78.13999938964844,78.76000213623047,76.48999786376953,77.0999984741211,61300,4726229.906463623
2018-07-30 00:00:00,77.0999984741211,77.93000030517578,76.69000244140625,77.23999786376953,78700,6078787.831878662
2018-07-31 00:00:00,77.36000061035156,79.77999877929688,77.36000061035156,79.76000213623047,138300,11030808.295440674
2018-08-01 00:00:00,79.76000213623047,79.76000213623047,77.0,77.37000274658203,84100,6506817.230987549
2018-08-02 00:00:00,77.05999755859375,79.45999908447266,77.05999755859375,79.16999816894531,86400,6840287.841796875
2018-08-03 00:00:00,79.19999694824219,79.5999984741211,77.95999908447266,78.91000366210938,55500,4379505.20324707
2018-08-06 00:00:00,78.91000366210938,80.19000244140625,78.91000366210938,79.61000061035156,68800,5477168.0419921875
2018-08-07 00:00:00,79.73999786376953,81.29000091552734,79.45999908447266,79.88999938964844,85000,6790649.948120117
2018-08-08 00:00:00,80.05999755859375,80.9800033569336,79.05000305175781,79.91999816894531,74100,5922071.864318848
2018-08-09 00:00:00,80.0199966430664,81.70999908447266,79.3499984741211,80.6500015258789,142100,11460365.216827393
2018-08-10 00:00:00,80.26000213623047,81.93000030517578,79.05999755859375,79.3499984741211,106200,8426969.83795166
2018-08-13 00:00:00,79.33999633789062,79.6500015258789,78.29000091552734,78.70999908447266,52000,4092919.952392578
2018-08-14 00:00:00,78.80000305175781,79.76000213623047,78.4800033569336,79.36000061035156,150900,11975424.09210205
2018-08-15 00:00:00,79.05999755859375,79.23999786376953,76.97000122070312,78.0,185600,14476800.0
2018-08-16 00:00:00,78.19999694824219,78.6500015258789,77.69999694824219,77.9000015258789,95400,7431660.145568848
2018-08-17 00:00:00,78.04000091552734,78.04000091552734,76.44999694824219,77.58000183105469,114300,8867394.20928955
2018-08-20 00:00:00,77.58000183105469,78.86000061035156,77.1500015258789,77.73999786376953,151600,11785383.676147461
2018-08-21 00:00:00,79.0199966430664,79.0199966430664,77.75,78.66999816894531,303700,23892078.44390869
2018-08-22 00:00:00,78.68000030517578,79.66000366210938,76.27999877929688,76.69999694824219,154800,11873159.52758789
2018-08-23 00:00:00,76.45999908447266,77.9000015258789,75.36000061035156,77.16000366210938,210700,16257612.771606445
2018-08-24 00:00:00,82.94000244140625,82.94000244140625,74.91999816894531,76.62999725341797,386400,29609830.938720703
2018-08-27 00:00:00,77.05999755859375,79.01000213623047,77.01000213623047,77.94999694824219,147400,11489829.550170898
2018-08-28 00:00:00,78.19000244140625,78.4800033569336,76.5199966430664,77.01000213623047,92400,7115724.197387695
2018-08-29 00:00:00,77.5199966430664,77.95999908447266,76.81999969482422,77.2699966430664,156600,12100481.4743042
2018-08-30 00:00:00,77.0999984741211,78.51000213623047,76.5999984741211,78.51000213623047,89000,6987390.190124512
2018-08-31 00:00:00,78.18000030517578,78.23999786376953,76.81999969482422,77.88999938964844,108500,8451064.933776855
2018-09-04 00:00:00,77.7699966430664,77.7699966430664,76.55000305175781,77.36000061035156,83400,6451824.05090332
2018-09-05 00:00:00,76.86000061035156,77.27999877929688,75.91999816894531,76.9800033569336,97500,7505550.327301025
2018-09-06 00:00:00,77.06999969482422,77.37999725341797,76.12999725341797,76.27999877929688,118000,9001039.855957031
2018-09-07 00:00:00,76.16999816894531,77.05000305175781,75.95999908447266,76.86000061035156,119400,9177084.072875977
2018-09-10 00:00:00,76.94999694824219,77.66000366210938,73.69999694824219,74.41999816894531,259900,19341757.524108887
2018-09-11 00:00:00,74.19999694824219,75.69999694824219,74.13999938964844,75.05999755859375,123000,9232379.699707031
2018-09-12 00:00:00,74.98999786376953,75.81999969482422,74.0,75.41000366210938,119800,9034118.438720703
2018-09-13 00:00:00,75.69000244140625,76.37000274658203,75.33000183105469,75.63999938964844,76700,5801587.953186035
2018-09-14 00:00:00,75.62999725341797,76.93000030517578,75.2699966430664,75.88999938964844,63900,4849370.960998535
2018-09-17 00:00:00,76.80000305175781,77.31999969482422,75.7699966430664,76.01000213623047,114200,8680342.24395752
2018-09-18 00:00:00,76.01000213623047,76.45999908447266,75.66999816894531,76.08000183105469,82900,6307032.151794434
2018-09-19 00:00:00,76.18000030517578,76.95999908447266,76.0,76.58999633789062,108900,8340650.601196289
2018-09-20 00:00:00,76.98999786376953,77.94999694824219,76.26000213623047,77.69000244140625,106100,8242909.259033203
2018-09-21 00:00:00,77.94000244140625,78.73999786376953,77.27999877929688,78.31999969482422,195800,15335055.940246582
2018-09-24 00:00:00,78.13999938964844,78.31999969482422,76.83000183105469,77.98999786376953,82800,6457571.823120117
2018-09-25 00:00:00,78.0,78.44999694824219,76.9800033569336,77.1500015258789,50400,3888360.076904297
2018-09-26 00:00:00,77.37999725341797,77.37999725341797,75.9000015258789,76.08000183105469,74100,5637528.135681152
2018-09-27 00:00:00,76.31999969482422,77.12000274658203,75.88999938964844,76.2699966430664,78900,6017702.735137939
2018-09-28 00:00:00,76.19999694824219,77.52999877929688,76.1500015258789,76.30999755859375,52100,3975750.8728027344
2018-10-01 00:00:00,76.75,76.91000366210938,75.02999877929688,75.22000122070312,83100,6250782.10144043
2018-10-02 00:00:00,75.1500015258789,75.7699966430664,74.16999816894531,74.31999969482422,77500,5759799.976348877
2018-10-03 00:00:00,74.62000274658203,74.91999816894531,73.76000213623047,74.66000366210938,49600,3703136.181640625
2018-10-04 00:00:00,74.37000274658203,75.26000213623047,73.1500015258789,73.48999786376953,74000,5438259.841918945
2018-10-05 00:00:00,73.52999877929688,73.83000183105469,71.70999908447266,72.68000030517578,116800,8489024.035644531
2018-10-08 00:00:00,72.66999816894531,72.68000030517578,71.16999816894531,71.9800033569336,66000,4750680.221557617
2018-10-09 00:00:00,71.95999908447266,72.41000366210938,71.0999984741211,71.68000030517578,67200,4816896.0205078125
2018-10-10 00:00:00,71.61000061035156,72.11000061035156,69.66999816894531,69.69000244140625,114000,7944660.2783203125
2018-10-11 00:00:00,69.38999938964844,70.8499984741211,68.75,69.30000305175781,164200,11379060.501098633
2018-10-12 00:00:00,70.3499984741211,70.81999969482422,68.56999969482422,69.56999969482422,158200,11005973.951721191
2018-10-15 00:00:00,69.8499984741211,71.72000122070312,69.69999694824219,71.37000274658203,175500,12525435.482025146
2018-10-16 00:00:00,71.61000061035156,73.86000061035156,70.80999755859375,73.62000274658203,112000,8245440.3076171875
2018-10-17 00:00:00,73.48999786376953,73.5999984741211,71.47000122070312,72.20999908447266,62300,4498682.9429626465
2018-10-18 00:00:00,72.01000213623047,73.12999725341797,71.44000244140625,71.66000366210938,66500,4765390.243530273
2018-10-19 00:00:00,71.66000366210938,72.47000122070312,70.30999755859375,70.87000274658203,65200,4620724.179077148
2018-10-22 00:00:00,70.9000015258789,72.94999694824219,70.83999633789062,71.66999816894531,87600,6278291.839599609
2018-10-23 00:00:00,70.81999969482422,72.01000213623047,69.54000091552734,70.62999725341797,82600,5834037.773132324
2018-10-24 00:00:00,70.63999938964844,70.94000244140625,67.43000030517578,67.55999755859375,69000,4661639.831542969
2018-10-25 00:00:00,67.8499984741211,68.80000305175781,67.1500015258789,68.58000183105469,120700,8277606.221008301
2018-10-26 00:00:00,72.41000366210938,72.41000366210938,67.93000030517578,70.9000015258789,156000,11060400.23803711
2018-10-29 00:00:00,71.5999984741211,71.5999984741211,67.2300033569336,68.18000030517578,286600,19540388.08746338
2018-10-30 00:00:00,68.19999694824219,70.19999694824219,67.72000122070312,68.9000015258789,188000,12953200.286865234
2018-10-31 00:00:00,69.69999694824219,69.79000091552734,68.7699966430664,69.16000366210938,128400,8880144.470214844
2018-11-01 00:00:00,69.48999786376953,70.79000091552734,69.16999816894531,69.95999908447266,99000,6926039.909362793
2018-11-02 00:00:00,70.1500015258789,72.4800033569336,69.93000030517578,72.18000030517578,147200,10624896.044921875
2018-11-05 00:00:00,72.27999877929688,72.61000061035156,70.7300033569336,71.94999694824219,140000,10072999.572753906
2018-11-06 00:00:00,71.95999908447266,73.43000030517578,71.55000305175781,73.22000122070312,139900,10243478.170776367
2018-11-07 00:00:00,73.62999725341797,76.18000030517578,72.80999755859375,76.01000213623047,268500,20408685.57357788
2018-11-08 00:00:00,75.77999877929688,76.01000213623047,74.52999877929688,75.02999877929688,101900,7645556.875610352
2018-11-09 00:00:00,74.8499984741211,74.8499984741211,73.77999877929688,74.5199966430664,168100,12526811.435699463
2018-11-12 00:00:00,74.33000183105469,75.05999755859375,73.2300033569336,73.5999984741211,203200,14955519.689941406
2018-11-13 00:00:00,73.66999816894531,74.98999786376953,71.86000061035156,73.94000244140625,119600,8843224.291992188
2018-11-14 00:00:00,74.48999786376953,74.9000015258789,73.05000305175781,73.69000244140625,147200,10847168.359375
2018-11-15 00:00:00,73.16999816894531,75.19999694824219,72.58999633789062,74.61000061035156,106200,7923582.064819336
2018-11-16 00:00:00,74.05000305175781,75.44000244140625,73.62999725341797,74.41999816894531,131300,9771345.75958252
2018-11-19 00:00:00,74.30000305175781,74.69000244140625,72.16999816894531,72.4000015258789,148600,10758640.226745605
2018-11-20 00:00:00,71.5999984741211,72.30000305175781,70.9000015258789,71.48999786376953,220600,15770693.528747559
2018-11-21 00:00:00,72.0199966430664,72.80999755859375,71.41999816894531,72.63999938964844,52900,3842655.9677124023
2018-11-23 00:00:00,72.16000366210938,73.36000061035156,71.68000030517578,72.88999938964844,49900,3637210.969543457
2018-11-26 00:00:00,73.0,74.4800033569336,72.0,72.13999938964844,180000,12985199.890136719
2018-11-27 00:00:00,71.73999786376953,72.41000366210938,71.30999755859375,71.52999877929688,101600,7267447.8759765625
2018-11-28 00:00:00,72.0,72.6500015258789,70.5999984741211,72.05000305175781,121500,8754075.370788574
2018-11-29 00:00:00,72.04000091552734,72.87000274658203,71.08999633789062,72.23999786376953,83400,6024815.821838379
2018-11-30 00:00:00,72.12999725341797,72.81999969482422,71.30999755859375,72.4000015258789,97800,7080720.149230957
2018-12-03 00:00:00,72.97000122070312,72.97000122070312,71.11000061035156,72.19000244140625,169200,12214548.413085938
2018-12-04 00:00:00,71.95999908447266,72.43000030517578,70.2699966430664,70.44999694824219,118200,8327189.639282227
2018-12-06 00:00:00,69.16000366210938,71.80000305175781,68.79000091552734,71.77999877929688,146100,10487057.821655273
2018-12-07 00:00:00,71.81999969482422,73.4000015258789,71.81999969482422,72.66000366210938,220600,16028796.807861328
2018-12-10 00:00:00,72.56999969482422,73.4800033569336,72.18000030517578,73.37000274658203,192700,14138399.529266357
2018-12-11 00:00:00,74.11000061035156,75.5,73.19999694824219,74.2300033569336,250800,18616884.841918945
2018-12-12 00:00:00,74.81999969482422,75.9800033569336,74.22000122070312,74.45999908447266,150100,11176445.862579346
2018-12-13 00:00:00,74.52999877929688,74.83000183105469,73.02999877929688,73.88999938964844,162200,11984957.901000977
2018-12-14 00:00:00,73.22000122070312,74.41000366210938,71.93000030517578,72.5,141800,10280500.0
2018-12-17 00:00:00,72.51000213623047,74.38999938964844,72.02999877929688,72.44000244140625,192800,13966432.470703125
2018-12-18 00:00:00,72.95999908447266,73.5,72.0,72.27999877929688,117300,8478443.856811523
2018-12-19 00:00:00,72.30000305175781,73.3499984741211,71.6500015258789,72.30000305175781,138500,10013550.422668457
2018-12-20 00:00:00,71.9800033569336,73.12999725341797,71.26000213623047,71.75,177400,12728450.0
2018-12-21 00:00:00,71.88999938964844,73.98999786376953,70.01000213623047,70.41999816894531,218300,15372685.600280762
2018-12-24 00:00:00,70.05000305175781,71.04000091552734,68.58000183105469,68.58999633789062,60300,4135976.7791748047
2018-12-26 00:00:00,69.05000305175781,71.62999725341797,68.70999908447266,71.55000305175781,93600,6697080.285644531
2018-12-27 00:00:00,70.87999725341797,72.94000244140625,70.54000091552734,72.80999755859375,79300,5773832.806396484
2018-12-28 00:00:00,73.0,74.29000091552734,71.48999786376953,73.30999755859375,90700,6649216.778564453
2018-12-31 00:00:00,73.43000030517578,73.56999969482422,72.13999938964844,73.30000305175781,93000,6816900.283813477
2019-01-02 00:00:00,72.37999725341797,73.19999694824219,71.13999938964844,71.9000015258789,247000,17759300.37689209
2019-01-03 00:00:00,71.41000366210938,71.69999694824219,70.22000122070312,70.5999984741211,166200,11733719.746398926
2019-01-04 00:00:00,71.19000244140625,72.66000366210938,70.66000366210938,72.54000091552734,93900,6811506.085968018
2019-01-07 00:00:00,72.52999877929688,73.44000244140625,71.9000015258789,72.2300033569336,126300,9122649.423980713
2019-01-08 00:00:00,72.19000244140625,72.41000366210938,70.87000274658203,71.38999938964844,87200,6225207.946777344
2019-01-09 00:00:00,71.56999969482422,73.06999969482422,70.69999694824219,73.02999877929688,142700,10421380.825805664
2019-01-10 00:00:00,72.63999938964844,75.87999725341797,72.37000274658203,75.33999633789062,151400,11406475.44555664
2019-01-11 00:00:00,74.9800033569336,76.69000244140625,74.9800033569336,76.55999755859375,82300,6300887.799072266
2019-01-14 00:00:00,76.12000274658203,76.30000305175781,74.69000244140625,74.95999908447266,62400,4677503.942871094
2019-01-15 00:00:00,75.04000091552734,75.66000366210938,74.19999694824219,75.56999969482422,65300,4934720.9800720215
2019-01-16 00:00:00,75.58000183105469,76.87999725341797,75.12999725341797,76.62000274658203,79500,6091290.2183532715
2019-01-17 00:00:00,76.29000091552734,78.18000030517578,75.58999633789062,77.27999877929688,139100,10749647.830200195
2019-01-18 00:00:00,77.72000122070312,77.91999816894531,76.06999969482422,76.69999694824219,139000,10661299.575805664
2019-01-22 00:00:00,76.41999816894531,76.62000274658203,73.05999755859375,73.77999877929688,231000,17043179.718017578
2019-01-23 00:00:00,74.0,75.4000015258789,73.06999969482422,73.73999786376953,268000,19762319.427490234
2019-01-24 00:00:00,73.69999694824219,76.5,73.4000015258789,75.83999633789062,194100,14720543.28918457
2019-01-25 00:00:00,84.5,86.76000213623047,81.45999908447266,86.05999755859375,1041300,89614275.45776367
2019-01-28 00:00:00,85.98999786376953,88.5999984741211,84.04000091552734,85.98999786376953,378900,32581610.190582275
2019-01-29 00:00:00,85.91000366210938,89.08000183105469,84.9000015258789,88.4800033569336,327400,28968353.09906006
2019-01-30 00:00:00,88.1500015258789,90.33999633789062,87.44000244140625,88.55000305175781,334700,29637686.02142334
2019-01-31 00:00:00,88.55000305175781,90.25,87.75,89.69000244140625,230100,20637669.561767578
2019-02-01 00:00:00,89.75,90.25,88.9000015258789,89.13999938964844,201000,17917139.877319336
2019-02-04 00:00:00,89.13999938964844,89.13999938964844,86.05000305175781,87.37999725341797,279500,24422709.232330322
2019-02-05 00:00:00,87.6500015258789,88.25,87.4800033569336,87.81999969482422,235800,20707955.92803955
2019-02-06 00:00:00,88.13999938964844,88.9800033569336,87.66000366210938,88.16000366210938,315000,27770401.153564453
2019-02-07 00:00:00,87.58999633789062,88.38999938964844,86.88999938964844,86.9800033569336,132700,11542246.445465088
2019-02-08 00:00:00,86.0199966430664,87.56999969482422,85.62000274658203,86.70999908447266,131400,11393693.879699707
2019-02-11 00:00:00,86.94000244140625,87.16000366210938,86.19000244140625,86.58000183105469,148400,12848472.271728516
2019-02-12 00:00:00,86.69000244140625,86.7699966430664,85.5,86.5,138900,12014850.0
2019-02-13 00:00:00,86.63999938964844,88.44999694824219,86.1500015258789,87.8499984741211,162700,14293194.751739502
2019-02-14 00:00:00,87.68000030517578,88.5,87.33000183105469,87.44999694824219,171100,14962694.477844238
2019-02-15 00:00:00,87.86000061035156,88.30000305175781,87.19999694824219,88.2300033569336,138400,12211032.46459961
2019-02-19 00:00:00,87.87000274658203,88.16999816894531,86.69000244140625,87.55000305175781,144500,12650975.440979004
2019-02-20 00:00:00,87.70999908447266,89.18000030517578,87.69999694824219,88.52999877929688,155000,13722149.810791016
2019-02-21 00:00:00,88.5999984741211,89.87999725341797,87.4000015258789,89.79000091552734,185100,16620129.169464111
2019-02-22 00:00:00,90.0,91.19000244140625,89.47000122070312,89.56999969482422,158500,14196844.951629639
2019-02-25 00:00:00,90.16999816894531,90.16999816894531,87.66000366210938,87.73999786376953,151400,13283835.676574707
2019-02-26 00:00:00,87.69999694824219,88.19000244140625,86.72000122070312,86.8499984741211,113400,9848789.826965332
2019-02-27 00:00:00,86.8499984741211,87.48999786376953,86.33000183105469,87.16000366210938,64000,5578240.234375
2019-02-28 00:00:00,86.97000122070312,87.44999694824219,86.4800033569336,86.8499984741211,84700,7356194.870758057
2019-03-01 00:00:00,87.33999633789062,88.2300033569336,86.79000091552734,87.66999816894531,80900,7092502.851867676
2019-03-04 00:00:00,87.73999786376953,87.73999786376953,86.06999969482422,86.62999725341797,136100,11790342.626190186
2019-03-05 00:00:00,86.5999984741211,86.5999984741211,85.81999969482422,86.13999938964844,99900,8605385.939025879
2019-03-06 00:00:00,86.08000183105469,86.08000183105469,84.77999877929688,85.19000244140625,70800,6031452.1728515625
2019-03-07 00:00:00,85.01000213623047,85.20999908447266,84.70999908447266,84.93000030517578,112100,9520653.034210205
2019-03-08 00:00:00,84.4800033569336,85.19000244140625,84.43000030517578,84.73999786376953,125600,10643343.731689453
2019-03-11 00:00:00,84.88999938964844,86.79000091552734,84.88999938964844,86.72000122070312,69300,6009696.084594727
2019-03-12 00:00:00,86.91999816894531,86.91999816894531,85.30000305175781,85.5999984741211,87300,7472879.8667907715
2019-03-13 00:00:00,85.5999984741211,87.02999877929688,85.5999984741211,86.87000274658203,105800,9190846.290588379
2019-03-14 00:00:00,86.83000183105469,87.41000366210938,86.51000213623047,86.75,124200,10774350.0
2019-03-15 00:00:00,86.83999633789062,88.22000122070312,85.75,86.01000213623047,224900,19343649.480438232
2019-03-18 00:00:00,86.05000305175781,87.22000122070312,84.86000061035156,85.81999969482422,160200,13748363.95111084
2019-03-19 00:00:00,86.23999786376953,88.0199966430664,86.23999786376953,87.19000244140625,180300,15720357.440185547
2019-03-20 00:00:00,87.13999938964844,87.37999725341797,85.47000122070312,86.56999969482422,95400,8258777.9708862305
2019-03-21 00:00:00,86.52999877929688,88.63999938964844,86.52999877929688,88.0199966430664,90200,7939403.69720459
2019-03-22 00:00:00,87.52999877929688,87.6500015258789,85.44000244140625,85.58000183105469,154600,13230668.283081055
2019-03-25 00:00:00,85.62000274658203,86.45999908447266,84.76000213623047,85.5,83100,7105050.0
2019-03-26 00:00:00,85.9800033569336,86.44000244140625,85.19999694824219,85.76000213623047,72900,6251904.155731201
2019-03-27 00:00:00,85.7699966430664,87.2300033569336,84.86000061035156,86.05000305175781,71500,6152575.218200684
2019-03-28 00:00:00,86.23999786376953,88.19999694824219,86.1500015258789,86.63999938964844,69900,6056135.957336426
2019-03-29 00:00:00,86.97000122070312,87.81999969482422,86.62000274658203,87.5999984741211,89600,7848959.86328125
2019-04-01 00:00:00,88.08999633789062,89.12999725341797,88.04000091552734,88.76000213623047,85300,7571228.182220459
2019-04-02 00:00:00,88.88999938964844,89.22000122070312,88.11000061035156,88.91999816894531,71600,6366671.868896484
2019-04-03 00:00:00,89.44999694824219,90.45999908447266,88.66999816894531,89.76000213623047,94200,8455392.20123291
2019-04-04 00:00:00,89.93000030517578,90.33000183105469,89.0,89.7699966430664,85300,7657380.713653564
2019-04-05 00:00:00,90.08000183105469,90.95999908447266,90.01000213623047,90.69000244140625,166200,15072678.405761719
2019-04-08 00:00:00,90.81999969482422,90.94999694824219,88.81999969482422,88.95999908447266,84300,7499327.922821045
2019-04-09 00:00:00,88.86000061035156,89.80000305175781,88.04000091552734,88.62000274658203,128600,11396532.35321045
2019-04-10 00:00:00,88.80999755859375,89.25,88.29000091552734,88.66999816894531,96000,8512319.82421875
2019-04-11 00:00:00,88.83000183105469,88.83000183105469,87.77999877929688,88.0,86800,7638400.0
2019-04-12 00:00:00,88.41000366210938,88.5199966430664,87.48999786376953,88.4800033569336,100000,8848000.33569336
2019-04-15 00:00:00,88.62000274658203,88.98999786376953,87.81999969482422,88.30000305175781,76100,6719630.2322387695
2019-04-16 00:00:00,88.20999908447266,88.37999725341797,87.55999755859375,88.02999877929688,96100,8459682.88269043
2019-04-17 00:00:00,88.37999725341797,88.37999725341797,86.13999938964844,86.8499984741211,86500,7512524.868011475
2019-04-18 00:00:00,86.5199966430664,87.05999755859375,85.80000305175781,86.5,97000,8390500.0
2019-04-22 00:00:00,86.3499984741211,86.52999877929688,85.22000122070312,86.05000305175781,77800,6694690.237426758
2019-04-23 00:00:00,86.20999908447266,87.45999908447266,85.55000305175781,87.33999633789062,109600,9572463.598632812
2019-04-24 00:00:00,87.2300033569336,89.3499984741211,86.19999694824219,88.44999694824219,94300,8340834.712219238
2019-04-25 00:00:00,88.29000091552734,88.41000366210938,85.5999984741211,85.77999877929688,72600,6227627.911376953
2019-04-26 00:00:00,85.91000366210938,88.80000305175781,85.30999755859375,88.69000244140625,133300,11822377.325439453
2019-04-29 00:00:00,88.86000061035156,90.2300033569336,88.54000091552734,88.9800033569336,123400,10980132.414245605
2019-04-30 00:00:00,88.94999694824219,91.3499984741211,87.69999694824219,90.12999725341797,193100,17404102.46963501
2019-05-01 00:00:00,95.0,102.61000061035156,93.37000274658203,102.19999694824219,839300,85776457.43865967
2019-05-02 00:00:00,102.94999694824219,103.61000061035156,99.5,100.56999969482422,298000,29969859.909057617
2019-05-03 00:00:00,100.2300033569336,104.45999908447266,99.73999786376953,103.94000244140625,240200,24966388.58642578
2019-05-06 00:00:00,101.4000015258789,104.12000274658203,101.06999969482422,102.95999908447266,240500,24761879.779815674
2019-05-07 00:00:00,102.19999694824219,102.98999786376953,101.19000244140625,102.63999938964844,126300,12963431.922912598
2019-05-08 00:00:00,102.63999938964844,103.76000213623047,102.16000366210938,102.38999938964844,155100,15880688.905334473
2019-05-09 00:00:00,101.80000305175781,103.30000305175781,101.5999984741211,103.0999984741211,130500,13454549.800872803
2019-05-10 00:00:00,102.80000305175781,104.63999938964844,101.77999877929688,104.26000213623047,179900,18756374.38430786
2019-05-13 00:00:00,102.75,103.72000122070312,101.62000274658203,103.58000183105469,155800,16137764.28527832
2019-05-14 00:00:00,103.9000015258789,105.0,102.81999969482422,103.66000366210938,142800,14802648.522949219
2019-05-15 00:00:00,103.1500015258789,104.88999938964844,103.1500015258789,104.0999984741211,101400,10555739.845275879
2019-05-16 00:00:00,104.31999969482422,106.16000366210938,104.04000091552734,104.56999969482422,116100,12140576.964569092
2019-05-17 00:00:00,103.97000122070312,104.98999786376953,102.30000305175781,102.33999633789062,256000,26199039.0625
2019-05-20 00:00:00,101.9000015258789,102.16000366210938,99.81999969482422,101.51000213623047,221700,22504767.473602295
2019-05-21 00:00:00,102.13999938964844,103.62000274658203,101.44000244140625,101.93000030517578,94500,9632385.028839111
2019-05-22 00:00:00,101.63999938964844,103.05000305175781,101.62999725341797,102.41000366210938,171400,17553074.627685547
2019-05-23 00:00:00,101.5999984741211,102.30000305175781,101.0199966430664,101.55999755859375,149400,15173063.635253906
2019-05-24 00:00:00,102.16000366210938,103.98999786376953,102.05999755859375,102.98999786376953,171400,17652485.633850098
2019-05-28 00:00:00,103.0,103.7300033569336,102.12000274658203,102.66999816894531,172900,17751642.683410645
2019-05-29 00:00:00,102.2699966430664,103.80000305175781,101.8499984741211,103.36000061035156,146000,15090560.089111328
2019-05-30 00:00:00,103.05999755859375,104.54000091552734,102.94000244140625,103.44000244140625,119900,12402456.29272461
2019-05-31 00:00:00,102.45999908447266,103.88999938964844,101.33000183105469,103.58999633789062,113100,11716028.58581543
2019-06-03 00:00:00,104.04000091552734,105.0,103.36000061035156,103.55000305175781,125000,12943750.381469727
2019-06-04 00:00:00,104.37000274658203,106.66000366210938,104.12999725341797,106.13999938964844,132600,14074163.919067383
2019-06-05 00:00:00,106.6500015258789,111.68000030517578,106.13999938964844,110.8499984741211,274800,30461579.580688477
2019-06-06 00:00:00,110.4800033569336,111.1500015258789,108.7300033569336,109.55000305175781,260400,28526820.794677734
2019-06-07 00:00:00,110.2300033569336,112.69999694824219,109.63999938964844,112.19999694824219,160600,18019319.509887695
2019-06-10 00:00:00,112.4000015258789,113.44000244140625,112.16000366210938,112.7300033569336,187300,21114329.628753662
2019-06-11 00:00:00,113.2300033569336,113.54000091552734,111.5,112.41000366210938,114800,12904668.420410156
2019-06-12 00:00:00,112.77999877929688,113.19000244140625,111.13999938964844,111.79000091552734,89200,9971668.081665039
2019-06-13 00:00:00,112.19000244140625,112.80000305175781,111.3499984741211,112.69000244140625,110600,12463514.270019531
2019-06-14 00:00:00,112.30000305175781,113.11000061035156,111.70999908447266,112.87000274658203,153100,17280397.42050171
2019-06-17 00:00:00,113.16000366210938,113.54000091552734,112.44000244140625,112.68000030517578,148400,16721712.045288086
2019-06-18 00:00:00,113.29000091552734,113.87999725341797,112.38999938964844,112.80999755859375,205200,23148611.499023438
2019-06-19 00:00:00,112.75,113.5199966430664,112.55999755859375,113.44999694824219,137100,15553994.581604004
2019-06-20 00:00:00,114.4000015258789,114.41999816894531,112.43000030517578,113.8499984741211,155400,17692289.762878418
2019-06-21 00:00:00,113.29000091552734,113.47000122070312,112.33999633789062,113.01000213623047,161900,18296319.345855713
2019-06-24 00:00:00,113.25,114.01000213623047,112.66999816894531,113.05999755859375,145600,16461535.64453125
2019-06-25 00:00:00,113.44000244140625,114.33000183105469,111.88999938964844,112.05000305175781,126500,14174325.386047363
2019-06-26 00:00:00,112.52999877929688,112.66000366210938,110.18000030517578,110.61000061035156,162500,17974125.09918213
2019-06-27 00:00:00,111.0,111.27999877929688,109.86000061035156,110.23999786376953,171100,18862063.634490967
2019-06-28 00:00:00,110.30999755859375,113.08999633789062,110.30999755859375,112.62999725341797,588600,66294016.38336182
2019-07-01 00:00:00,115.95999908447266,116.3499984741211,112.8499984741211,115.19999694824219,133900,15425279.591369629
2019-07-02 00:00:00,115.33999633789062,116.41999816894531,114.06999969482422,115.88999938964844,223700,25924592.863464355
2019-07-03 00:00:00,115.95999908447266,117.0199966430664,114.75,116.69000244140625,85500,9976995.208740234
2019-07-05 00:00:00,116.08000183105469,117.20999908447266,114.68000030517578,117.02999877929688,86100,10076282.894897461
2019-07-08 00:00:00,116.4800033569336,116.77999877929688,113.69000244140625,113.93000030517578,119800,13648814.036560059
2019-07-09 00:00:00,114.0,115.44999694824219,113.52999877929688,114.75,75300,8640675.0
2019-07-10 00:00:00,115.25,115.25,113.66999816894531,114.0199966430664,86900,9908337.70828247
2019-07-11 00:00:00,114.37000274658203,114.37000274658203,112.16999816894531,113.62000274658203,94100,10691642.25845337
2019-07-12 00:00:00,113.75,115.23999786376953,113.6500015258789,115.04000091552734,109400,12585376.100158691
2019-07-15 00:00:00,115.27999877929688,115.36000061035156,111.66000366210938,112.08999633789062,143200,16051287.475585938
2019-07-16 00:00:00,111.91999816894531,112.4000015258789,110.44999694824219,111.51000213623047,364900,40689999.7795105
2019-07-17 00:00:00,111.93000030517578,111.93000030517578,109.93000030517578,110.0199966430664,156900,17262137.47329712
2019-07-18 00:00:00,109.95999908447266,110.23999786376953,108.69999694824219,109.86000061035156,172700,18972822.105407715
2019-07-19 00:00:00,110.0199966430664,110.5999984741211,109.47000122070312,109.52999877929688,107000,11719709.869384766
2019-07-22 00:00:00,109.72000122070312,112.44999694824219,109.58999633789062,111.44000244140625,170500,19000520.416259766
2019-07-23 00:00:00,112.33000183105469,112.87999725341797,111.56999969482422,112.22000122070312,167200,18763184.204101562
2019-07-24 00:00:00,111.83000183105469,112.58000183105469,111.4800033569336,112.4000015258789,143900,16174360.219573975
2019-07-25 00:00:00,112.45999908447266,113.77999877929688,112.18000030517578,113.2300033569336,186900,21162687.62741089
2019-07-26 00:00:00,113.62999725341797,114.3499984741211,113.02999877929688,113.36000061035156,125400,14215344.076538086
2019-07-29 00:00:00,113.41999816894531,114.36000061035156,112.41999816894531,112.58000183105469,99300,11179194.18182373
2019-07-30 00:00:00,111.80999755859375,113.98999786376953,111.52999877929688,113.80999755859375,149100,16969070.635986328
2019-07-31 00:00:00,113.87999725341797,114.58000183105469,111.5199966430664,112.55999755859375,144000,16208639.6484375
2019-08-01 00:00:00,112.54000091552734,113.25,109.7699966430664,111.7300033569336,166400,18591872.55859375
2019-08-02 00:00:00,111.19999694824219,111.19999694824219,108.94000244140625,109.56999969482422,124900,13685292.961883545
2019-08-05 00:00:00,107.95999908447266,107.95999908447266,105.5199966430664,106.4000015258789,178900,19034960.272979736
2019-08-06 00:00:00,106.8499984741211,107.97000122070312,105.91999816894531,106.83000183105469,230400,24613632.421875
2019-08-07 00:00:00,105.47000122070312,107.25,104.16000366210938,106.94000244140625,173100,18511314.422607422
2019-08-08 00:00:00,107.66000366210938,108.87000274658203,107.31999969482422,108.37000274658203,227000,24599990.62347412
2019-08-09 00:00:00,108.12999725341797,108.95999908447266,107.48999786376953,107.77999877929688,230200,24810955.71899414
2019-08-12 00:00:00,107.44999694824219,107.77999877929688,106.5,106.72000122070312,160900,17171248.196411133
2019-08-13 00:00:00,106.55000305175781,107.69000244140625,106.55000305175781,107.2300033569336,176500,18926095.59249878
2019-08-14 00:00:00,106.08999633789062,107.16999816894531,103.98999786376953,104.45999908447266,191600,20014535.82458496
2019-08-15 00:00:00,104.36000061035156,104.91000366210938,103.30000305175781,103.43000030517578,233000,24099190.071105957
2019-08-16 00:00:00,104.0999984741211,105.6500015258789,103.31999969482422,104.06999969482422,535400,55719077.83660889
2019-08-19 00:00:00,104.27999877929688,105.80999755859375,103.87999725341797,104.91000366210938,660600,69303548.41918945
2019-08-20 00:00:00,104.2300033569336,105.06999969482422,103.70999908447266,103.91000366210938,297900,30954790.090942383
2019-08-21 00:00:00,104.25,104.25,103.0199966430664,103.2300033569336,266100,27469503.89328003
2019-08-22 00:00:00,103.55999755859375,104.66999816894531,101.68000030517578,101.83000183105469,231500,23573645.42388916
2019-08-23 00:00:00,101.54000091552734,101.94000244140625,100.08000183105469,100.83000183105469,419600,42308268.76831055
2019-08-26 00:00:00,97.94000244140625,101.66000366210938,93.05000305175781,101.0,654500,66104500.0
2019-08-27 00:00:00,102.04000091552734,105.19000244140625,101.83000183105469,104.43000030517578,317900,33198297.09701538
2019-08-28 00:00:00,104.01000213623047,106.97000122070312,103.45999908447266,106.37999725341797,315200,33530975.134277344
2019-08-29 00:00:00,107.0,107.91999816894531,104.83999633789062,105.05000305175781,158100,16608405.48248291
2019-08-30 00:00:00,105.48999786376953,105.66000366210938,104.30999755859375,105.01000213623047,138700,14564887.296295166
2019-09-03 00:00:00,104.27999877929688,104.51000213623047,103.4800033569336,104.47000122070312,156600,16360002.19116211
2019-09-04 00:00:00,105.0,105.69999694824219,104.91999816894531,105.55000305175781,186900,19727295.570373535
2019-09-05 00:00:00,106.36000061035156,107.69999694824219,105.69999694824219,106.3499984741211,142900,15197414.781951904
2019-09-06 00:00:00,106.80000305175781,106.80000305175781,105.79000091552734,106.05999755859375,218100,23131685.467529297
2019-09-09 00:00:00,106.72000122070312,106.94999694824219,105.63999938964844,106.8499984741211,149100,15931334.772491455
2019-09-10 00:00:00,106.66000366210938,106.66000366210938,103.8499984741211,104.44999694824219,174500,18226524.46746826
2019-09-11 00:00:00,104.69999694824219,105.80999755859375,103.88999938964844,105.19999694824219,236000,24827199.279785156
2019-09-12 00:00:00,105.4000015258789,105.52999877929688,103.06999969482422,104.9000015258789,283300,29718170.432281494
2019-09-13 00:00:00,105.27999877929688,105.27999877929688,103.97000122070312,104.7300033569336,128100,13415913.430023193
2019-09-16 00:00:00,104.4800033569336,105.66999816894531,103.98999786376953,104.75,77100,8076225.0
2019-09-17 00:00:00,104.3499984741211,105.30999755859375,104.3499984741211,104.9000015258789,125300,13143970.191192627
2019-09-18 00:00:00,104.87999725341797,106.04000091552734,103.87000274658203,104.91999816894531,142800,14982575.73852539
2019-09-19 00:00:00,105.0199966430664,107.02999877929688,105.0199966430664,106.19999694824219,115300,12244859.648132324
2019-09-20 00:00:00,106.62000274658203,106.9000015258789,105.2300033569336,105.68000030517578,214000,22615520.065307617
2019-09-23 00:00:00,105.83999633789062,106.55999755859375,104.80999755859375,105.61000061035156,203200,21459952.124023438
2019-09-24 00:00:00,105.66000366210938,106.7300033569336,104.93000030517578,105.30000305175781,191100,20122830.583190918
2019-09-25 00:00:00,105.22000122070312,106.26000213623047,104.91000366210938,105.77999877929688,145100,15348677.822875977
2019-09-26 00:00:00,105.69000244140625,105.88999938964844,103.91999816894531,104.05999755859375,115900,12060553.717041016
2019-09-27 00:00:00,104.16999816894531,104.69999694824219,103.69999694824219,104.2300033569336,170000,17719100.57067871
2019-09-30 00:00:00,104.44999694824219,105.51000213623047,101.51000213623047,101.55999755859375,207100,21033075.494384766
2019-10-01 00:00:00,102.12999725341797,102.66999816894531,99.16000366210938,99.29000091552734,172300,17107667.15774536
2019-10-02 00:00:00,98.81999969482422,99.08999633789062,97.83999633789062,99.05000305175781,172200,17056410.525512695
2019-10-03 00:00:00,98.9800033569336,99.83999633789062,97.95999908447266,99.47000122070312,133300,13259351.162719727
2019-10-04 00:00:00,99.81999969482422,100.0999984741211,98.16999816894531,99.01000213623047,98000,9702980.209350586
2019-10-07 00:00:00,98.79000091552734,99.55000305175781,98.22000122070312,98.5199966430664,95600,9418511.679077148
2019-10-08 00:00:00,98.06999969482422,98.18000030517578,96.91999816894531,97.06999969482422,117200,11376603.964233398
2019-10-09 00:00:00,97.33000183105469,97.94999694824219,96.37000274658203,96.68000030517578,88300,8536844.026947021
2019-10-10 00:00:00,96.69000244140625,96.73999786376953,96.06999969482422,96.54000091552734,113500,10957290.103912354
2019-10-11 00:00:00,97.33000183105469,98.3499984741211,96.58999633789062,96.97000122070312,95400,9250938.116455078
2019-10-14 00:00:00,96.72000122070312,97.11000061035156,95.91999816894531,96.91000366210938,93400,9051394.342041016
2019-10-15 00:00:00,96.94999694824219,99.77999877929688,96.94999694824219,98.83000183105469,140800,13915264.2578125
2019-10-16 00:00:00,98.52999877929688,99.5999984741211,97.72000122070312,98.12000274658203,114300,11215116.313934326
2019-10-17 00:00:00,98.37999725341797,100.20999908447266,98.37999725341797,100.02999877929688,116000,11603479.858398438
2019-10-18 00:00:00,99.7300033569336,100.23999786376953,98.04000091552734,98.3499984741211,79100,7779484.8793029785
2019-10-21 00:00:00,98.69000244140625,99.44999694824219,98.2699966430664,98.4800033569336,79900,7868552.268218994
2019-10-22 00:00:00,98.29000091552734,99.01000213623047,96.2699966430664,96.5999984741211,137100,13243859.790802002
2019-10-23 00:00:00,96.62999725341797,97.83000183105469,96.52999877929688,96.55000305175781,97400,9403970.297241211
2019-10-24 00:00:00,96.76000213623047,96.76000213623047,93.9800033569336,95.05999755859375,131600,12509895.678710938
2019-10-25 00:00:00,99.98999786376953,102.01000213623047,98.1500015258789,100.91000366210938,339700,34279128.244018555
2019-10-28 00:00:00,100.76000213623047,101.37000274658203,99.2300033569336,100.5199966430664,202600,20365351.319885254
2019-10-29 00:00:00,100.6500015258789,101.61000061035156,99.0,99.45999908447266,164800,16391007.849121094
2019-10-30 00:00:00,99.87999725341797,100.4800033569336,98.3499984741211,99.72000122070312,134600,13422312.16430664
2019-10-31 00:00:00,99.62000274658203,99.73999786376953,98.06999969482422,99.23999786376953,126800,12583631.729125977
2019-11-01 00:00:00,99.5999984741211,100.61000061035156,98.94999694824219,99.43000030517578,139400,13860542.042541504
2019-11-04 00:00:00,99.5199966430664,99.94000244140625,95.5199966430664,95.98999786376953,252100,24199078.4614563
2019-11-05 00:00:00,96.2300033569336,97.16999816894531,95.11000061035156,95.5199966430664,170100,16247951.428985596
2019-11-06 00:00:00,95.13999938964844,96.72000122070312,94.98999786376953,96.5199966430664,101900,9835387.657928467
2019-11-07 00:00:00,96.83000183105469,97.30999755859375,95.12999725341797,95.29000091552734,72400,6898996.06628418
2019-11-08 00:00:00,95.04000091552734,95.97000122070312,95.04000091552734,95.62999725341797,85600,8185927.764892578
2019-11-11 00:00:00,95.16000366210938,96.5199966430664,94.0,96.5,95000,9167500.0
2019-11-12 00:00:00,96.2699966430664,96.7300033569336,95.37000274658203,96.1500015258789,157500,15143625.240325928
2019-11-13 00:00:00,96.06999969482422,97.83999633789062,96.05000305175781,97.19000244140625,90300,8776257.220458984
2019-11-14 00:00:00,96.9000015258789,97.36000061035156,96.37999725341797,97.1500015258789,98900,9608135.150909424
2019-11-15 00:00:00,97.52999877929688,98.01000213623047,97.31999969482422,97.66999816894531,121000,11818069.778442383
2019-11-18 00:00:00,97.87999725341797,98.0999984741211,97.26000213623047,97.7300033569336,94300,9215939.316558838
2019-11-19 00:00:00,97.66999816894531,98.23999786376953,97.51000213623047,98.13999938964844,90300,8862041.944885254
2019-11-20 00:00:00,97.87999725341797,98.6500015258789,97.66000366210938,98.29000091552734,153400,15077686.140441895
2019-11-21 00:00:00,98.36000061035156,98.36000061035156,96.87999725341797,97.7699966430664,114100,11155556.616973877
2019-11-22 00:00:00,97.69000244140625,98.05000305175781,97.06999969482422,97.8499984741211,92600,9060909.858703613
2019-11-25 00:00:00,97.70999908447266,100.51000213623047,97.70999908447266,100.26000213623047,172600,17304876.36871338
2019-11-26 00:00:00,99.77999877929688,100.87999725341797,97.97000122070312,99.93000030517578,131200,13110816.040039062
2019-11-27 00:00:00,99.9800033569336,100.41000366210938,99.41999816894531,100.16000366210938,72800,7291648.2666015625
2019-11-29 00:00:00,99.76000213623047,100.45999908447266,99.1500015258789,99.48999786376953,52500,5223224.8878479
2019-12-02 00:00:00,99.55000305175781,99.94999694824219,98.66000366210938,98.76000213623047,162800,16078128.34777832
2019-12-03 00:00:00,98.0,99.4000015258789,98.0,98.76000213623047,91500,9036540.195465088
2019-12-04 00:00:00,98.83999633789062,100.30999755859375,98.7300033569336,99.62000274658203,122700,12223374.337005615
2019-12-05 00:00:00,99.75,100.36000061035156,98.62000274658203,98.79000091552734,72600,7172154.066467285
2019-12-06 00:00:00,99.37000274658203,100.9800033569336,99.37000274658203,100.94000244140625,121500,12264210.29663086
2019-12-09 00:00:00,100.69999694824219,101.0999984741211,100.0999984741211,100.18000030517578,101200,10138216.030883789
2019-12-10 00:00:00,100.04000091552734,100.68000030517578,99.4000015258789,99.68000030517578,97300,9698864.029693604
2019-12-11 00:00:00,99.45999908447266,100.63999938964844,99.2300033569336,100.37999725341797,66200,6645155.8181762695
2019-12-12 00:00:00,100.58000183105469,101.19999694824219,98.83999633789062,99.91999816894531,141300,14118695.741271973
2019-12-13 00:00:00,100.04000091552734,101.12000274658203,99.79000091552734,100.5999984741211,76200,7665719.883728027
2019-12-16 00:00:00,100.72000122070312,101.38999938964844,99.83999633789062,100.55999755859375,122700,12338711.700439453
2019-12-17 00:00:00,100.68000030517578,101.05999755859375,99.7300033569336,100.55000305175781,138100,13885955.421447754
2019-12-18 00:00:00,100.26000213623047,101.16999816894531,99.7699966430664,101.01000213623047,87100,8797971.186065674
2019-12-19 00:00:00,100.69999694824219,101.0199966430664,100.16999816894531,100.69000244140625,155300,15637157.37915039
2019-12-20 00:00:00,100.95999908447266,102.80999755859375,100.6500015258789,102.08000183105469,464800,47446784.85107422
2019-12-23 00:00:00,102.11000061035156,102.3499984741211,100.54000091552734,101.86000061035156,70100,7140386.0427856445
2019-12-24 00:00:00,101.81999969482422,101.91000366210938,101.41000366210938,101.91000366210938,50400,5136264.1845703125
2019-12-26 00:00:00,101.73999786376953,102.51000213623047,101.22000122070312,101.7699966430664,57800,5882305.805969238
2019-12-27 00:00:00,101.6500015258789,102.12000274658203,100.77999877929688,101.16999816894531,66400,6717687.878417969
2019-12-30 00:00:00,101.08000183105469,101.08000183105469,99.9800033569336,100.31999969482422,66200,6641183.979797363
2019-12-31 00:00:00,100.25,101.55999755859375,100.25,100.73999786376953,85900,8653565.816497803
2020-01-02 00:00:00,101.36000061035156,102.16999816894531,100.9000015258789,102.16999816894531,72700,7427758.866882324
2020-01-03 00:00:00,101.29000091552734,101.98999786376953,101.0,101.30999755859375,90800,9198947.778320312
2020-01-06 00:00:00,100.81999969482422,102.61000061035156,100.13999938964844,102.41999816894531,87800,8992475.839233398
2020-01-07 00:00:00,102.13999938964844,102.16999816894531,100.62000274658203,100.80000305175781,83600,8426880.255126953
2020-01-08 00:00:00,101.08999633789062,101.69000244140625,99.83999633789062,99.94000244140625,129700,12962218.31665039
2020-01-09 00:00:00,100.68000030517578,101.8499984741211,100.04000091552734,101.16999816894531,141000,14264969.741821289
2020-01-10 00:00:00,101.41000366210938,101.80999755859375,99.97000122070312,100.55999755859375,59700,6003431.854248047
2020-01-13 00:00:00,100.33000183105469,101.76000213623047,100.26000213623047,101.30999755859375,101300,10262702.752685547
2020-01-14 00:00:00,101.13999938964844,101.62999725341797,100.16999816894531,100.58000183105469,99400,9997652.182006836
2020-01-15 00:00:00,100.33000183105469,101.19000244140625,99.75,99.98999786376953,117100,11708828.749847412
2020-01-16 00:00:00,100.51000213623047,101.33000183105469,100.05999755859375,100.79000091552734,81700,8234543.074798584
2020-01-17 00:00:00,101.33000183105469,101.33000183105469,99.66999816894531,100.58000183105469,100200,10078116.18347168
2020-01-21 00:00:00,100.5999984741211,100.9800033569336,99.9000015258789,100.26000213623047,201800,20232468.43109131
2020-01-22 00:00:00,100.51000213623047,100.91999816894531,98.43000030517578,98.48999786376953,253900,25006610.457611084
2020-01-23 00:00:00,98.4000015258789,99.38999938964844,97.63999938964844,98.69000244140625,164700,16254243.40209961
2020-01-24 00:00:00,98.69999694824219,98.69999694824219,96.27999877929688,96.69000244140625,100100,9678669.244384766
2020-01-27 00:00:00,95.48999786376953,96.0,94.56999969482422,94.72000122070312,121500,11508480.14831543
2020-01-28 00:00:00,95.12999725341797,97.33999633789062,94.2699966430664,96.30000305175781,140800,13559040.4296875
2020-01-29 00:00:00,96.72000122070312,96.83000183105469,92.4000015258789,93.86000061035156,433100,40650766.26434326
2020-01-30 00:00:00,92.72000122070312,93.83000183105469,88.72000122070312,88.93000030517578,370600,32957458.113098145
2020-01-31 00:00:00,88.63999938964844,90.27999877929688,86.45999908447266,86.54000091552734,438800,37973752.4017334
2020-02-03 00:00:00,86.37000274658203,89.58000183105469,86.37000274658203,89.0999984741211,286400,25518239.56298828
2020-02-04 00:00:00,90.30999755859375,91.1500015258789,87.37999725341797,88.08000183105469,254800,22442784.466552734
2020-02-05 00:00:00,88.95999908447266,90.19999694824219,88.2699966430664,89.76000213623047,280000,25132800.59814453
2020-02-06 00:00:00,90.20999908447266,90.5199966430664,89.5,90.0,176100,15849000.0
2020-02-07 00:00:00,89.62000274658203,91.69000244140625,89.62000274658203,91.19000244140625,189900,17316981.463623047
2020-02-10 00:00:00,90.73999786376953,91.12999725341797,89.51000213623047,90.83000183105469,265300,24097199.48577881
2020-02-11 00:00:00,91.12999725341797,92.36000061035156,91.12999725341797,91.2300033569336,143400,13082382.481384277
2020-02-12 00:00:00,91.52999877929688,92.29000091552734,90.2699966430664,91.30000305175781,230100,21008130.702209473
2020-02-13 00:00:00,90.7699966430664,91.77999877929688,90.19999694824219,90.86000061035156,138800,12611368.084716797
2020-02-14 00:00:00,91.04000091552734,91.30000305175781,89.12999725341797,89.18000030517578,130500,11637990.03982544
2020-02-18 00:00:00,88.61000061035156,89.91999816894531,88.55999755859375,89.30999755859375,193300,17263622.528076172
2020-02-19 00:00:00,89.61000061035156,91.5,89.61000061035156,90.98999786376953,199100,18116108.574676514
2020-02-20 00:00:00,90.58000183105469,91.12999725341797,88.51000213623047,90.47000122070312,185300,16764091.226196289
2020-02-21 00:00:00,90.36000061035156,91.30000305175781,89.55000305175781,90.97000122070312,420500,38252885.513305664
2020-02-24 00:00:00,88.43000030517578,89.5999984741211,88.19999694824219,89.26000213623047,276500,24680390.590667725
2020-02-25 00:00:00,89.75,90.58999633789062,85.19999694824219,85.4000015258789,298500,25491900.455474854
2020-02-26 00:00:00,85.87999725341797,86.95999908447266,84.56999969482422,84.73999786376953,140200,11880547.700500488
2020-02-27 00:00:00,83.02999877929688,84.83000183105469,82.11000061035156,82.11000061035156,184400,15141084.112548828
2020-02-28 00:00:00,79.91000366210938,82.66000366210938,79.30000305175781,81.2699966430664,243800,19813625.18157959
2020-03-02 00:00:00,81.69999694824219,82.55000305175781,80.1500015258789,82.22000122070312,152100,12505662.185668945
2020-03-03 00:00:00,82.1500015258789,84.31999969482422,80.5,81.66999816894531,150000,12250499.725341797
2020-03-04 00:00:00,82.5,83.33999633789062,80.95999908447266,83.11000061035156,162900,13538619.09942627
2020-03-05 00:00:00,81.43000030517578,82.56999969482422,79.7699966430664,81.02999877929688,159600,12932387.805175781
2020-03-06 00:00:00,79.05999755859375,82.58999633789062,78.88999938964844,82.12000274658203,178600,14666632.49053955
2020-03-09 00:00:00,78.02999877929688,79.80999755859375,76.58000183105469,77.2699966430664,139100,10748256.533050537
2020-03-10 00:00:00,79.31999969482422,82.05000305175781,73.63999938964844,77.66000366210938,335700,26070463.229370117
2020-03-11 00:00:00,75.9800033569336,77.97000122070312,74.25,77.58999633789062,188800,14648991.30859375
2020-03-12 00:00:00,73.81999969482422,75.13999938964844,70.04000091552734,70.04000091552734,212500,14883500.19454956
2020-03-13 00:00:00,72.58000183105469,73.29000091552734,69.37000274658203,73.29000091552734,185300,13580637.169647217
2020-03-16 00:00:00,67.3499984741211,68.91999816894531,64.75,65.08999633789062,170000,11065299.377441406
2020-03-17 00:00:00,66.20999908447266,68.5,60.31999969482422,62.25,317700,19776825.0
2020-03-18 00:00:00,59.209999084472656,60.81999969482422,57.130001068115234,59.849998474121094,223400,13370489.659118652
2020-03-19 00:00:00,59.689998626708984,64.80000305175781,57.90999984741211,62.11000061035156,187400,11639414.114379883
2020-03-20 00:00:00,62.290000915527344,64.4000015258789,49.959999084472656,54.2599983215332,214000,11611639.640808105
2020-03-23 00:00:00,54.720001220703125,59.439998626708984,54.34000015258789,59.18000030517578,157900,9344522.048187256
2020-03-24 00:00:00,61.7599983215332,65.45999908447266,59.939998626708984,63.959999084472656,278600,17819255.744934082
2020-03-25 00:00:00,63.959999084472656,66.16000366210938,60.90999984741211,64.9800033569336,142400,9253152.478027344
2020-03-26 00:00:00,65.61000061035156,68.62000274658203,64.47000122070312,68.47000122070312,152500,10441675.186157227
2020-03-27 00:00:00,66.2699966430664,66.30000305175781,63.88999938964844,64.63999938964844,85700,5539647.947692871
2020-03-30 00:00:00,65.38999938964844,67.30000305175781,64.91000366210938,66.80000305175781,105100,7020680.320739746
2020-03-31 00:00:00,67.12999725341797,69.61000061035156,66.41999816894531,68.91999816894531,174800,12047215.67993164
2020-04-01 00:00:00,66.61000061035156,67.55000305175781,63.130001068115234,63.7400016784668,126400,8056736.212158203
2020-04-02 00:00:00,63.29999923706055,69.62999725341797,63.29999923706055,65.55000305175781,113500,7439925.346374512
2020-04-03 00:00:00,66.0999984741211,67.5199966430664,63.09000015258789,64.44999694824219,87600,5645819.732666016
2020-04-06 00:00:00,66.94000244140625,67.29000091552734,64.93000030517578,67.16000366210938,101700,6830172.372436523
2020-04-07 00:00:00,68.77999877929688,70.05000305175781,67.8499984741211,68.30000305175781,93900,6413370.286560059
2020-04-08 00:00:00,69.72000122070312,72.19000244140625,67.06999969482422,71.4800033569336,76700,5482516.257476807
2020-04-09 00:00:00,74.1500015258789,74.1500015258789,71.0199966430664,72.54000091552734,102600,7442604.0939331055
2020-04-13 00:00:00,72.87999725341797,73.27999877929688,70.41000366210938,70.8499984741211,53600,3797559.9182128906
2020-04-14 00:00:00,72.30000305175781,73.69000244140625,71.58999633789062,72.77999877929688,78500,5713229.904174805
2020-04-15 00:00:00,71.13999938964844,71.93000030517578,69.33000183105469,69.43000030517578,74400,5165592.022705078
2020-04-16 00:00:00,70.12000274658203,72.20999908447266,69.30000305175781,71.4000015258789,176100,12573540.268707275
2020-04-17 00:00:00,73.08000183105469,74.75,72.8499984741211,74.2699966430664,64600,4797841.78314209
2020-04-20 00:00:00,73.5199966430664,73.5199966430664,71.2300033569336,71.66000366210938,66500,4765390.243530273
2020-04-21 00:00:00,69.9800033569336,70.47000122070312,68.70999908447266,69.83000183105469,86400,6033312.158203125
2020-04-22 00:00:00,71.0,72.7699966430664,69.81999969482422,72.30999755859375,94700,6847756.768798828
2020-04-23 00:00:00,73.52999877929688,73.80000305175781,72.41000366210938,72.83999633789062,112100,8165363.589477539
2020-04-24 00:00:00,73.12000274658203,74.62999725341797,72.12000274658203,73.05999755859375,68500,5004609.832763672
2020-04-27 00:00:00,73.37000274658203,73.38999938964844,71.6500015258789,72.43000030517578,130500,9452115.03982544
2020-04-28 00:00:00,73.52999877929688,75.37999725341797,73.2699966430664,73.66999816894531,96800,7131255.822753906
2020-04-29 00:00:00,75.47000122070312,77.68000030517578,74.86000061035156,76.7300033569336,119100,9138543.399810791
2020-04-30 00:00:00,75.16999816894531,76.61000061035156,72.30000305175781,72.37999725341797,157100,11370897.568511963
2020-05-01 00:00:00,72.0,76.5999984741211,71.9800033569336,74.37000274658203,196900,14643453.540802002
2020-05-04 00:00:00,73.1500015258789,74.16000366210938,71.18000030517578,71.69000244140625,191500,13728635.467529297
2020-05-05 00:00:00,72.87000274658203,73.87000274658203,71.51000213623047,71.75,134000,9614500.0
2020-05-06 00:00:00,71.83999633789062,72.70999908447266,70.6500015258789,70.87000274658203,97800,6931086.268615723
2020-05-07 00:00:00,71.75,71.75,70.51000213623047,70.51000213623047,60300,4251753.128814697
2020-05-08 00:00:00,71.80000305175781,75.12000274658203,71.80000305175781,74.97000122070312,83900,6289983.102416992
2020-05-11 00:00:00,73.91000366210938,74.43000030517578,72.48999786376953,73.47000122070312,129400,9507018.157958984
2020-05-12 00:00:00,73.62000274658203,73.94999694824219,70.4000015258789,70.70999908447266,118400,8372063.8916015625
2020-05-13 00:00:00,70.0,70.30999755859375,68.94999694824219,69.08999633789062,100500,6943544.631958008
2020-05-14 00:00:00,67.7300033569336,68.69999694824219,66.29000091552734,68.62000274658203,68000,4666160.186767578
2020-05-15 00:00:00,68.26000213623047,72.55000305175781,67.63999938964844,69.44999694824219,98300,6826934.700012207
2020-05-18 00:00:00,71.87999725341797,73.47000122070312,71.7699966430664,73.22000122070312,97400,7131628.118896484
2020-05-19 00:00:00,72.8499984741211,73.23999786376953,71.69999694824219,71.9000015258789,73600,5291840.1123046875
2020-05-20 00:00:00,72.2300033569336,73.80000305175781,72.2300033569336,73.06999969482422,57300,4186910.9825134277
2020-05-21 00:00:00,72.80000305175781,73.27999877929688,71.61000061035156,72.2300033569336,110500,7981415.370941162
2020-05-22 00:00:00,72.55999755859375,72.55999755859375,71.16000366210938,71.70999908447266,43500,3119384.9601745605
2020-05-26 00:00:00,73.97000122070312,76.61000061035156,73.51000213623047,75.22000122070312,73100,5498582.089233398
2020-05-27 00:00:00,76.66000366210938,77.58000183105469,75.6500015258789,76.9000015258789,124600,9581740.190124512
2020-05-28 00:00:00,77.3499984741211,77.70999908447266,76.30999755859375,76.51000213623047,129700,9923347.277069092
2020-05-29 00:00:00,76.12999725341797,76.83999633789062,74.62999725341797,75.7699966430664,122000,9243939.590454102
2020-06-01 00:00:00,75.97000122070312,76.95999908447266,75.2699966430664,76.19000244140625,97400,7420906.237792969
2020-06-02 00:00:00,76.41999816894531,77.54000091552734,75.91999816894531,76.7699966430664,85100,6533126.714324951
2020-06-03 00:00:00,77.55999755859375,80.83000183105469,77.55999755859375,79.9800033569336,105000,8397900.352478027
2020-06-04 00:00:00,79.23999786376953,80.76000213623047,79.05999755859375,80.25,133500,10713375.0
2020-06-05 00:00:00,82.75,85.01000213623047,82.75,84.37000274658203,184500,15566265.506744385
2020-06-08 00:00:00,84.37000274658203,84.37000274658203,79.8499984741211,80.1500015258789,176400,14138460.269165039
2020-06-09 00:00:00,79.01000213623047,80.04000091552734,77.98999786376953,78.69999694824219,139000,10939299.575805664
2020-06-10 00:00:00,78.83000183105469,79.0,77.0199966430664,77.5,92800,7192000.0
2020-06-11 00:00:00,74.9800033569336,76.55000305175781,73.83000183105469,74.04000091552734,147000,10883880.13458252
2020-06-12 00:00:00,76.19000244140625,76.33999633789062,72.0,73.61000061035156,145600,10717616.088867188
2020-06-15 00:00:00,71.76000213623047,74.56999969482422,71.66000366210938,74.20999908447266,98200,7287421.910095215
2020-06-16 00:00:00,76.41000366210938,76.41999816894531,74.19999694824219,74.6500015258789,135100,10085215.20614624
2020-06-17 00:00:00,74.9000015258789,75.05000305175781,73.81999969482422,74.04000091552734,125200,9269808.114624023
2020-06-18 00:00:00,73.44000244140625,74.23999786376953,72.19999694824219,73.1500015258789,154300,11287045.235443115
2020-06-19 00:00:00,74.11000061035156,75.7300033569336,72.80999755859375,74.04000091552734,355900,26350836.32583618
2020-06-22 00:00:00,73.73999786376953,73.87000274658203,72.26000213623047,72.81999969482422,143500,10449669.956207275
2020-06-23 00:00:00,73.41000366210938,74.3499984741211,73.22000122070312,74.12000274658203,133300,9880196.366119385
2020-06-24 00:00:00,73.3499984741211,74.80999755859375,72.05999755859375,72.4800033569336,147500,10690800.495147705
2020-06-25 00:00:00,71.79000091552734,73.80000305175781,71.37999725341797,73.69000244140625,193700,14273753.47290039
2020-06-26 00:00:00,73.30999755859375,73.95999908447266,69.9000015258789,70.12999725341797,286800,20113283.212280273
2020-06-29 00:00:00,71.37999725341797,74.5,71.37999725341797,73.83999633789062,110200,8137167.596435547
2020-06-30 00:00:00,73.29000091552734,74.87999725341797,73.29000091552734,74.63999938964844,87000,6493679.946899414
2020-07-01 00:00:00,74.63999938964844,74.63999938964844,71.22000122070312,73.55999755859375,151300,11129627.630615234
2020-07-02 00:00:00,74.83999633789062,75.61000061035156,73.76000213623047,73.86000061035156,106300,7851318.064880371
2020-07-06 00:00:00,75.30000305175781,75.62999725341797,71.97000122070312,74.37000274658203,127300,9467301.349639893
2020-07-07 00:00:00,73.76000213623047,73.93000030517578,71.18000030517578,71.20999908447266,159300,11343752.854156494
2020-07-08 00:00:00,71.12999725341797,71.19000244140625,69.08999633789062,69.7699966430664,151400,10563177.491760254
2020-07-09 00:00:00,69.41999816894531,69.70999908447266,67.98999786376953,69.0,219000,15111000.0
2020-07-10 00:00:00,68.93000030517578,69.5,68.13999938964844,69.38999938964844,79100,5488748.951721191
2020-07-13 00:00:00,69.87000274658203,69.87000274658203,67.06999969482422,67.0999984741211,218200,14641219.667053223
2020-07-14 00:00:00,67.43000030517578,68.91999816894531,66.11000061035156,68.63999938964844,381400,26179295.767211914
2020-07-15 00:00:00,69.76000213623047,71.19000244140625,69.58999633789062,70.38999938964844,149900,10551460.9085083
2020-07-16 00:00:00,70.2300033569336,70.72000122070312,68.36000061035156,68.77999877929688,115800,7964723.858642578
2020-07-17 00:00:00,68.69000244140625,69.33999633789062,68.30000305175781,68.55999755859375,170700,11703191.583251953
2020-07-20 00:00:00,68.37000274658203,68.94999694824219,67.01000213623047,67.86000061035156,182700,12398022.11151123
2020-07-21 00:00:00,68.51000213623047,69.36000061035156,67.19000244140625,67.66999816894531,200400,13561067.63305664
2020-07-22 00:00:00,67.54000091552734,68.38999938964844,67.54000091552734,67.98999786376953,151200,10280087.677001953
2020-07-23 00:00:00,68.0999984741211,69.55999755859375,68.0,68.75,99500,6840625.0
2020-07-24 00:00:00,68.41000366210938,68.73999786376953,67.30000305175781,67.37000274658203,114000,7680180.313110352
2020-07-27 00:00:00,67.37999725341797,68.41999816894531,66.7699966430664,67.77999877929688,120600,8174267.852783203
2020-07-28 00:00:00,67.66999816894531,68.44999694824219,67.05000305175781,67.69999694824219,90500,6126849.723815918
2020-07-29 00:00:00,67.91999816894531,69.47000122070312,67.91999816894531,69.13999938964844,154400,10675215.905761719
2020-07-30 00:00:00,68.29000091552734,70.37999725341797,68.29000091552734,70.20999908447266,88800,6234647.918701172
2020-07-31 00:00:00,70.43000030517578,70.95999908447266,68.1500015258789,70.95999908447266,134900,9572503.876495361
2020-08-03 00:00:00,70.91999816894531,71.77999877929688,70.12999725341797,71.37999725341797,161100,11499317.557525635
2020-08-04 00:00:00,71.5,72.48999786376953,70.51000213623047,71.87999725341797,128800,9258143.646240234
2020-08-05 00:00:00,72.69000244140625,73.61000061035156,71.73999786376953,72.58999633789062,156000,11324039.428710938
2020-08-06 00:00:00,72.33999633789062,74.2699966430664,72.2300033569336,74.18000030517578,282300,20941014.086151123
2020-08-07 00:00:00,74.0999984741211,78.0,74.0999984741211,77.97000122070312,178600,13925442.218017578
2020-08-10 00:00:00,77.97000122070312,78.94000244140625,77.66999816894531,78.58999633789062,106200,8346257.611083984
2020-08-11 00:00:00,79.48999786376953,80.0,77.88999938964844,78.25,127400,9969050.0
2020-08-12 00:00:00,79.06999969482422,79.6500015258789,78.12999725341797,78.87999725341797,107800,8503263.703918457
2020-08-13 00:00:00,78.45999908447266,78.97000122070312,77.66999816894531,77.72000122070312,63200,4911904.0771484375
2020-08-14 00:00:00,77.55999755859375,79.48999786376953,77.4000015258789,78.91000366210938,107900,8514389.395141602
2020-08-17 00:00:00,78.75,78.76000213623047,77.18000030517578,77.33000183105469,59500,4601135.108947754
2020-08-18 00:00:00,77.0199966430664,77.08000183105469,75.95999908447266,76.70999908447266,130900,10041338.88015747
2020-08-19 00:00:00,76.56999969482422,77.22000122070312,75.44999694824219,75.95999908447266,155500,11811779.857635498
2020-08-20 00:00:00,75.25,76.63999938964844,74.69000244140625,74.69000244140625,163700,12226753.399658203
2020-08-21 00:00:00,75.16000366210938,75.16000366210938,72.0,75.01000213623047,262300,19675123.560333252
2020-08-24 00:00:00,74.5999984741211,75.69999694824219,73.44999694824219,75.63999938964844,124600,9424743.923950195
2020-08-25 00:00:00,76.08999633789062,76.22000122070312,74.31999969482422,75.47000122070312,173400,13086498.211669922
2020-08-26 00:00:00,75.55999755859375,76.3499984741211,74.51000213623047,76.23999786376953,148300,11306391.683197021
2020-08-27 00:00:00,76.83000183105469,77.93000030517578,75.94000244140625,77.83000183105469,190300,14811049.348449707
2020-08-28 00:00:00,78.51000213623047,78.77999877929688,77.55000305175781,78.76000213623047,82400,6489824.176025391
2020-08-31 00:00:00,78.5,79.33000183105469,78.41999816894531,78.75,165000,12993750.0
2020-09-01 00:00:00,78.5199966430664,79.12000274658203,77.69000244140625,78.5999984741211,185500,14580299.716949463
2020-09-02 00:00:00,78.63999938964844,80.66999816894531,78.63999938964844,80.22000122070312,149800,12016956.182861328
2020-09-03 00:00:00,80.29000091552734,80.29000091552734,78.25,78.7699966430664,153700,12106948.484039307
2020-09-04 00:00:00,79.55999755859375,79.68000030517578,76.91999816894531,77.6500015258789,175200,13604280.267333984
2020-09-08 00:00:00,77.05999755859375,77.51000213623047,75.51000213623047,76.23999786376953,143000,10902319.694519043
2020-09-09 00:00:00,76.66000366210938,77.81999969482422,76.23999786376953,77.30000305175781,158500,12252050.483703613
2020-09-10 00:00:00,77.47000122070312,77.97000122070312,76.73999786376953,76.73999786376953,101000,7750739.784240723
2020-09-11 00:00:00,77.08000183105469,78.5199966430664,76.54000091552734,77.45999908447266,125300,9705737.885284424
2020-09-14 00:00:00,77.5,79.0,77.5,78.9000015258789,151200,11929680.23071289
2020-09-15 00:00:00,79.69999694824219,80.16000366210938,78.93000030517578,79.11000061035156,134800,10664028.08227539
2020-09-16 00:00:00,79.29000091552734,80.73999786376953,79.13999938964844,80.0,111500,8920000.0
2020-09-17 00:00:00,78.94999694824219,81.12999725341797,78.56999969482422,80.62000274658203,144000,11609280.395507812
2020-09-18 00:00:00,81.19999694824219,81.69000244140625,79.33000183105469,80.19000244140625,335300,26887707.818603516
2020-09-21 00:00:00,78.80000305175781,78.91000366210938,76.38999938964844,78.31999969482422,167100,13087271.949005127
2020-09-22 00:00:00,78.61000061035156,79.12000274658203,77.26000213623047,78.33999633789062,156800,12283711.42578125
2020-09-23 00:00:00,78.55000305175781,78.81999969482422,76.19000244140625,76.30000305175781,157700,12032510.481262207
2020-09-24 00:00:00,76.30999755859375,77.94000244140625,76.30999755859375,77.20999908447266,157100,12129690.856170654
2020-09-25 00:00:00,76.76000213623047,77.5,76.54000091552734,77.0,70100,5397700.0
2020-09-28 00:00:00,77.77999877929688,78.63999938964844,77.77999877929688,78.26000213623047,98800,7732088.21105957
2020-09-29 00:00:00,78.25,78.58999633789062,77.04000091552734,77.6500015258789,136000,10560400.207519531
2020-09-30 00:00:00,78.0,78.91000366210938,77.44999694824219,77.61000061035156,92900,7209969.05670166
2020-10-01 00:00:00,78.25,78.55999755859375,76.98999786376953,78.01000213623047,104600,8159846.223449707
2020-10-02 00:00:00,76.93000030517578,78.41999816894531,76.93000030517578,78.04000091552734,65300,5096012.059783936
2020-10-05 00:00:00,78.77999877929688,79.22000122070312,78.27999877929688,79.05999755859375,168500,13321609.588623047
2020-10-06 00:00:00,79.4000015258789,80.54000091552734,78.86000061035156,79.33000183105469,89800,7123834.164428711
2020-10-07 00:00:00,79.77999877929688,80.36000061035156,79.38999938964844,79.77999877929688,94000,7499319.885253906
2020-10-08 00:00:00,80.12999725341797,81.08000183105469,80.12999725341797,80.93000030517578,78100,6320633.0238342285
2020-10-09 00:00:00,81.20999908447266,81.61000061035156,80.13999938964844,80.5,141000,11350500.0
2020-10-12 00:00:00,80.66999816894531,81.8499984741211,80.18000030517578,81.69000244140625,56700,4631823.138427734
2020-10-13 00:00:00,81.11000061035156,81.5199966430664,80.02999877929688,80.12000274658203,82100,6577852.225494385
2020-10-14 00:00:00,80.02999877929688,80.5,79.52999877929688,79.69999694824219,66800,5323959.796142578
2020-10-15 00:00:00,78.9000015258789,80.23999786376953,78.41999816894531,80.0999984741211,48200,3860819.9264526367
2020-10-16 00:00:00,79.9800033569336,81.36000061035156,79.58000183105469,80.91000366210938,86300,6982533.316040039
2020-10-19 00:00:00,81.08999633789062,81.63999938964844,80.16999816894531,80.41000366210938,120400,9681364.440917969
2020-10-20 00:00:00,80.9000015258789,81.5199966430664,79.66000366210938,80.69999694824219,138200,11152739.57824707
2020-10-21 00:00:00,80.91000366210938,81.23999786376953,79.7300033569336,79.75,51500,4107125.0
2020-10-22 00:00:00,79.61000061035156,80.54000091552734,79.04000091552734,80.2699966430664,79800,6405545.732116699
2020-10-23 00:00:00,80.19000244140625,81.37999725341797,79.91000366210938,81.06999969482422,42800,3469795.9869384766
2020-10-26 00:00:00,80.12000274658203,80.54000091552734,78.52999877929688,79.48999786376953,136600,10858333.708190918
2020-10-27 00:00:00,79.45999908447266,80.41999816894531,79.44000244140625,80.08000183105469,165400,13245232.302856445
2020-10-28 00:00:00,78.76000213623047,78.76000213623047,77.18000030517578,77.27999877929688,94300,7287503.884887695
2020-10-29 00:00:00,78.08000183105469,82.12999725341797,78.08000183105469,81.0999984741211,148800,12067679.772949219
2020-10-30 00:00:00,80.69999694824219,81.43000030517578,76.30999755859375,77.16000366210938,143100,11041596.524047852
2020-11-02 00:00:00,77.94999694824219,80.38999938964844,77.94999694824219,80.27999877929688,93200,7482095.886230469
2020-11-03 00:00:00,81.45999908447266,82.08999633789062,80.80000305175781,81.58999633789062,121900,9945820.553588867
2020-11-04 00:00:00,80.83999633789062,81.72000122070312,80.16999816894531,80.6500015258789,49000,3951850.0747680664
2020-11-05 00:00:00,80.72000122070312,83.02999877929688,80.72000122070312,81.80000305175781,85300,6977540.260314941
2020-11-06 00:00:00,82.16000366210938,82.83000183105469,80.18000030517578,80.58999633789062,75200,6060367.724609375
2020-11-09 00:00:00,84.25,86.43000030517578,82.12000274658203,84.48999786376953,221100,18680738.527679443
2020-11-10 00:00:00,85.19000244140625,87.38999938964844,84.5199966430664,86.3499984741211,197600,17062759.698486328
2020-11-11 00:00:00,86.68000030517578,86.69999694824219,84.19999694824219,84.94999694824219,43800,3720809.866333008
2020-11-12 00:00:00,84.2699966430664,84.2699966430664,81.76000213623047,82.31999969482422,82300,6774935.974884033
2020-11-13 00:00:00,83.72000122070312,84.9000015258789,83.05999755859375,84.83999633789062,72600,6159383.734130859
2020-11-16 00:00:00,85.0,87.0999984741211,84.5999984741211,87.0999984741211,140700,12254969.785308838
2020-11-17 00:00:00,86.33999633789062,88.04000091552734,85.62999725341797,86.73999786376953,95200,8257647.796630859
2020-11-18 00:00:00,86.80000305175781,87.04000091552734,85.33000183105469,85.4000015258789,80000,6832000.1220703125
2020-11-19 00:00:00,85.54000091552734,85.88999938964844,84.29000091552734,85.43000030517578,62900,5373547.019195557
2020-11-20 00:00:00,84.9000015258789,85.98999786376953,84.33999633789062,85.58999633789062,68300,5845796.74987793
2020-11-23 00:00:00,86.36000061035156,87.69999694824219,85.5,87.52999877929688,74100,6485972.909545898
2020-11-24 00:00:00,88.44999694824219,89.75,88.44999694824219,89.47000122070312,119100,10655877.145385742
2020-11-25 00:00:00,89.02999877929688,89.72000122070312,88.62999725341797,89.1500015258789,74500,6641675.1136779785
2020-11-27 00:00:00,89.01000213623047,89.98999786376953,88.37000274658203,88.86000061035156,37500,3332250.0228881836
2020-11-30 00:00:00,88.25,89.01000213623047,87.51000213623047,88.0999984741211,133300,11743729.796600342
2020-12-01 00:00:00,89.01000213623047,89.05000305175781,87.48999786376953,88.41000366210938,127600,11281116.467285156
2020-12-02 00:00:00,88.23999786376953,88.63999938964844,87.55999755859375,88.3499984741211,45100,3984584.9311828613
2020-12-03 00:00:00,88.19999694824219,88.7699966430664,87.52999877929688,87.69000244140625,74100,6497829.180908203
2020-12-04 00:00:00,87.7699966430664,90.08999633789062,87.58999633789062,89.79000091552734,47600,4274004.043579102
2020-12-07 00:00:00,89.48999786376953,91.30999755859375,88.69000244140625,91.16999816894531,82700,7539758.848571777
2020-12-08 00:00:00,90.48999786376953,92.12999725341797,90.48999786376953,92.0999984741211,90400,8325839.862060547
2020-12-09 00:00:00,92.88999938964844,93.58999633789062,90.7300033569336,91.41000366210938,114200,10439022.41821289
2020-12-10 00:00:00,92.87999725341797,92.97000122070312,91.55999755859375,92.41000366210938,66500,6145265.243530273
2020-12-11 00:00:00,92.27999877929688,93.27999877929688,92.12999725341797,92.31999969482422,62600,5779231.980895996
2020-12-14 00:00:00,93.05000305175781,93.87000274658203,90.7300033569336,91.0,104600,9518600.0
2020-12-15 00:00:00,91.43000030517578,92.48999786376953,90.0,92.08999633789062,131700,12128252.517700195
2020-12-16 00:00:00,92.20999908447266,92.75,91.47000122070312,91.76000213623047,59800,5487248.127746582
2020-12-17 00:00:00,92.13999938964844,93.06999969482422,91.79000091552734,92.4000015258789,68300,6310920.104217529
2020-12-18 00:00:00,92.77999877929688,93.30000305175781,91.8499984741211,92.01000213623047,364600,33546846.77886963
2020-12-21 00:00:00,90.30000305175781,91.68000030517578,89.0999984741211,91.18000030517578,81400,7422052.024841309
2020-12-22 00:00:00,91.87000274658203,92.51000213623047,90.94000244140625,90.94999694824219,66200,6020889.797973633
2020-12-23 00:00:00,91.68000030517578,93.98999786376953,91.68000030517578,93.54000091552734,96000,8979840.087890625
2020-12-24 00:00:00,93.79000091552734,94.7300033569336,92.55000305175781,93.0999984741211,16100,1498909.9754333496
2020-12-28 00:00:00,93.72000122070312,94.87000274658203,92.0999984741211,93.5,70300,6573050.0
2020-12-29 00:00:00,94.05000305175781,94.75,92.18000030517578,92.69000244140625,78300,7257627.191162109
2020-12-30 00:00:00,92.75,93.73999786376953,92.48999786376953,93.01000213623047,55200,5134152.117919922
2020-12-31 00:00:00,92.62999725341797,93.7699966430664,91.9000015258789,93.22000122070312,47700,4446594.058227539
2021-01-04 00:00:00,93.94000244140625,94.0,90.56999969482422,91.58000183105469,90400,8278832.165527344
2021-01-05 00:00:00,91.5,94.56999969482422,91.19000244140625,93.3499984741211,72900,6805214.888763428
2021-01-06 00:00:00,94.63999938964844,96.95999908447266,94.63999938964844,96.12999725341797,119600,11497147.671508789
2021-01-07 00:00:00,96.76000213623047,98.26000213623047,95.19999694824219,96.69999694824219,61800,5976059.811401367
2021-01-08 00:00:00,96.91999816894531,97.36000061035156,94.87000274658203,95.70999908447266,89700,8585186.917877197
2021-01-11 00:00:00,94.52999877929688,95.94999694824219,94.19000244140625,94.73999786376953,34800,3296951.9256591797
2021-01-12 00:00:00,94.70999908447266,95.5,92.8499984741211,93.80000305175781,137500,12897500.4196167
2021-01-13 00:00:00,93.25,94.55000305175781,92.33999633789062,94.38999938964844,54900,5182010.966491699
2021-01-14 00:00:00,94.8499984741211,95.5,94.69999694824219,94.98999786376953,61500,5841884.868621826
2021-01-15 00:00:00,93.95999908447266,94.25,92.63999938964844,93.62000274658203,64300,6019766.176605225
2021-01-19 00:00:00,94.0199966430664,94.44000244140625,92.19000244140625,93.02999877929688,76600,7126097.906494141
2021-01-20 00:00:00,93.44000244140625,94.5,92.86000061035156,93.33000183105469,72000,6719760.1318359375
2021-01-21 00:00:00,93.4800033569336,93.5,91.79000091552734,92.55999755859375,57100,5285175.860595703
2021-01-22 00:00:00,91.80000305175781,92.86000061035156,91.0,92.61000061035156,57400,5315814.03503418
2021-01-25 00:00:00,92.63999938964844,94.47000122070312,91.83999633789062,94.26000213623047,90600,8539956.19354248
2021-01-26 00:00:00,94.23999786376953,94.48999786376953,92.76000213623047,93.4000015258789,65000,6071000.099182129
2021-01-27 00:00:00,92.0199966430664,94.5,92.0199966430664,93.5999984741211,129300,12102479.802703857
2021-01-28 00:00:00,97.5,97.5,89.9800033569336,90.8499984741211,185700,16870844.716644287
2021-01-29 00:00:00,91.87999725341797,92.23999786376953,89.0999984741211,90.0199966430664,164600,14817291.44744873
2021-02-01 00:00:00,89.95999908447266,92.4800033569336,89.20999908447266,92.0999984741211,96000,8841599.853515625
2021-02-02 00:00:00,92.63999938964844,92.63999938964844,90.31999969482422,91.47000122070312,98700,9028089.120483398
2021-02-03 00:00:00,90.8499984741211,91.20999908447266,89.77999877929688,90.0,112300,10107000.0
2021-02-04 00:00:00,89.76000213623047,93.41000366210938,89.76000213623047,93.31999969482422,97500,9098699.970245361
2021-02-05 00:00:00,93.98999786376953,94.5,92.22000122070312,93.4000015258789,102000,9526800.155639648
2021-02-08 00:00:00,93.52999877929688,96.66999816894531,93.52999877929688,95.5999984741211,120000,11471999.816894531
2021-02-09 00:00:00,95.12999725341797,95.12999725341797,93.13999938964844,93.9800033569336,76400,7180072.256469727
2021-02-10 00:00:00,94.16000366210938,94.70999908447266,92.77999877929688,93.33000183105469,91600,8549028.16772461
2021-02-11 00:00:00,94.12999725341797,94.47000122070312,91.5199966430664,92.37999725341797,94400,8720671.740722656
2021-02-12 00:00:00,92.01000213623047,93.97000122070312,92.0,93.83000183105469,106700,10011661.195373535
2021-02-16 00:00:00,94.37000274658203,94.87000274658203,93.8499984741211,94.87000274658203,63900,6062193.175506592
2021-02-17 00:00:00,94.18000030517578,95.2699966430664,93.2699966430664,93.76000213623047,57500,5391200.122833252
2021-02-18 00:00:00,93.5,94.22000122070312,91.75,93.94000244140625,83000,7797020.202636719
2021-02-19 00:00:00,93.9000015258789,95.2300033569336,92.38999938964844,92.6500015258789,99100,9181615.1512146
2021-02-22 00:00:00,92.81999969482422,94.08000183105469,92.13999938964844,93.55000305175781,61100,5715905.186462402
2021-02-23 00:00:00,92.91999816894531,95.4000015258789,92.30000305175781,94.77999877929688,98600,9345307.879638672
2021-02-24 00:00:00,95.30999755859375,96.75,95.23999786376953,96.30999755859375,61200,5894171.8505859375
2021-02-25 00:00:00,96.51000213623047,98.0,95.58000183105469,96.38999938964844,115600,11142683.92944336
2021-02-26 00:00:00,96.38999938964844,96.94999694824219,94.06999969482422,94.62000274658203,135100,12783162.371063232
2021-03-01 00:00:00,95.95999908447266,96.62000274658203,94.30000305175781,95.0,90600,8607000.0
2021-03-02 00:00:00,95.0,95.0,92.62000274658203,93.11000061035156,127500,11871525.077819824
2021-03-03 00:00:00,92.95999908447266,94.1500015258789,92.37999725341797,92.8499984741211,80500,7474424.877166748
2021-03-04 00:00:00,93.26000213623047,94.30000305175781,92.83000183105469,93.86000061035156,118200,11094252.072143555
2021-03-05 00:00:00,94.94000244140625,96.66999816894531,94.38999938964844,96.3499984741211,158700,15290744.757843018
2021-03-08 00:00:00,97.13999938964844,98.11000061035156,96.37999725341797,97.27999877929688,122300,11897343.850708008
2021-03-09 00:00:00,97.54000091552734,99.37000274658203,95.83000183105469,97.11000061035156,78700,7642557.048034668
2021-03-10 00:00:00,97.5,99.05999755859375,97.19999694824219,98.36000061035156,68300,6717988.041687012
2021-03-11 00:00:00,98.69999694824219,99.18000030517578,96.77999877929688,97.33000183105469,82400,8019992.150878906
2021-03-12 00:00:00,97.36000061035156,98.80999755859375,96.44999694824219,97.88999938964844,63300,6196436.961364746
2021-03-15 00:00:00,97.44000244140625,99.43000030517578,96.66999816894531,99.13999938964844,69500,6890229.957580566
2021-03-16 00:00:00,99.19000244140625,100.5,98.25,99.62000274658203,113300,11286946.311187744
2021-03-17 00:00:00,98.63999938964844,100.43000030517578,97.47000122070312,100.0199966430664,69500,6951389.766693115
2021-03-18 00:00:00,99.18000030517578,100.66999816894531,97.16999816894531,98.73999786376953,50300,4966621.892547607
2021-03-19 00:00:00,95.08999633789062,99.7699966430664,95.08999633789062,98.75,196900,19443875.0
2021-03-22 00:00:00,98.94999694824219,99.68000030517578,96.48999786376953,97.56999969482422,61700,6020068.981170654
2021-03-23 00:00:00,98.0,100.66000366210938,96.30999755859375,96.87999725341797,94800,9184223.739624023
2021-03-24 00:00:00,97.7699966430664,98.81999969482422,96.05000305175781,96.33000183105469,85800,8265114.157104492
2021-03-25 00:00:00,95.97000122070312,97.33999633789062,95.20999908447266,96.37999725341797,78500,7565829.784393311
2021-03-26 00:00:00,97.26000213623047,98.08000183105469,95.4000015258789,97.94000244140625,84100,8236754.205322266
2021-03-29 00:00:00,97.61000061035156,99.0999984741211,96.66000366210938,97.19000244140625,77500,7532225.189208984
2021-03-30 00:00:00,97.45999908447266,97.45999908447266,96.05000305175781,96.6500015258789,82300,7954295.125579834
2021-03-31 00:00:00,97.05999755859375,100.0,95.3499984741211,96.0999984741211,128000,12300799.8046875
2021-04-01 00:00:00,96.70999908447266,97.27999877929688,96.13999938964844,96.91000366210938,66200,6415442.242431641
2021-04-05 00:00:00,96.98999786376953,98.25,96.58999633789062,97.23999786376953,91400,8887735.804748535
2021-04-06 00:00:00,97.19999694824219,97.66000366210938,95.88999938964844,96.8499984741211,81200,7864219.876098633
2021-04-07 00:00:00,96.70999908447266,97.19000244140625,95.62000274658203,96.0199966430664,83300,7998465.720367432
2021-04-08 00:00:00,96.4800033569336,96.95999908447266,96.0,96.80000305175781,132500,12826000.40435791
2021-04-09 00:00:00,97.05000305175781,97.31999969482422,96.1500015258789,97.16999816894531,70200,6821333.871459961
2021-04-12 00:00:00,96.66999816894531,97.48999786376953,96.61000061035156,96.9000015258789,60600,5872140.092468262
2021-04-13 00:00:00,97.13999938964844,97.13999938964844,95.0999984741211,96.44999694824219,87300,8420084.733581543
2021-04-14 00:00:00,96.80000305175781,97.26000213623047,96.43000030517578,96.62000274658203,43700,4222294.120025635
2021-04-15 00:00:00,97.30000305175781,98.98999786376953,96.4000015258789,98.83000183105469,75500,7461665.138244629
2021-04-16 00:00:00,99.69999694824219,99.69999694824219,98.4000015258789,98.66999816894531,46000,4538819.915771484
2021-04-19 00:00:00,98.73999786376953,99.25,98.01000213623047,99.22000122070312,56900,5645618.069458008
2021-04-20 00:00:00,98.87999725341797,99.5199966430664,96.88999938964844,97.23999786376953,55400,5387095.881652832
2021-04-21 00:00:00,97.5,98.62999725341797,97.5,97.66999816894531,48300,4717460.911560059
2021-04-22 00:00:00,97.94000244140625,99.20999908447266,96.80000305175781,97.76000213623047,55500,5425680.118560791
2021-04-23 00:00:00,98.08000183105469,99.94999694824219,97.6500015258789,99.20999908447266,62600,6210545.942687988
2021-04-26 00:00:00,99.44000244140625,101.0,98.7699966430664,99.80000305175781,79800,7964040.243530273
2021-04-27 00:00:00,100.63999938964844,101.66000366210938,100.0,100.86000061035156,118100,11911566.07208252
2021-04-28 00:00:00,100.30000305175781,101.77999877929688,99.70999908447266,100.88999938964844,144400,14568515.911865234
2021-04-29 00:00:00,98.4000015258789,101.4800033569336,95.70999908447266,96.87999725341797,143400,13892591.606140137
2021-04-30 00:00:00,97.2699966430664,97.9800033569336,95.83999633789062,96.56999969482422,101900,9840482.968902588
2021-05-03 00:00:00,96.79000091552734,96.79000091552734,95.37000274658203,95.5999984741211,170800,16328479.739379883
2021-05-04 00:00:00,95.80000305175781,95.97000122070312,94.0999984741211,94.6500015258789,51100,4836615.077972412
2021-05-05 00:00:00,95.0,95.98999786376953,94.5999984741211,95.33999633789062,90500,8628269.668579102
2021-05-06 00:00:00,95.44000244140625,96.91999816894531,94.36000061035156,96.77999877929688,87600,8477927.893066406
2021-05-07 00:00:00,96.76000213623047,97.68000030517578,93.58000183105469,96.4800033569336,105200,10149696.353149414
2021-05-10 00:00:00,96.48999786376953,96.75,95.37000274658203,95.79000091552734,84500,8094255.077362061
2021-05-11 00:00:00,94.83999633789062,96.72000122070312,94.12000274658203,95.9800033569336,85800,8235084.288024902
2021-05-12 00:00:00,95.5999984741211,96.44000244140625,91.94999694824219,92.22000122070312,268000,24714960.327148438
2021-05-13 00:00:00,92.5,95.30000305175781,92.5,94.87000274658203,84000,7969080.230712891
2021-05-14 00:00:00,95.31999969482422,96.25,92.62000274658203,95.63999938964844,75400,7211255.953979492
2021-05-17 00:00:00,95.06999969482422,96.08000183105469,95.06999969482422,95.56999969482422,59000,5638629.981994629
2021-05-18 00:00:00,95.4800033569336,96.36000061035156,94.23999786376953,94.25,59600,5617300.0
2021-05-19 00:00:00,93.37999725341797,95.01000213623047,92.44999694824219,94.7300033569336,63500,6015355.213165283
2021-05-20 00:00:00,94.44999694824219,95.37999725341797,94.43000030517578,95.16999816894531,61200,5824403.887939453
2021-05-21 00:00:00,95.25,95.70999908447266,94.05000305175781,95.13999938964844,63700,6060417.9611206055
2021-05-24 00:00:00,95.6500015258789,95.77999877929688,94.18000030517578,95.36000061035156,37700,3595072.023010254
2021-05-25 00:00:00,95.80999755859375,95.80999755859375,94.72000122070312,95.48999786376953,173200,16538867.630004883
2021-05-26 00:00:00,95.77999877929688,96.68000030517578,94.91999816894531,96.58000183105469,51800,5002844.094848633
2021-05-27 00:00:00,97.13999938964844,97.87999725341797,96.66000366210938,96.68000030517578,60000,5800800.018310547
2021-05-28 00:00:00,97.0199966430664,97.4800033569336,95.44000244140625,96.36000061035156,37700,3632772.023010254
2021-06-01 00:00:00,96.91000366210938,97.41999816894531,95.41000366210938,96.7699966430664,71900,6957762.758636475
2021-06-02 00:00:00,96.9800033569336,97.87999725341797,95.66999816894531,96.1500015258789,48400,4653660.073852539
2021-06-03 00:00:00,95.62999725341797,97.52999877929688,95.04000091552734,97.11000061035156,70900,6885099.043273926
2021-06-04 00:00:00,97.25,97.25,96.38999938964844,96.95999908447266,35900,3480863.9671325684
2021-06-07 00:00:00,97.0199966430664,97.58000183105469,95.62999725341797,96.33000183105469,91600,8823828.16772461
2021-06-08 00:00:00,96.37999725341797,96.44999694824219,95.12999725341797,96.05999755859375,94400,9068063.76953125
2021-06-09 00:00:00,96.0,97.0999984741211,96.0,96.45999908447266,64000,6173439.94140625
2021-06-10 00:00:00,96.6500015258789,97.25,96.55000305175781,96.93000030517578,63600,6164748.01940918
2021-06-11 00:00:00,96.9800033569336,98.37999725341797,96.9800033569336,98.20999908447266,93800,9212097.914123535
2021-06-14 00:00:00,98.11000061035156,99.80999755859375,97.75,97.94000244140625,172700,16914238.42163086
2021-06-15 00:00:00,98.2300033569336,100.6500015258789,97.95999908447266,100.58999633789062,120500,12121094.55871582
2021-06-16 00:00:00,100.91999816894531,102.23999786376953,99.88999938964844,101.75,112800,11477400.0
2021-06-17 00:00:00,101.75,102.16000366210938,100.69000244140625,101.95999908447266,133300,13591267.877960205
2021-06-18 00:00:00,101.13999938964844,101.13999938964844,98.16999816894531,98.36000061035156,328300,32291588.200378418
2021-06-21 00:00:00,99.0199966430664,100.26000213623047,98.08999633789062,99.19999694824219,107800,10693759.671020508
2021-06-22 00:00:00,98.94999694824219,99.11000061035156,97.23999786376953,98.37000274658203,77400,7613838.212585449
2021-06-23 00:00:00,98.2699966430664,98.55999755859375,97.70999908447266,97.72000122070312,59900,5853428.073120117
2021-06-24 00:00:00,98.30999755859375,98.83999633789062,97.29000091552734,98.83999633789062,67700,6691467.752075195
2021-06-25 00:00:00,99.19000244140625,100.6500015258789,99.11000061035156,100.44000244140625,768400,77178097.87597656
2021-06-28 00:00:00,100.93000030517578,100.93000030517578,99.55999755859375,100.4000015258789,77700,7801080.118560791
2021-06-29 00:00:00,100.76000213623047,100.94999694824219,99.62000274658203,100.12999725341797,54500,5457084.850311279
2021-06-30 00:00:00,100.12999725341797,101.80000305175781,100.12999725341797,101.63999938964844,106700,10844987.934875488
2021-07-01 00:00:00,101.63999938964844,101.63999938964844,99.80999755859375,100.52999877929688,96500,9701144.882202148
2021-07-02 00:00:00,101.08999633789062,101.08999633789062,100.08000183105469,100.23999786376953,58300,5843991.875457764
2021-07-06 00:00:00,99.94999694824219,101.04000091552734,98.55000305175781,99.91000366210938,68300,6823853.25012207
2021-07-07 00:00:00,100.08000183105469,100.54000091552734,98.70999908447266,99.31999969482422,75200,7468863.977050781
2021-07-08 00:00:00,98.2699966430664,99.8499984741211,98.2699966430664,99.47000122070312,107800,10722866.131591797
2021-07-09 00:00:00,99.8499984741211,100.55000305175781,99.5199966430664,100.06999969482422,47700,4773338.985443115
2021-07-12 00:00:00,99.93000030517578,100.04000091552734,99.0,99.98999786376953,72500,7249274.845123291
2021-07-13 00:00:00,99.52999877929688,100.19999694824219,98.56999969482422,98.8499984741211,96100,9499484.853363037
2021-07-14 00:00:00,99.4800033569336,100.2300033569336,98.69000244140625,99.04000091552734,40100,3971504.0367126465
2021-07-15 00:00:00,98.62999725341797,98.83000183105469,97.08999633789062,97.66999816894531,88700,8663328.83758545
2021-07-16 00:00:00,98.37000274658203,98.37000274658203,96.33000183105469,97.05000305175781,85900,8336595.262145996
2021-07-19 00:00:00,96.19000244140625,96.7699966430664,94.22000122070312,94.58999633789062,140100,13252058.486938477
2021-07-20 00:00:00,94.61000061035156,96.88999938964844,94.61000061035156,95.87999725341797,144000,13806719.604492188
2021-07-21 00:00:00,96.11000061035156,97.04000091552734,96.08000183105469,96.55999755859375,63700,6150871.844482422
2021-07-22 00:00:00,96.52999877929688,96.7300033569336,94.5999984741211,94.79000091552734,70200,6654258.0642700195
2021-07-23 00:00:00,95.06999969482422,95.62000274658203,93.77999877929688,95.4800033569336,89600,8555008.30078125
2021-07-26 00:00:00,95.75,97.2699966430664,95.75,97.1500015258789,52900,5139235.080718994
2021-07-27 00:00:00,97.9000015258789,98.76000213623047,96.45999908447266,98.55000305175781,90100,8879355.274963379
2021-07-28 00:00:00,98.31999969482422,99.80000305175781,97.5,99.41000366210938,110400,10974864.404296875
2021-07-29 00:00:00,99.94999694824219,100.38999938964844,99.62000274658203,99.87999725341797,65100,6502187.82119751
2021-07-30 00:00:00,99.6500015258789,100.43000030517578,99.37999725341797,100.05000305175781,43300,4332165.132141113
2021-08-02 00:00:00,100.12000274658203,100.6500015258789,97.87000274658203,98.08000183105469,69900,6855792.127990723
2021-08-03 00:00:00,98.37999725341797,99.16000366210938,97.5199966430664,98.2699966430664,114900,11291222.61428833
2021-08-04 00:00:00,98.0,98.2699966430664,96.01000213623047,96.26000213623047,73600,7084736.1572265625
2021-08-05 00:00:00,96.86000061035156,96.94000244140625,96.08000183105469,96.44999694824219,77500,7474874.7634887695
2021-08-06 00:00:00,97.08000183105469,98.43000030517578,96.37999725341797,98.05999755859375,88200,8648891.784667969
2021-08-09 00:00:00,98.45999908447266,101.0,97.83999633789062,98.7300033569336,111700,11028141.374969482
2021-08-10 00:00:00,99.41999816894531,100.0,99.08999633789062,99.61000061035156,90600,9024666.055297852
2021-08-11 00:00:00,100.23999786376953,101.36000061035156,100.23999786376953,101.33000183105469,85200,8633316.15600586
2021-08-12 00:00:00,101.2699966430664,101.2699966430664,99.5,100.06999969482422,65400,6544577.980041504
2021-08-13 00:00:00,100.47000122070312,100.75,99.2699966430664,100.75,50500,5087875.0
2021-08-16 00:00:00,100.41000366210938,101.26000213623047,99.95999908447266,100.6500015258789,52100,5243865.079498291
2021-08-17 00:00:00,100.12999725341797,100.44999694824219,98.6500015258789,98.87999725341797,76000,7514879.791259766
2021-08-18 00:00:00,98.43000030517578,101.4000015258789,98.25,100.7699966430664,100000,10076999.66430664
2021-08-19 00:00:00,99.98999786376953,100.3499984741211,97.55999755859375,99.13999938964844,116400,11539895.928955078
2021-08-20 00:00:00,98.9000015258789,100.94000244140625,98.5199966430664,99.88999938964844,99600,9949043.939208984
2021-08-23 00:00:00,100.0,100.2699966430664,98.0999984741211,98.33000183105469,52900,5201657.096862793
2021-08-24 00:00:00,98.18000030517578,98.5999984741211,97.30000305175781,97.83000183105469,59500,5820885.108947754
2021-08-25 00:00:00,98.22000122070312,98.73999786376953,97.2300033569336,98.0,94600,9270800.0
2021-08-26 00:00:00,96.5,98.19000244140625,96.5,97.86000061035156,107000,10471020.065307617
2021-08-27 00:00:00,97.83000183105469,99.54000091552734,97.66000366210938,98.69999694824219,85100,8399369.74029541
2021-08-30 00:00:00,99.2300033569336,99.52999877929688,98.33000183105469,98.73999786376953,62100,6131753.867340088
2021-08-31 00:00:00,98.62999725341797,99.68000030517578,98.25,98.94000244140625,67500,6678450.164794922
2021-09-01 00:00:00,98.76000213623047,98.76000213623047,96.8499984741211,97.62999725341797,114600,11188397.6852417
2021-09-02 00:00:00,97.66000366210938,99.8499984741211,97.08999633789062,99.45999908447266,94000,9349239.91394043
2021-09-03 00:00:00,99.1500015258789,99.1500015258789,95.86000061035156,97.91999816894531,95600,9361151.824951172
2021-09-07 00:00:00,97.58000183105469,97.87999725341797,96.61000061035156,97.77999877929688,102700,10042005.874633789
2021-09-08 00:00:00,97.4000015258789,97.9000015258789,96.18000030517578,96.48999786376953,98700,9523562.789154053
2021-09-09 00:00:00,96.72000122070312,97.3499984741211,95.6500015258789,96.7300033569336,98600,9537578.330993652
2021-09-10 00:00:00,96.93000030517578,96.93000030517578,94.91999816894531,95.01000213623047,87500,8313375.186920166
2021-09-13 00:00:00,95.27999877929688,96.02999877929688,93.88999938964844,94.44000244140625,136800,12919392.333984375
2021-09-14 00:00:00,94.9000015258789,94.9000015258789,92.83999633789062,93.30000305175781,106900,9973770.32623291
2021-09-15 00:00:00,93.08999633789062,93.95999908447266,92.38999938964844,93.18000030517578,146300,13632234.044647217
2021-09-16 00:00:00,93.30999755859375,93.5999984741211,91.68000030517578,92.8499984741211,105400,9786389.839172363
2021-09-17 00:00:00,92.8499984741211,93.87999725341797,92.16000366210938,93.19000244140625,270000,25161300.659179688
2021-09-20 00:00:00,92.37999725341797,93.0999984741211,91.37000274658203,92.80000305175781,137200,12732160.418701172
2021-09-21 00:00:00,93.26000213623047,93.58999633789062,91.08000183105469,91.2699966430664,88100,8040886.70425415
2021-09-22 00:00:00,91.73999786376953,93.16000366210938,91.20999908447266,92.70999908447266,76900,7129398.929595947
2021-09-23 00:00:00,93.2699966430664,94.18000030517578,92.5,93.76000213623047,74600,6994496.159362793
2021-09-24 00:00:00,93.43000030517578,94.44000244140625,93.43000030517578,94.08000183105469,76600,7206528.140258789
2021-09-27 00:00:00,94.04000091552734,95.69000244140625,94.04000091552734,95.2300033569336,88500,8427855.297088623
2021-09-28 00:00:00,95.4000015258789,96.06999969482422,94.4800033569336,94.70999908447266,73900,6999068.932342529
2021-09-29 00:00:00,95.04000091552734,95.61000061035156,94.0999984741211,95.08999633789062,44300,4212486.837768555
2021-09-30 00:00:00,95.41000366210938,96.0,94.7300033569336,94.80000305175781,220800,20931840.673828125
2021-10-01 00:00:00,94.9000015258789,96.22000122070312,93.98999786376953,95.95999908447266,113800,10920247.895812988
2021-10-04 00:00:00,95.80000305175781,96.58000183105469,93.98999786376953,95.87000274658203,87900,8426973.24142456
2021-10-05 00:00:00,95.83999633789062,97.29000091552734,95.58000183105469,95.73999786376953,84200,8061307.8201293945
2021-10-06 00:00:00,95.25,96.22000122070312,94.58999633789062,96.05999755859375,78900,7579133.807373047
2021-10-07 00:00:00,96.9800033569336,97.94000244140625,95.95999908447266,96.25,126400,12166000.0
2021-10-08 00:00:00,96.55999755859375,97.52999877929688,96.12000274658203,97.2300033569336,33600,3266928.1127929688
2021-10-11 00:00:00,97.44000244140625,97.94999694824219,95.5199966430664,95.69000244140625,73400,7023646.179199219
2021-10-12 00:00:00,95.80000305175781,96.93000030517578,95.5,95.55999755859375,52400,5007343.8720703125
2021-10-13 00:00:00,95.45999908447266,95.54000091552734,94.22000122070312,94.75,51900,4917525.0
2021-10-14 00:00:00,94.83000183105469,96.02999877929688,94.58999633789062,95.33000183105469,61100,5824663.111877441
2021-10-15 00:00:00,96.08999633789062,96.43000030517578,94.87999725341797,94.9000015258789,71300,6766370.108795166
2021-10-18 00:00:00,94.56999969482422,95.2699966430664,94.13999938964844,94.16000366210938,46700,4397272.171020508
2021-10-19 00:00:00,94.58999633789062,94.87999725341797,93.79000091552734,94.4800033569336,41900,3958712.1406555176
2021-10-20 00:00:00,94.62999725341797,95.86000061035156,94.31999969482422,94.77999877929688,49900,4729521.939086914
2021-10-21 00:00:00,94.86000061035156,95.79000091552734,94.73999786376953,95.58000183105469,48200,4606956.088256836
2021-10-22 00:00:00,95.56999969482422,96.19999694824219,94.97000122070312,95.05000305175781,54700,5199235.166931152
2021-10-25 00:00:00,95.1500015258789,95.55999755859375,94.30999755859375,94.9000015258789,55200,5238480.084228516
2021-10-26 00:00:00,94.80000305175781,95.30000305175781,94.08000183105469,94.12000274658203,54400,5120128.1494140625
2021-10-27 00:00:00,93.88999938964844,94.94999694824219,93.06999969482422,94.77999877929688,103000,9762339.874267578
2021-10-28 00:00:00,98.0,98.87999725341797,90.16000366210938,94.11000061035156,105800,9956838.064575195
2021-10-29 00:00:00,94.11000061035156,94.33999633789062,92.79000091552734,93.11000061035156,97900,9115469.059753418
2021-11-01 00:00:00,92.87999725341797,93.72000122070312,91.63999938964844,92.16000366210938,154600,14247936.56616211
2021-11-02 00:00:00,92.73999786376953,93.80000305175781,92.0,92.76000213623047,98000,9090480.209350586
2021-11-03 00:00:00,92.44999694824219,94.41999816894531,91.68000030517578,93.6500015258789,105900,9917535.161590576
2021-11-04 00:00:00,93.88999938964844,94.19999694824219,93.05999755859375,93.95999908447266,74700,7018811.931610107
2021-11-05 00:00:00,94.58999633789062,96.16000366210938,93.43000030517578,95.95999908447266,85300,8185387.921905518
2021-11-08 00:00:00,96.30999755859375,96.91000366210938,94.83999633789062,95.13999938964844,64100,6098473.960876465
2021-11-09 00:00:00,95.23999786376953,95.62000274658203,94.69000244140625,95.1500015258789,57000,5423550.086975098
2021-11-10 00:00:00,95.13999938964844,95.54000091552734,95.13999938964844,95.44999694824219,64000,6108799.8046875
2021-11-11 00:00:00,95.26000213623047,96.05000305175781,95.08000183105469,95.62000274658203,41500,3968230.1139831543
2021-11-12 00:00:00,95.87999725341797,96.06999969482422,95.2300033569336,95.51000213623047,50300,4804153.107452393
2021-11-15 00:00:00,96.0,96.43000030517578,95.5199966430664,96.43000030517578,92800,8948704.028320312
2021-11-16 00:00:00,96.41999816894531,97.70999908447266,95.9800033569336,97.25,68100,6622725.0
2021-11-17 00:00:00,97.0,97.87000274658203,96.97000122070312,97.44999694824219,102500,9988624.687194824
2021-11-18 00:00:00,97.43000030517578,97.72000122070312,94.97000122070312,95.12000274658203,100000,9512000.274658203
2021-11-19 00:00:00,94.80999755859375,96.06999969482422,94.80999755859375,95.16000366210938,73400,6984744.268798828
2021-11-22 00:00:00,95.30999755859375,96.37999725341797,94.5,94.94999694824219,80400,7633979.754638672
2021-11-23 00:00:00,95.0999984741211,95.5,93.86000061035156,94.43000030517578,98500,9301355.030059814
2021-11-24 00:00:00,94.43000030517578,94.83000183105469,93.3499984741211,93.55000305175781,66000,6174300.201416016
2021-11-26 00:00:00,91.9800033569336,92.77999877929688,90.56999969482422,91.20999908447266,115300,10516512.894439697
2021-11-29 00:00:00,91.91999816894531,92.08999633789062,90.4800033569336,90.5,103200,9339600.0
2021-11-30 00:00:00,89.94999694824219,91.79000091552734,88.69000244140625,90.93000030517578,374100,34016913.11416626
2021-12-01 00:00:00,91.94999694824219,92.13999938964844,88.30000305175781,88.45999908447266,158300,14003217.855072021
2021-12-02 00:00:00,88.58999633789062,90.08000183105469,88.56999969482422,89.87000274658203,135100,12141437.371063232
2021-12-03 00:00:00,89.80000305175781,90.25,88.5999984741211,89.0,107700,9585300.0
2021-12-06 00:00:00,89.20999908447266,93.02999877929688,89.20999908447266,92.98999786376953,138600,12888413.703918457
2021-12-07 00:00:00,93.55000305175781,94.08000183105469,92.5999984741211,92.91999816894531,83600,7768111.846923828
2021-12-08 00:00:00,93.13999938964844,93.83000183105469,92.87000274658203,93.19999694824219,80700,7521239.7537231445
2021-12-09 00:00:00,93.08000183105469,93.66000366210938,92.4000015258789,92.47000122070312,72900,6741063.088989258
2021-12-10 00:00:00,92.69000244140625,93.9800033569336,92.5999984741211,92.83999633789062,77300,7176531.716918945
2021-12-13 00:00:00,92.37999725341797,92.7699966430664,91.44000244140625,91.94000244140625,139900,12862406.341552734
2021-12-14 00:00:00,91.72000122070312,92.63999938964844,91.19999694824219,92.12999725341797,88800,8181143.756103516
2021-12-15 00:00:00,92.0999984741211,93.80000305175781,87.97000122070312,93.70999908447266,216700,20306956.801605225
2021-12-16 00:00:00,93.79000091552734,95.0999984741211,91.31999969482422,91.56999969482422,132100,12096396.95968628
2021-12-17 00:00:00,91.38999938964844,92.83999633789062,89.97000122070312,90.68000030517578,358900,32545052.109527588
2021-12-20 00:00:00,89.81999969482422,90.56999969482422,88.16000366210938,90.3499984741211,109700,9911394.832611084
2021-12-21 00:00:00,90.98999786376953,92.36000061035156,90.76000213623047,91.86000061035156,74100,6806826.045227051
2021-12-22 00:00:00,91.58000183105469,92.19000244140625,90.30999755859375,92.0199966430664,46300,4260525.844573975
2021-12-23 00:00:00,92.36000061035156,92.52999877929688,88.56999969482422,92.27999877929688,31100,2869907.962036133
2021-12-27 00:00:00,92.58999633789062,94.55000305175781,91.73999786376953,92.76000213623047,78700,7300212.168121338
2021-12-28 00:00:00,93.06999969482422,93.5999984741211,92.18000030517578,92.55000305175781,38100,3526155.1162719727
2021-12-29 00:00:00,92.83999633789062,93.51000213623047,92.26000213623047,93.16999816894531,48000,4472159.912109375
2021-12-30 00:00:00,93.19999694824219,94.44000244140625,92.87000274658203,93.2300033569336,42100,3924983.1413269043
2021-12-31 00:00:00,93.16999816894531,93.5999984741211,92.27999877929688,93.19999694824219,56700,5284439.826965332
2022-01-03 00:00:00,93.44999694824219,94.2300033569336,92.22000122070312,93.70999908447266,71300,6681522.9347229
2022-01-04 00:00:00,93.98999786376953,95.0,93.8499984741211,94.4000015258789,56100,5295840.085601807
2022-01-05 00:00:00,94.51000213623047,95.62999725341797,94.02999877929688,94.12000274658203,61600,5797792.169189453
2022-01-06 00:00:00,94.12000274658203,94.66999816894531,93.6500015258789,93.66000366210938,52100,4879686.190795898
2022-01-07 00:00:00,93.19999694824219,93.77999877929688,90.87999725341797,91.25,109000,9946250.0
2022-01-10 00:00:00,91.13999938964844,92.12000274658203,90.98999786376953,91.4800033569336,79900,7309252.268218994
2022-01-11 00:00:00,91.63999938964844,91.63999938964844,89.5,90.69999694824219,88600,8036019.729614258
2022-01-12 00:00:00,91.08000183105469,91.56999969482422,89.0,89.19999694824219,73300,6538359.776306152
2022-01-13 00:00:00,89.58000183105469,89.94999694824219,88.48999786376953,88.80000305175781,37600,3338880.1147460938
2022-01-14 00:00:00,88.75,90.05999755859375,88.75,89.66999816894531,84600,7586081.845092773
2022-01-18 00:00:00,89.9800033569336,89.9800033569336,87.69999694824219,88.16000366210938,80800,7123328.2958984375
2022-01-19 00:00:00,88.44999694824219,89.12000274658203,87.62000274658203,87.66999816894531,95700,8390018.824768066
2022-01-20 00:00:00,88.11000061035156,88.56999969482422,86.16000366210938,86.51000213623047,136700,11825917.292022705
2022-01-21 00:00:00,86.1500015258789,88.13999938964844,86.1500015258789,86.58999633789062,99200,8589727.63671875
2022-01-24 00:00:00,85.93000030517578,88.22000122070312,85.02999877929688,88.0199966430664,122700,10800053.588104248
2022-01-25 00:00:00,87.58000183105469,87.58000183105469,83.68000030517578,85.26000213623047,144100,12285966.30783081
2022-01-26 00:00:00,85.45999908447266,87.33999633789062,83.2300033569336,83.6500015258789,163300,13660045.249176025
2022-01-27 00:00:00,83.58999633789062,85.87000274658203,79.72000122070312,81.83999633789062,170300,13937351.376342773
2022-01-28 00:00:00,82.41999816894531,84.01000213623047,81.23999786376953,81.91000366210938,130600,10697446.478271484
2022-01-31 00:00:00,81.37000274658203,83.19999694824219,81.29000091552734,82.94000244140625,121900,10110386.297607422
2022-02-01 00:00:00,82.26000213623047,83.38999938964844,81.01000213623047,83.12000274658203,117400,9758288.32244873
2022-02-02 00:00:00,82.87999725341797,82.87999725341797,81.93000030517578,82.55000305175781,166400,13736320.5078125
2022-02-03 00:00:00,82.4000015258789,82.93000030517578,80.05000305175781,80.0999984741211,108100,8658809.83505249
2022-02-04 00:00:00,80.0,80.44000244140625,78.62999725341797,79.02999877929688,166200,13134785.79711914
2022-02-07 00:00:00,79.0199966430664,80.4000015258789,78.66999816894531,79.63999938964844,149900,11938035.9085083
2022-02-08 00:00:00,79.54000091552734,82.23999786376953,79.02999877929688,82.05000305175781,132600,10879830.404663086
2022-02-09 00:00:00,82.3499984741211,83.36000061035156,82.1500015258789,83.06999969482422,120700,10026548.963165283
2022-02-10 00:00:00,82.05999755859375,83.04000091552734,80.7699966430664,80.94000244140625,122300,9898962.298583984
2022-02-11 00:00:00,80.8499984741211,81.4800033569336,79.5,80.08000183105469,137200,10986976.251220703
2022-02-14 00:00:00,80.18000030517578,81.19000244140625,79.47000122070312,80.2699966430664,121000,9712669.593811035
2022-02-15 00:00:00,80.70999908447266,82.08000183105469,80.70999908447266,81.94999694824219,110800,9080059.661865234
2022-02-16 00:00:00,82.30000305175781,82.30000305175781,80.0,81.05000305175781,141700,11484785.432434082
2022-02-17 00:00:00,80.23999786376953,80.69999694824219,79.30999755859375,80.36000061035156,96100,7722596.058654785
2022-02-18 00:00:00,80.08000183105469,80.98999786376953,80.08000183105469,80.73999786376953,149100,12038333.681488037
2022-02-22 00:00:00,80.55999755859375,81.0199966430664,79.55999755859375,80.37000274658203,114900,9234513.315582275
2022-02-23 00:00:00,80.58000183105469,80.58000183105469,78.08000183105469,78.23999786376953,88100,6892943.811798096
2022-02-24 00:00:00,77.04000091552734,79.80000305175781,76.3499984741211,79.62999725341797,130300,10375788.642120361
2022-02-25 00:00:00,79.6500015258789,80.70999908447266,79.36000061035156,80.37000274658203,76800,6172416.2109375
2022-02-28 00:00:00,79.93000030517578,80.86000061035156,79.79000091552734,80.66999816894531,84300,6800480.84564209
2022-03-01 00:00:00,80.37999725341797,81.01000213623047,78.63999938964844,79.66999816894531,132100,10524406.758117676
2022-03-02 00:00:00,79.73999786376953,81.37000274658203,79.30999755859375,81.2300033569336,80200,6514646.269226074
2022-03-03 00:00:00,81.4000015258789,81.55999755859375,80.83999633789062,81.48999786376953,101000,8230489.784240723
2022-03-04 00:00:00,80.88999938964844,82.08000183105469,80.87000274658203,81.73999786376953,85200,6964247.817993164
2022-03-07 00:00:00,81.94999694824219,83.3499984741211,81.23999786376953,82.18000030517578,127700,10494386.038970947
2022-03-08 00:00:00,82.83000183105469,83.37000274658203,79.95999908447266,80.06999969482422,134100,10737386.959075928
2022-03-09 00:00:00,81.13999938964844,81.83999633789062,79.11000061035156,80.5,128300,10328150.0
2022-03-10 00:00:00,79.68000030517578,80.43000030517578,78.7699966430664,80.41999816894531,109100,8773821.800231934
2022-03-11 00:00:00,80.62000274658203,80.9800033569336,79.83000183105469,80.33999633789062,78600,6314723.712158203
2022-03-14 00:00:00,80.94000244140625,81.56999969482422,80.16999816894531,80.91000366210938,108700,8794917.398071289
2022-03-15 00:00:00,81.37999725341797,83.56999969482422,81.37999725341797,83.48999786376953,128500,10728464.725494385
2022-03-16 00:00:00,83.75,84.41000366210938,82.1500015258789,82.91999816894531,104100,8631971.809387207
2022-03-17 00:00:00,82.95999908447266,84.44999694824219,82.95999908447266,84.02999877929688,72600,6100577.911376953
2022-03-18 00:00:00,83.5999984741211,85.23999786376953,83.22000122070312,85.23999786376953,208400,17764015.55480957
2022-03-21 00:00:00,85.31999969482422,86.20999908447266,84.66999816894531,85.33000183105469,101500,8660995.18585205
2022-03-22 00:00:00,85.33999633789062,86.68000030517578,85.33999633789062,86.30000305175781,98800,8526440.301513672
2022-03-23 00:00:00,85.91999816894531,86.30000305175781,83.81999969482422,83.97000122070312,69300,5819121.084594727
2022-03-24 00:00:00,84.20999908447266,84.45999908447266,83.11000061035156,83.30999755859375,89200,7431251.7822265625
2022-03-25 00:00:00,83.41000366210938,84.38999938964844,83.26000213623047,84.31999969482422,52500,4426799.9839782715
2022-03-28 00:00:00,84.0,84.36000061035156,83.0,83.31999969482422,56800,4732575.982666016
2022-03-29 00:00:00,84.31999969482422,86.44999694824219,83.81999969482422,86.08999633789062,120200,10348017.559814453
2022-03-30 00:00:00,85.94000244140625,86.62999725341797,85.4000015258789,85.55000305175781,53400,4568370.162963867
2022-03-31 00:00:00,85.2699966430664,85.9000015258789,84.6500015258789,85.12000274658203,90800,7728896.249389648
2022-04-01 00:00:00,85.45999908447266,86.44999694824219,83.83999633789062,85.20999908447266,116200,9901401.893615723
2022-04-04 00:00:00,85.16000366210938,85.22000122070312,83.54000091552734,83.79000091552734,87000,7289730.079650879
2022-04-05 00:00:00,83.93000030517578,84.12999725341797,81.48999786376953,81.66000366210938,96300,7863858.352661133
2022-04-06 00:00:00,81.55000305175781,82.31999969482422,80.86000061035156,81.55000305175781,64300,5243665.196228027
2022-04-07 00:00:00,81.55000305175781,82.4000015258789,81.08999633789062,82.01000213623047,59300,4863193.126678467
2022-04-08 00:00:00,82.06999969482422,82.2699966430664,80.43000030517578,80.63999938964844,57800,4660991.96472168
2022-04-11 00:00:00,80.72000122070312,81.41000366210938,79.93000030517578,80.58000183105469,69200,5576136.126708984
2022-04-12 00:00:00,81.13999938964844,82.58999633789062,80.69999694824219,81.08000183105469,58300,4726964.106750488
2022-04-13 00:00:00,80.87999725341797,81.94999694824219,80.87999725341797,81.26000213623047,58200,4729332.124328613
2022-04-14 00:00:00,81.5199966430664,81.69000244140625,80.33000183105469,80.77999877929688,55400,4475211.932373047
2022-04-18 00:00:00,80.56999969482422,81.08999633789062,79.5,79.9800033569336,55500,4438890.186309814
2022-04-19 00:00:00,79.97000122070312,81.5199966430664,79.97000122070312,80.77999877929688,49200,3974375.9399414062
2022-04-20 00:00:00,81.38999938964844,82.5,81.23999786376953,81.30999755859375,34000,2764539.9169921875
2022-04-21 00:00:00,82.05999755859375,82.9800033569336,81.0199966430664,81.13999938964844,53900,4373445.967102051
2022-04-22 00:00:00,81.13999938964844,81.47000122070312,79.48999786376953,79.48999786376953,42700,3394222.908782959
2022-04-25 00:00:00,79.2699966430664,80.51000213623047,78.36000061035156,79.52999877929688,91900,7308806.887817383
2022-04-26 00:00:00,78.98999786376953,79.76000213623047,77.44000244140625,77.55000305175781,67600,5242380.206298828
2022-04-27 00:00:00,77.01000213623047,78.18000030517578,76.55000305175781,77.38999938964844,112700,8721852.931213379
2022-04-28 00:00:00,78.0999984741211,79.01000213623047,76.08999633789062,76.87999725341797,88900,6834631.755828857
2022-04-29 00:00:00,78.4800033569336,81.12000274658203,78.41000366210938,79.0999984741211,125300,9911229.808807373
2022-05-02 00:00:00,78.86000061035156,79.58000183105469,77.29000091552734,78.29000091552734,111500,8729335.102081299
2022-05-03 00:00:00,78.0999984741211,79.30999755859375,77.0199966430664,78.62000274658203,87200,6855664.239501953
2022-05-04 00:00:00,79.08000183105469,81.47000122070312,78.81999969482422,81.18000030517578,108700,8824266.033172607
2022-05-05 00:00:00,80.91999816894531,81.05999755859375,78.56999969482422,79.33999633789062,88500,7021589.67590332
2022-05-06 00:00:00,79.08000183105469,80.79000091552734,78.01000213623047,80.76000213623047,93200,7526832.19909668
2022-05-09 00:00:00,80.13999938964844,80.80999755859375,79.04000091552734,79.2699966430664,121400,9623377.592468262
2022-05-10 00:00:00,79.63999938964844,80.45999908447266,77.41000366210938,78.44999694824219,114500,8982524.65057373
2022-05-11 00:00:00,78.45999908447266,80.19000244140625,78.05999755859375,78.55000305175781,84000,6598200.256347656
2022-05-12 00:00:00,77.83000183105469,80.0,77.12999725341797,79.87999725341797,89300,7133283.754730225
2022-05-13 00:00:00,80.19999694824219,81.43000030517578,80.04000091552734,81.20999908447266,111900,9087398.89755249
2022-05-16 00:00:00,81.20999908447266,82.66000366210938,81.12000274658203,81.5999984741211,102200,8339519.844055176
2022-05-17 00:00:00,82.38999938964844,83.87000274658203,81.73999786376953,83.86000061035156,50800,4260088.031005859
2022-05-18 00:00:00,83.05000305175781,83.76000213623047,82.1500015258789,82.58999633789062,96600,7978193.646240234
2022-05-19 00:00:00,82.02999877929688,82.02999877929688,80.41999816894531,80.94000244140625,82200,6653268.200683594
2022-05-20 00:00:00,81.25,81.25,79.55999755859375,80.30000305175781,162900,13080870.497131348
2022-05-23 00:00:00,80.9000015258789,82.5999984741211,80.36000061035156,82.5999984741211,118800,9812879.818725586
2022-05-24 00:00:00,82.69999694824219,82.80000305175781,79.7699966430664,82.16000366210938,108700,8930792.398071289
2022-05-25 00:00:00,81.72000122070312,82.44999694824219,80.87999725341797,81.43000030517578,62900,5121947.019195557
2022-05-26 00:00:00,81.9000015258789,83.95999908447266,81.9000015258789,82.8499984741211,67500,5592374.897003174
2022-05-27 00:00:00,83.18000030517578,84.5199966430664,82.33000183105469,84.5199966430664,63900,5400827.785491943
2022-05-31 00:00:00,84.37999725341797,84.45999908447266,82.80999755859375,83.91999816894531,112400,9432607.794189453
2022-06-01 00:00:00,84.02999877929688,84.2699966430664,82.5,83.37000274658203,102400,8537088.28125
2022-06-02 00:00:00,83.52999877929688,85.11000061035156,83.5199966430664,85.04000091552734,102000,8674080.093383789
2022-06-03 00:00:00,84.37999725341797,84.94000244140625,83.77999877929688,84.52999877929688,105300,8901008.871459961
2022-06-06 00:00:00,84.80999755859375,86.18000030517578,84.29000091552734,85.9800033569336,107600,9251448.361206055
2022-06-07 00:00:00,85.29000091552734,86.98999786376953,85.29000091552734,86.7300033569336,78700,6825651.264190674
2022-06-08 00:00:00,86.20999908447266,87.27999877929688,85.97000122070312,86.23999786376953,80900,6976815.827178955
2022-06-09 00:00:00,86.81999969482422,86.81999969482422,85.6500015258789,85.73999786376953,69400,5950355.8517456055
2022-06-10 00:00:00,84.69000244140625,86.4800033569336,84.48999786376953,85.98999786376953,75300,6475046.839141846
2022-06-13 00:00:00,84.80999755859375,85.83999633789062,84.0999984741211,84.97000122070312,148400,12609548.181152344
2022-06-14 00:00:00,84.9000015258789,85.02999877929688,82.06999969482422,82.37000274658203,131200,10806944.360351562
2022-06-15 00:00:00,83.12999725341797,84.69999694824219,82.55999755859375,84.26000213623047,166500,14029290.355682373
2022-06-16 00:00:00,83.33000183105469,84.08000183105469,80.80000305175781,81.06999969482422,182200,14770953.944396973
2022-06-17 00:00:00,82.0199966430664,83.3499984741211,80.31999969482422,80.83999633789062,334500,27040978.775024414
2022-06-21 00:00:00,81.80000305175781,82.8499984741211,80.83000183105469,82.23999786376953,97400,8010175.791931152
2022-06-22 00:00:00,81.79000091552734,84.11000061035156,81.68000030517578,83.77999877929688,121000,10137379.852294922
2022-06-23 00:00:00,84.27999877929688,86.16999816894531,82.55999755859375,83.5199966430664,62900,5253407.788848877
2022-06-24 00:00:00,83.52999877929688,85.27999877929688,83.41999816894531,84.9000015258789,162600,13804740.24810791
2022-06-27 00:00:00,85.27999877929688,86.3499984741211,84.98999786376953,86.3499984741211,60800,5250079.9072265625
2022-06-28 00:00:00,86.61000061035156,87.37999725341797,85.12999725341797,85.23999786376953,56400,4807535.879516602
2022-06-29 00:00:00,85.2300033569336,85.25,84.26000213623047,84.9800033569336,73300,6229034.246063232
2022-06-30 00:00:00,84.43000030517578,86.3499984741211,84.20999908447266,85.44000244140625,94400,8065536.23046875
2022-07-01 00:00:00,85.30000305175781,86.5,84.29000091552734,86.48999786376953,84200,7282457.8201293945
2022-07-05 00:00:00,85.55000305175781,86.77999877929688,84.30999755859375,86.68000030517578,97600,8459968.029785156
2022-07-06 00:00:00,86.61000061035156,87.70999908447266,85.5999984741211,86.87999725341797,85300,7410863.765716553
2022-07-07 00:00:00,87.12999725341797,88.0,86.48999786376953,87.4800033569336,70400,6158592.236328125
2022-07-08 00:00:00,87.44999694824219,88.12000274658203,86.9800033569336,87.94000244140625,85600,7527664.208984375
2022-07-11 00:00:00,87.77999877929688,89.26000213623047,87.30000305175781,88.63999938964844,146500,12985759.910583496
2022-07-12 00:00:00,88.16000366210938,89.80999755859375,87.19999694824219,87.22000122070312,93400,8146348.114013672
2022-07-13 00:00:00,86.27999877929688,88.66999816894531,86.27999877929688,87.7699966430664,75700,6644188.745880127
2022-07-14 00:00:00,87.11000061035156,87.73999786376953,86.01000213623047,87.73999786376953,51000,4474739.891052246
2022-07-15 00:00:00,88.37000274658203,89.37999725341797,87.80000305175781,89.12999725341797,61100,5445842.832183838
2022-07-18 00:00:00,89.44999694824219,90.58000183105469,88.05999755859375,88.26000213623047,59100,5216166.126251221
2022-07-19 00:00:00,88.91999816894531,91.2300033569336,88.91999816894531,90.94000244140625,69400,6311236.169433594
2022-07-20 00:00:00,90.7300033569336,92.2699966430664,90.7300033569336,92.19999694824219,58300,5375259.8220825195
2022-07-21 00:00:00,91.69999694824219,93.6500015258789,91.69999694824219,93.58000183105469,54600,5109468.099975586
2022-07-22 00:00:00,93.47000122070312,93.94000244140625,92.36000061035156,93.12999725341797,71900,6696046.802520752
2022-07-25 00:00:00,93.4800033569336,93.4800033569336,91.6500015258789,92.04000091552734,80300,7390812.073516846
2022-07-26 00:00:00,92.18000030517578,92.38999938964844,91.04000091552734,92.31999969482422,81800,7551775.975036621
2022-07-27 00:00:00,92.87000274658203,93.80999755859375,92.5199966430664,93.76000213623047,87100,8166496.186065674
2022-07-28 00:00:00,93.88999938964844,95.62999725341797,93.55999755859375,95.41000366210938,63900,6096699.234008789
2022-07-29 00:00:00,95.4000015258789,96.88999938964844,95.19999694824219,96.66999816894531,62800,6070875.885009766
2022-08-01 00:00:00,96.2300033569336,97.02999877929688,95.7699966430664,96.44000244140625,73400,7078696.179199219
2022-08-02 00:00:00,96.06999969482422,96.76000213623047,95.25,95.41999816894531,76300,7280545.860290527
2022-08-03 00:00:00,95.70999908447266,96.44000244140625,94.48999786376953,95.75,75200,7200400.0
2022-08-04 00:00:00,95.48999786376953,96.33000183105469,94.62000274658203,95.13999938964844,80300,7639741.9509887695
2022-08-05 00:00:00,94.80000305175781,95.3499984741211,93.88999938964844,94.97000122070312,96000,9117120.1171875
2022-08-08 00:00:00,95.63999938964844,96.31999969482422,95.0199966430664,96.13999938964844,124000,11921359.924316406
2022-08-09 00:00:00,96.2300033569336,98.55999755859375,95.87999725341797,97.7300033569336,110100,10760073.369598389
2022-08-10 00:00:00,98.83999633789062,98.83999633789062,96.91000366210938,97.55000305175781,60000,5853000.183105469
2022-08-11 00:00:00,98.33999633789062,98.80999755859375,97.58000183105469,98.66999816894531,51800,5111105.905151367
2022-08-12 00:00:00,98.44000244140625,100.0,98.44000244140625,99.6500015258789,50300,5012395.076751709
2022-08-15 00:00:00,99.27999877929688,100.04000091552734,97.30000305175781,99.81999969482422,49200,4911143.984985352
2022-08-16 00:00:00,99.5,101.30000305175781,99.5,100.91000366210938,64000,6458240.234375
2022-08-17 00:00:00,100.12999725341797,101.80000305175781,99.58000183105469,100.98999786376953,78800,7958011.831665039
2022-08-18 00:00:00,101.01000213623047,103.16999816894531,100.08999633789062,102.1500015258789,108200,11052630.165100098
2022-08-19 00:00:00,97.04000091552734,98.86000061035156,94.05999755859375,94.80000305175781,177600,16836480.541992188
2022-08-22 00:00:00,93.9000015258789,94.41000366210938,91.97000122070312,92.20999908447266,113700,10484276.895904541
2022-08-23 00:00:00,91.87999725341797,92.38999938964844,88.83999633789062,89.13999938964844,138300,12328061.915588379
2022-08-24 00:00:00,89.16000366210938,89.16000366210938,87.80999755859375,88.48999786376953,117600,10406423.748779297
2022-08-25 00:00:00,89.04000091552734,91.37000274658203,89.04000091552734,89.72000122070312,80800,7249376.0986328125
2022-08-26 00:00:00,90.11000061035156,90.11000061035156,86.95999908447266,87.05000305175781,95600,8321980.291748047
2022-08-29 00:00:00,86.7699966430664,87.1500015258789,84.36000061035156,85.05999755859375,97800,8318867.761230469
2022-08-30 00:00:00,85.06999969482422,85.06999969482422,83.05999755859375,83.44999694824219,99100,8269894.697570801
2022-08-31 00:00:00,83.31999969482422,84.12000274658203,82.23999786376953,83.31999969482422,157300,13106235.95199585
2022-09-01 00:00:00,82.66000366210938,82.86000061035156,81.80000305175781,82.27999877929688,118400,9741951.85546875
2022-09-02 00:00:00,83.2300033569336,83.62000274658203,80.73999786376953,81.20999908447266,97400,7909853.910827637
2022-09-06 00:00:00,81.58000183105469,81.58000183105469,78.25,79.6500015258789,150700,12003255.229949951
2022-09-07 00:00:00,79.95999908447266,80.36000061035156,78.5199966430664,78.97000122070312,114400,9034168.139648438
2022-09-08 00:00:00,78.58000183105469,78.58000183105469,75.66999816894531,77.26000213623047,128500,9927910.274505615
2022-09-09 00:00:00,77.63999938964844,79.68000030517578,77.63999938964844,79.2699966430664,149700,11866718.497467041
2022-09-12 00:00:00,79.97000122070312,83.37000274658203,79.87000274658203,81.79000091552734,175900,14386861.16104126
2022-09-13 00:00:00,80.54000091552734,81.45999908447266,80.5,81.05999755859375,181700,14728601.556396484
2022-09-14 00:00:00,81.5199966430664,82.05000305175781,80.91999816894531,81.41999816894531,110100,8964341.798400879
2022-09-15 00:00:00,81.01000213623047,82.33999633789062,81.01000213623047,82.12999725341797,117300,9633848.677825928
2022-09-16 00:00:00,81.31999969482422,81.81999969482422,76.05999755859375,77.54000091552734,188400,14608536.172485352
2022-09-19 00:00:00,79.19999694824219,80.66999816894531,78.25,80.08999633789062,145100,11621058.46862793
2022-09-20 00:00:00,80.05000305175781,80.05000305175781,77.76000213623047,79.08000183105469,102400,8097792.1875
2022-09-21 00:00:00,79.30000305175781,80.08000183105469,78.37000274658203,78.41999816894531,76600,6006971.859741211
2022-09-22 00:00:00,78.16000366210938,78.66000366210938,76.20999908447266,76.20999908447266,58200,4435421.946716309
2022-09-23 00:00:00,75.43000030517578,75.43000030517578,73.37000274658203,74.48999786376953,80000,5959199.8291015625
2022-09-26 00:00:00,74.43000030517578,75.02999877929688,73.45999908447266,73.79000091552734,66300,4892277.060699463
2022-09-27 00:00:00,74.30999755859375,77.4000015258789,72.63999938964844,73.06999969482422,77500,5662924.976348877
2022-09-28 00:00:00,73.6500015258789,74.2699966430664,72.81999969482422,73.93000030517578,80500,5951365.02456665
2022-09-29 00:00:00,73.02999877929688,73.76000213623047,72.0199966430664,73.76000213623047,74400,5487744.158935547
2022-09-30 00:00:00,73.80000305175781,74.55000305175781,72.0199966430664,72.05999755859375,105900,7631153.741455078
2022-10-03 00:00:00,72.77999877929688,74.16999816894531,72.4800033569336,73.73999786376953,66800,4925831.857299805
2022-10-04 00:00:00,74.76000213623047,76.98999786376953,74.08999633789062,75.4800033569336,86000,6491280.288696289
2022-10-05 00:00:00,74.68000030517578,75.54000091552734,74.36000061035156,74.79000091552734,55400,4143366.050720215
2022-10-06 00:00:00,74.79000091552734,75.36000061035156,74.06999969482422,74.19000244140625,63000,4673970.153808594
2022-10-07 00:00:00,73.33999633789062,73.61000061035156,71.27999877929688,71.75,77300,5546275.0
2022-10-10 00:00:00,72.0999984741211,72.5,70.97000122070312,71.30000305175781,66700,4755710.203552246
2022-10-11 00:00:00,71.41000366210938,72.22000122070312,70.80000305175781,71.6500015258789,87600,6276540.133666992
2022-10-12 00:00:00,71.3499984741211,72.20999908447266,70.69000244140625,71.11000061035156,60100,4273711.036682129
2022-10-13 00:00:00,70.22000122070312,73.06999969482422,69.30999755859375,72.16000366210938,84500,6097520.309448242
2022-10-14 00:00:00,72.68000030517578,73.0199966430664,70.62000274658203,70.83000183105469,54100,3831903.0990600586
2022-10-17 00:00:00,71.48999786376953,73.02999877929688,71.44999694824219,72.11000061035156,75000,5408250.045776367
2022-10-18 00:00:00,72.83999633789062,73.69000244140625,72.58999633789062,72.79000091552734,71200,5182648.065185547
2022-10-19 00:00:00,72.19999694824219,72.19999694824219,70.45999908447266,71.7300033569336,63800,4576374.214172363
2022-10-20 00:00:00,71.5199966430664,72.31999969482422,70.86000061035156,71.69000244140625,59200,4244048.14453125
2022-10-21 00:00:00,72.11000061035156,74.66000366210938,72.0999984741211,74.38999938964844,77700,5780102.952575684
2022-10-24 00:00:00,75.0,75.76000213623047,74.83000183105469,75.5199966430664,57300,4327295.807647705
2022-10-25 00:00:00,75.87999725341797,77.86000061035156,75.87999725341797,77.5,70200,5440500.0
2022-10-26 00:00:00,77.66999816894531,79.33999633789062,77.23999786376953,78.41999816894531,67700,5309033.876037598
2022-10-27 00:00:00,79.19000244140625,82.37000274658203,79.19000244140625,80.41000366210938,91500,7357515.335083008
2022-10-28 00:00:00,80.31999969482422,83.47000122070312,79.98999786376953,81.83999633789062,103200,8445887.622070312
2022-10-31 00:00:00,81.19000244140625,82.62999725341797,80.9800033569336,82.18000030517578,142700,11727086.043548584
2022-11-01 00:00:00,82.66000366210938,83.37000274658203,81.37000274658203,83.25,145800,12137850.0
2022-11-02 00:00:00,83.25,85.0,82.69000244140625,83.66999816894531,151500,12676004.722595215
2022-11-03 00:00:00,82.79000091552734,83.80999755859375,82.30000305175781,83.62999725341797,96100,8036842.736053467
2022-11-04 00:00:00,84.05999755859375,85.37999725341797,83.81999969482422,85.05999755859375,91200,7757471.77734375
2022-11-07 00:00:00,84.7699966430664,85.5199966430664,84.05999755859375,84.9800033569336,123900,10529022.415924072
2022-11-08 00:00:00,85.52999877929688,88.12000274658203,84.73999786376953,85.2300033569336,88600,7551378.297424316
2022-11-09 00:00:00,84.91000366210938,87.29000091552734,83.61000061035156,84.56999969482422,84300,7129250.974273682
2022-11-10 00:00:00,86.91999816894531,88.18000030517578,84.7699966430664,87.45999908447266,65900,5763613.939666748
2022-11-11 00:00:00,87.93000030517578,89.44000244140625,87.62999725341797,88.05999755859375,57900,5098673.858642578
2022-11-14 00:00:00,88.08999633789062,88.62000274658203,85.79000091552734,85.81999969482422,82500,7080149.974822998
2022-11-15 00:00:00,86.95999908447266,88.33999633789062,85.91000366210938,88.1500015258789,59000,5200850.0900268555
2022-11-16 00:00:00,87.5999984741211,88.11000061035156,87.12000274658203,87.77999877929688,52100,4573337.936401367
2022-11-17 00:00:00,87.0199966430664,88.20999908447266,86.61000061035156,88.16999816894531,47000,4143989.9139404297
2022-11-18 00:00:00,89.2699966430664,89.2699966430664,87.83999633789062,88.12999725341797,55800,4917653.846740723
2022-11-21 00:00:00,88.0,88.7300033569336,87.70999908447266,88.41999816894531,55000,4863099.899291992
2022-11-22 00:00:00,89.08000183105469,89.5199966430664,88.12999725341797,88.66999816894531,50400,4468967.907714844
2022-11-23 00:00:00,88.98999786376953,89.66000366210938,88.58000183105469,88.94999694824219,33400,2970929.898071289
2022-11-25 00:00:00,89.27999877929688,90.0,88.69999694824219,89.36000061035156,19800,1769328.012084961
2022-11-28 00:00:00,89.04000091552734,89.4000015258789,88.18000030517578,88.69000244140625,63900,5667291.156005859
2022-11-29 00:00:00,88.7300033569336,89.20999908447266,87.20999908447266,87.8499984741211,33500,2942974.9488830566
2022-11-30 00:00:00,87.43000030517578,88.68000030517578,85.9000015258789,88.4800033569336,129800,11484704.43572998
2022-12-01 00:00:00,89.18000030517578,90.70999908447266,89.13999938964844,90.5199966430664,115900,10491267.610931396
2022-12-02 00:00:00,89.55000305175781,90.37000274658203,89.05999755859375,90.20999908447266,59000,5322389.945983887
2022-12-05 00:00:00,89.63999938964844,90.12000274658203,87.4000015258789,87.9000015258789,42800,3762120.065307617
2022-12-06 00:00:00,88.06999969482422,88.06999969482422,85.48999786376953,85.83000183105469,45300,3888099.0829467773
2022-12-07 00:00:00,85.44999694824219,86.47000122070312,83.91000366210938,83.91000366210938,49800,4178718.182373047
2022-12-08 00:00:00,84.19999694824219,85.02999877929688,83.43000030517578,84.87000274658203,54600,4633902.149963379
2022-12-09 00:00:00,84.6500015258789,85.38999938964844,84.4800033569336,84.94000244140625,119200,10124848.291015625
2022-12-12 00:00:00,84.97000122070312,85.30000305175781,84.01000213623047,84.75,82500,6991875.0
2022-12-13 00:00:00,86.33000183105469,87.37000274658203,84.7300033569336,84.79000091552734,83000,7037570.0759887695
2022-12-14 00:00:00,84.98999786376953,85.41000366210938,83.31999969482422,83.51000213623047,62200,5194322.132873535
2022-12-15 00:00:00,82.45999908447266,83.12999725341797,79.91999816894531,80.37999725341797,80400,6462551.779174805
2022-12-16 00:00:00,80.20999908447266,80.20999908447266,78.3499984741211,79.58999633789062,237300,18886706.130981445
2022-12-19 00:00:00,79.68000030517578,80.30000305175781,78.5,79.19000244140625,69600,5511624.169921875
2022-12-20 00:00:00,79.55000305175781,79.95999908447266,78.05999755859375,79.93000030517578,54400,4348192.0166015625
2022-12-21 00:00:00,80.5,81.47000122070312,80.41999816894531,81.05999755859375,51700,4190801.873779297
2022-12-22 00:00:00,80.9000015258789,80.9000015258789,78.0199966430664,79.41000366210938,81300,6456033.297729492
2022-12-23 00:00:00,79.4000015258789,79.93000030517578,78.9800033569336,79.63999938964844,21800,1736151.986694336
2022-12-27 00:00:00,79.95999908447266,80.54000091552734,78.80999755859375,79.86000061035156,31400,2507604.019165039
2022-12-28 00:00:00,80.08999633789062,80.1500015258789,77.7699966430664,77.94999694824219,42000,3273899.871826172
2022-12-29 00:00:00,78.69000244140625,80.2699966430664,78.0,80.2699966430664,44100,3539906.8519592285
2022-12-30 00:00:00,79.58000183105469,80.05000305175781,79.13999938964844,79.5199966430664,45000,3578399.8489379883
2023-01-03 00:00:00,80.12000274658203,80.66000366210938,79.47000122070312,80.12999725341797,97800,7836713.731384277
2023-01-04 00:00:00,80.55000305175781,80.8499984741211,79.27999877929688,79.5199966430664,48500,3856719.8371887207
2023-01-05 00:00:00,79.5199966430664,79.8499984741211,78.3499984741211,78.98999786376953,40600,3206993.913269043
2023-01-06 00:00:00,79.81999969482422,80.98999786376953,78.94000244140625,80.76000213623047,45700,3690732.0976257324
2023-01-09 00:00:00,81.2300033569336,82.18000030517578,80.95999908447266,81.12999725341797,62800,5094963.827514648
2023-01-10 00:00:00,81.41000366210938,83.2300033569336,81.06999969482422,82.88999938964844,117800,9764441.928100586
2023-01-11 00:00:00,83.55999755859375,84.29000091552734,82.5199966430664,84.2699966430664,51700,4356758.826446533
2023-01-12 00:00:00,84.41999816894531,86.22000122070312,84.2300033569336,86.19999694824219,37200,3206639.8864746094
2023-01-13 00:00:00,85.69000244140625,87.9800033569336,85.55999755859375,87.94999694824219,57300,5039534.825134277
2023-01-17 00:00:00,87.9000015258789,89.80999755859375,87.9000015258789,88.8499984741211,50500,4486924.922943115
2023-01-18 00:00:00,89.08999633789062,90.08999633789062,87.76000213623047,88.80000305175781,48800,4333440.148925781
2023-01-19 00:00:00,88.16999816894531,90.41999816894531,88.1500015258789,90.12000274658203,61500,5542380.168914795
2023-01-20 00:00:00,90.69999694824219,91.43000030517578,89.44999694824219,89.62999725341797,94800,8496923.739624023
2023-01-23 00:00:00,89.9000015258789,90.0,88.0199966430664,88.56999969482422,44300,3923650.986480713
2023-01-24 00:00:00,88.51000213623047,89.7699966430664,88.41000366210938,89.27999877929688,39800,3553343.9514160156
2023-01-25 00:00:00,88.94999694824219,90.62000274658203,87.6500015258789,89.31999969482422,53400,4769687.983703613
2023-01-26 00:00:00,92.2699966430664,96.47000122070312,89.62000274658203,95.69000244140625,102300,9789087.24975586
2023-01-27 00:00:00,96.25,96.25,92.45999908447266,94.23999786376953,51800,4881631.889343262
2023-01-30 00:00:00,93.2300033569336,94.0,92.58999633789062,92.9000015258789,85400,7933660.130310059
2023-01-31 00:00:00,93.58999633789062,97.44000244140625,92.48999786376953,94.70999908447266,162600,15399845.851135254
2023-02-01 00:00:00,94.0,95.75,93.16000366210938,94.66000366210938,97800,9257748.358154297
2023-02-02 00:00:00,94.6500015258789,97.20999908447266,93.94999694824219,96.02999877929688,106600,10236797.869873047
2023-02-03 00:00:00,95.43000030517578,97.75,95.43000030517578,96.69999694824219,94100,9099469.71282959
2023-02-06 00:00:00,95.77999877929688,96.23999786376953,94.2699966430664,94.63999938964844,100800,9539711.938476562
2023-02-07 00:00:00,94.75,95.37000274658203,93.6500015258789,94.66999816894531,95500,9040984.825134277
2023-02-08 00:00:00,94.01000213623047,95.51000213623047,92.47000122070312,92.87000274658203,135400,12574598.371887207
2023-02-09 00:00:00,93.5199966430664,94.12000274658203,92.41000366210938,92.5,80000,7400000.0
2023-02-10 00:00:00,92.0199966430664,94.45999908447266,92.0199966430664,94.08999633789062,60300,5673626.779174805
2023-02-13 00:00:00,93.95999908447266,96.97000122070312,93.95999908447266,94.9800033569336,72300,6867054.242706299
2023-02-14 00:00:00,94.19000244140625,95.30999755859375,93.37999725341797,93.66999816894531,73700,6903478.8650512695
2023-02-15 00:00:00,93.0,94.80999755859375,92.62999725341797,94.5,68500,6473250.0
2023-02-16 00:00:00,93.69999694824219,95.48999786376953,92.94000244140625,94.58000183105469,92700,8767566.16973877
2023-02-17 00:00:00,94.79000091552734,96.01000213623047,94.30000305175781,96.01000213623047,79000,7584790.168762207
2023-02-21 00:00:00,95.1500015258789,96.87999725341797,93.16999816894531,93.43000030517578,100500,9389715.030670166
2023-02-22 00:00:00,93.4800033569336,93.88999938964844,92.04000091552734,93.55999755859375,105100,9833155.743408203
2023-02-23 00:00:00,93.75,94.58999633789062,92.81999969482422,93.94999694824219,78400,7365679.7607421875
2023-02-24 00:00:00,93.0199966430664,94.43000030517578,93.0199966430664,94.01000213623047,75700,7116557.1617126465
2023-02-27 00:00:00,94.44000244140625,94.95999908447266,93.45999908447266,93.72000122070312,90400,8472288.110351562
2023-02-28 00:00:00,93.55999755859375,94.58000183105469,92.31999969482422,92.55000305175781,179800,16640490.548706055
2023-03-01 00:00:00,92.61000061035156,93.87999725341797,92.05999755859375,92.93000030517578,77700,7220661.023712158
2023-03-02 00:00:00,92.2699966430664,94.98999786376953,92.25,94.98999786376953,79800,7580201.829528809
2023-03-03 00:00:00,94.94000244140625,96.13999938964844,94.55000305175781,95.63999938964844,66500,6360059.959411621
2023-03-06 00:00:00,95.61000061035156,95.80000305175781,92.19000244140625,92.45999908447266,98000,9061079.91027832
2023-03-07 00:00:00,92.5199966430664,93.11000061035156,91.05000305175781,92.69000244140625,99600,9231924.243164062
2023-03-08 00:00:00,93.0199966430664,95.44999694824219,92.16000366210938,94.63999938964844,96900,9170615.940856934
2023-03-09 00:00:00,94.91000366210938,95.69999694824219,93.98999786376953,94.95999908447266,84200,7995631.922912598
2023-03-10 00:00:00,94.7699966430664,95.16000366210938,91.16000366210938,91.41000366210938,107000,9780870.391845703
2023-03-13 00:00:00,90.55000305175781,92.30999755859375,90.44000244140625,91.62999725341797,105500,9666964.710235596
2023-03-14 00:00:00,93.56999969482422,93.70999908447266,92.25,93.56999969482422,89500,8374514.972686768
2023-03-15 00:00:00,92.12000274658203,92.18000030517578,89.72000122070312,91.44999694824219,146700,13415714.552307129
2023-03-16 00:00:00,90.44000244140625,94.98999786376953,90.44000244140625,92.55999755859375,96600,8941295.764160156
2023-03-17 00:00:00,92.45999908447266,92.97000122070312,90.66999816894531,91.13999938964844,246900,22502465.8493042
2023-03-20 00:00:00,92.16999816894531,102.88999938964844,92.16999816894531,98.2300033569336,346000,33987581.16149902
2023-03-21 00:00:00,98.77999877929688,100.29000091552734,97.73999786376953,98.75,116400,11494500.0
2023-03-22 00:00:00,99.2699966430664,99.97000122070312,98.0199966430664,98.0199966430664,111800,10958635.624694824
2023-03-23 00:00:00,98.05000305175781,99.4000015258789,98.0,98.5,93700,9229450.0
2023-03-24 00:00:00,98.0,99.5,97.97000122070312,99.1500015258789,77500,7684125.118255615
2023-03-27 00:00:00,99.9800033569336,101.12999725341797,99.08000183105469,99.54000091552734,58600,5833044.053649902
2023-03-28 00:00:00,99.75,100.93000030517578,99.75,100.80000305175781,55000,5544000.16784668
2023-03-29 00:00:00,101.33000183105469,101.87999725341797,100.52999877929688,101.08000183105469,99800,10087784.182739258
2023-03-30 00:00:00,101.33000183105469,101.91999816894531,100.69999694824219,100.83000183105469,56800,5727144.104003906
2023-03-31 00:00:00,101.18000030517578,102.5199966430664,100.72000122070312,102.36000061035156,143200,14657952.087402344
2023-04-03 00:00:00,102.08999633789062,105.62999725341797,101.3499984741211,105.55000305175781,197200,20814460.60180664
2023-04-04 00:00:00,105.1500015258789,105.16000366210938,101.55999755859375,101.8499984741211,126600,12894209.80682373
2023-04-05 00:00:00,101.26000213623047,103.18000030517578,100.36000061035156,101.2699966430664,71000,7190169.761657715
2023-04-06 00:00:00,101.11000061035156,102.08999633789062,100.87000274658203,101.43000030517578,50500,5122215.015411377
2023-04-10 00:00:00,101.3499984741211,103.0999984741211,101.33000183105469,102.69000244140625,123200,12651408.30078125
2023-04-11 00:00:00,102.66999816894531,104.0,102.41000366210938,102.4800033569336,87400,8956752.293395996
2023-04-12 00:00:00,102.94999694824219,103.6500015258789,102.66000366210938,102.80999755859375,46500,4780664.886474609
2023-04-13 00:00:00,102.79000091552734,103.44000244140625,102.26000213623047,103.37000274658203,48600,5023782.133483887
2023-04-14 00:00:00,103.02999877929688,103.88999938964844,100.9000015258789,101.94999694824219,77100,7860344.764709473
2023-04-17 00:00:00,101.94000244140625,102.58999633789062,100.94999694824219,101.30999755859375,74900,7588118.817138672
2023-04-18 00:00:00,101.47000122070312,102.55999755859375,99.95999908447266,100.98999786376953,58200,5877617.875671387
2023-04-19 00:00:00,100.93000030517578,101.43000030517578,100.44000244140625,100.98999786376953,49400,4988905.894470215
2023-04-20 00:00:00,100.62000274658203,100.72000122070312,99.77999877929688,100.19000244140625,86200,8636378.210449219
2023-04-21 00:00:00,100.25,100.25,99.11000061035156,99.94000244140625,58200,5816508.142089844
2023-04-24 00:00:00,99.91000366210938,102.51000213623047,99.91000366210938,102.51000213623047,100800,10333008.215332031
2023-04-25 00:00:00,101.94999694824219,102.88999938964844,101.18000030517578,102.0999984741211,95100,9709709.854888916
2023-04-26 00:00:00,101.62000274658203,103.01000213623047,99.69999694824219,102.47000122070312,123700,12675539.151000977
2023-04-27 00:00:00,102.66000366210938,108.5199966430664,102.0199966430664,107.77999877929688,135100,14561077.835083008
2023-04-28 00:00:00,111.12000274658203,115.44999694824219,109.9800033569336,112.95999908447266,251500,28409439.769744873
2023-05-01 00:00:00,112.26000213623047,118.95999908447266,109.75,118.01000213623047,255400,30139754.54559326
2023-05-02 00:00:00,118.01000213623047,118.30000305175781,115.95999908447266,117.4800033569336,123000,14450040.412902832
2023-05-03 00:00:00,117.26000213623047,120.0,116.5,118.44000244140625,114200,13525848.278808594
2023-05-04 00:00:00,118.29000091552734,118.37999725341797,115.5,116.98999786376953,108400,12681715.768432617
2023-05-05 00:00:00,117.5999984741211,119.54000091552734,117.44999694824219,117.87999725341797,110600,13037527.696228027
2023-05-08 00:00:00,117.37000274658203,118.5,116.75,118.2699966430664,129000,15256829.566955566
2023-05-09 00:00:00,117.80999755859375,119.93000030517578,116.58999633789062,118.22000122070312,82400,9741328.100585938
2023-05-10 00:00:00,119.05999755859375,121.04000091552734,118.5,120.77999877929688,96100,11606957.88269043
2023-05-11 00:00:00,120.11000061035156,120.2699966430664,118.61000061035156,119.47000122070312,73100,8733257.089233398
2023-05-12 00:00:00,119.19999694824219,120.19000244140625,118.06999969482422,119.11000061035156,89400,10648434.05456543
2023-05-15 00:00:00,119.29000091552734,119.33999633789062,118.01000213623047,119.0,87900,10460100.0
2023-05-16 00:00:00,118.80000305175781,119.13999938964844,117.37000274658203,117.54000091552734,78900,9273906.072235107
2023-05-17 00:00:00,117.87000274658203,118.16999816894531,117.01000213623047,117.80999755859375,83700,9860696.795654297
2023-05-18 00:00:00,117.43000030517578,118.58999633789062,116.41999816894531,117.30999755859375,105100,12329280.743408203
2023-05-19 00:00:00,118.29000091552734,118.93000030517578,116.38999938964844,116.76000213623047,100700,11757732.215118408
2023-05-22 00:00:00,117.06999969482422,118.5999984741211,115.5199966430664,117.7699966430664,111800,13166685.624694824
2023-05-23 00:00:00,117.19999694824219,118.16000366210938,115.58999633789062,115.88999938964844,130500,15123644.920349121
2023-05-24 00:00:00,115.63999938964844,117.80000305175781,114.66000366210938,117.58000183105469,105700,12428206.19354248
2023-05-25 00:00:00,117.98999786376953,120.44999694824219,117.94999694824219,120.33000183105469,92400,11118492.169189453
2023-05-26 00:00:00,120.33000183105469,121.37999725341797,120.2699966430664,120.27999877929688,84700,10187715.896606445
2023-05-30 00:00:00,120.18000030517578,121.0199966430664,118.7300033569336,119.41999816894531,67400,8048907.876586914
2023-05-31 00:00:00,119.04000091552734,119.72000122070312,117.48999786376953,119.01000213623047,278600,33156186.59515381
2023-06-01 00:00:00,119.11000061035156,121.44000244140625,118.70999908447266,120.33999633789062,119900,14428765.560913086
2023-06-02 00:00:00,121.12999725341797,122.62000274658203,120.18000030517578,121.48999786376953,118700,14420862.746429443
2023-06-05 00:00:00,120.48999786376953,121.20999908447266,117.25,120.87000274658203,113200,13682484.310913086
2023-06-06 00:00:00,120.58000183105469,123.6500015258789,120.04000091552734,123.29000091552734,127900,15768791.117095947
2023-06-07 00:00:00,123.33000183105469,126.02999877929688,123.22000122070312,125.94000244140625,169400,21334236.41357422
2023-06-08 00:00:00,125.76000213623047,126.66999816894531,121.55000305175781,125.6500015258789,82400,10353560.125732422
2023-06-09 00:00:00,125.19000244140625,126.62000274658203,122.08000183105469,126.25,113800,14367250.0
2023-06-12 00:00:00,126.05000305175781,127.06999969482422,124.9000015258789,125.0999984741211,91100,11396609.860992432
2023-06-13 00:00:00,124.62999725341797,126.9000015258789,124.4000015258789,125.23999786376953,206300,25837011.559295654
2023-06-14 00:00:00,125.5,126.4000015258789,123.52999877929688,123.91999816894531,157700,19542183.711242676
2023-06-15 00:00:00,123.94999694824219,124.51000213623047,121.95999908447266,122.6500015258789,115500,14166075.176239014
2023-06-16 00:00:00,123.72000122070312,123.97000122070312,121.37000274658203,122.33000183105469,289400,35402302.52990723
2023-06-20 00:00:00,122.27999877929688,122.97000122070312,120.97000122070312,122.37999725341797,103700,12690805.715179443
2023-06-21 00:00:00,122.02999877929688,124.30000305175781,121.47000122070312,122.61000061035156,102500,12567525.062561035
2023-06-22 00:00:00,122.80000305175781,122.80000305175781,118.58000183105469,119.72000122070312,142400,17048128.173828125
2023-06-23 00:00:00,118.37000274658203,119.8499984741211,116.4800033569336,116.94000244140625,743600,86956585.81542969
2023-06-26 00:00:00,117.41999816894531,119.87999725341797,116.75,118.69999694824219,105000,12463499.67956543
2023-06-27 00:00:00,118.88999938964844,121.9000015258789,118.30999755859375,118.55000305175781,140100,16608855.42755127
2023-06-28 00:00:00,118.72000122070312,119.06999969482422,116.41999816894531,117.5999984741211,82700,9725519.873809814
2023-06-29 00:00:00,117.2300033569336,118.98999786376953,117.2300033569336,118.25,139400,16484050.0
2023-06-30 00:00:00,119.27999877929688,120.51000213623047,117.73999786376953,117.83000183105469,112800,13291224.206542969
2023-07-03 00:00:00,117.3499984741211,119.23999786376953,117.05000305175781,118.04000091552734,76500,9030060.070037842
2023-07-05 00:00:00,117.16000366210938,117.16000366210938,114.4800033569336,115.5199966430664,165700,19141663.443756104
2023-07-06 00:00:00,115.20999908447266,115.33999633789062,113.22000122070312,113.6500015258789,79100,8989715.120697021
2023-07-07 00:00:00,114.08999633789062,114.44999694824219,113.22000122070312,113.37000274658203,83300,9443721.228790283
2023-07-10 00:00:00,113.29000091552734,115.33999633789062,113.29000091552734,115.11000061035156,60300,6941133.036804199
2023-07-11 00:00:00,115.47000122070312,115.73999786376953,115.19999694824219,115.4000015258789,54600,6300840.083312988
2023-07-12 00:00:00,116.5199966430664,118.12999725341797,116.0999984741211,117.69000244140625,83100,9780039.20288086
2023-07-13 00:00:00,117.87000274658203,119.5,117.5199966430664,118.8499984741211,75500,8973174.884796143
2023-07-14 00:00:00,118.25,119.76000213623047,117.70999908447266,119.69000244140625,58000,6942020.1416015625
2023-07-17 00:00:00,119.9800033569336,122.47000122070312,119.9800033569336,121.26000213623047,63700,7724262.136077881
2023-07-18 00:00:00,121.33999633789062,122.69000244140625,120.37999725341797,122.56999969482422,54300,6655550.983428955
2023-07-19 00:00:00,122.2699966430664,122.2699966430664,119.38999938964844,120.69999694824219,119200,14387439.636230469
2023-07-20 00:00:00,120.69999694824219,122.20999908447266,120.4800033569336,121.5,74100,9003150.0
2023-07-21 00:00:00,122.30999755859375,122.88999938964844,121.04000091552734,121.51000213623047,82800,10061028.176879883
2023-07-24 00:00:00,121.69000244140625,121.83999633789062,120.13999938964844,120.1500015258789,96000,11534400.146484375
2023-07-25 00:00:00,120.0,120.91999816894531,119.81999969482422,119.98999786376953,45200,5423547.903442383
2023-07-26 00:00:00,119.4800033569336,120.54000091552734,118.54000091552734,119.77999877929688,62800,7522183.923339844
2023-07-27 00:00:00,120.2699966430664,120.37000274658203,116.19999694824219,118.01000213623047,86800,10243268.185424805
2023-07-28 00:00:00,118.27999877929688,118.88999938964844,117.16000366210938,117.62999725341797,43900,5163956.879425049
2023-07-31 00:00:00,117.72000122070312,119.5,116.55999755859375,119.2300033569336,62600,7463798.210144043
2023-08-01 00:00:00,118.62000274658203,120.44999694824219,116.61000061035156,120.44999694824219,51300,6179084.843444824
2023-08-02 00:00:00,119.5199966430664,120.31999969482422,118.6500015258789,119.11000061035156,39900,4752489.024353027
2023-08-03 00:00:00,119.11000061035156,119.20999908447266,117.81999969482422,118.91999816894531,39300,4673555.928039551
2023-08-04 00:00:00,118.41000366210938,119.48999786376953,118.05000305175781,118.55999755859375,40000,4742399.90234375
2023-08-07 00:00:00,118.66000366210938,121.8499984741211,118.66000366210938,121.7300033569336,59200,7206416.198730469
2023-08-08 00:00:00,120.70999908447266,121.05000305175781,119.33999633789062,120.9800033569336,53700,6496626.180267334
2023-08-09 00:00:00,119.97000122070312,121.02999877929688,116.97000122070312,117.05000305175781,126700,14830235.386657715
2023-08-10 00:00:00,117.11000061035156,118.69999694824219,115.94000244140625,115.98999786376953,70400,8165695.849609375
2023-08-11 00:00:00,116.05999755859375,116.72000122070312,116.04000091552734,116.2699966430664,44000,5115879.852294922
2023-08-14 00:00:00,116.55999755859375,117.31999969482422,115.9000015258789,116.9000015258789,92900,10860010.14175415
2023-08-15 00:00:00,117.29000091552734,119.2699966430664,115.87999725341797,118.66000366210938,75000,8899500.274658203
2023-08-16 00:00:00,118.4800033569336,118.9000015258789,116.02999877929688,116.22000122070312,71300,8286486.087036133
2023-08-17 00:00:00,116.26000213623047,116.58000183105469,114.97000122070312,115.66999816894531,60200,6963333.889770508
2023-08-18 00:00:00,115.0999984741211,116.55000305175781,115.0999984741211,116.55000305175781,98400,11468520.300292969
2023-08-21 00:00:00,117.04000091552734,118.54000091552734,117.04000091552734,117.7300033569336,91100,10725203.30581665
2023-08-22 00:00:00,118.2699966430664,119.0199966430664,117.86000061035156,118.62999725341797,78200,9276865.785217285
2023-08-23 00:00:00,119.30000305175781,121.41000366210938,119.30000305175781,120.16999816894531,99500,11956914.817810059
2023-08-24 00:00:00,133.8000030517578,139.89999389648438,132.30999755859375,136.69000244140625,342400,46802656.8359375
2023-08-25 00:00:00,138.86000061035156,139.27999877929688,132.75999450683594,134.02999877929688,159500,21377784.80529785
2023-08-28 00:00:00,134.1999969482422,136.1699981689453,133.42999267578125,133.97000122070312,111000,14870670.135498047
2023-08-29 00:00:00,133.7100067138672,136.1300048828125,133.35000610351562,135.17999267578125,146500,19803868.927001953
2023-08-30 00:00:00,135.2899932861328,137.47999572753906,134.67999267578125,135.0500030517578,132800,17934640.405273438
2023-08-31 00:00:00,135.5,137.47000122070312,135.3699951171875,136.35000610351562,155900,21256965.951538086
2023-09-01 00:00:00,136.77999877929688,137.44000244140625,133.55999755859375,133.85000610351562,79700,10667845.486450195
2023-09-05 00:00:00,133.2100067138672,133.2100067138672,127.72000122070312,128.92999267578125,127400,16425681.066894531
2023-09-06 00:00:00,129.1999969482422,133.1999969482422,127.75,127.91000366210938,88700,11345617.324829102
2023-09-07 00:00:00,127.43000030517578,127.43000030517578,123.22000122070312,124.79000091552734,124900,15586271.114349365
2023-09-08 00:00:00,124.61000061035156,125.38999938964844,123.77999877929688,124.88999938964844,91600,11439923.944091797
2023-09-11 00:00:00,125.80000305175781,125.80000305175781,121.48999786376953,122.25,79900,9767775.0
2023-09-12 00:00:00,122.16000366210938,123.05999755859375,121.01000213623047,121.69999694824219,85000,10344499.740600586
2023-09-13 00:00:00,121.56999969482422,122.56999969482422,118.47000122070312,119.91000366210938,98500,11811135.360717773
2023-09-14 00:00:00,120.79000091552734,121.94999694824219,120.41999816894531,121.0199966430664,82200,9947843.724060059
2023-09-15 00:00:00,121.44000244140625,121.44000244140625,117.36000061035156,118.36000061035156,350900,41532524.21417236
2023-09-18 00:00:00,118.08999633789062,119.19999694824219,116.91000366210938,117.05000305175781,68400,8006220.208740234
2023-09-19 00:00:00,117.22000122070312,117.7699966430664,115.19999694824219,117.58000183105469,71700,8430486.131286621
2023-09-20 00:00:00,117.55000305175781,119.55000305175781,115.88999938964844,115.97000122070312,49500,5740515.060424805
2023-09-21 00:00:00,116.12999725341797,116.12999725341797,114.16000366210938,114.22000122070312,55500,6339210.067749023
2023-09-22 00:00:00,113.7699966430664,114.55000305175781,113.3499984741211,113.5199966430664,55300,6277655.814361572
2023-09-25 00:00:00,113.05999755859375,114.3499984741211,112.19000244140625,113.77999877929688,44100,5017697.946166992
2023-09-26 00:00:00,113.55000305175781,114.0199966430664,112.51000213623047,113.01000213623047,79500,8984295.169830322
2023-09-27 00:00:00,112.95999908447266,118.19000244140625,112.95999908447266,117.16000366210938,172100,20163236.630249023
2023-09-28 00:00:00,117.0199966430664,122.55000305175781,117.0199966430664,121.29000091552734,146800,17805372.134399414
2023-09-29 00:00:00,121.2300033569336,121.2300033569336,117.25,118.04000091552734,90000,10623600.082397461
2023-10-02 00:00:00,118.18000030517578,119.52999877929688,117.02999877929688,119.1500015258789,90200,10747330.137634277
2023-10-03 00:00:00,120.01000213623047,120.01000213623047,117.0,117.04000091552734,66900,7829976.061248779
2023-10-04 00:00:00,117.37999725341797,118.6500015258789,116.01000213623047,118.20999908447266,92500,10934424.91531372
2023-10-05 00:00:00,118.66999816894531,119.04000091552734,116.43000030517578,116.6500015258789,85400,9961910.130310059
2023-10-06 00:00:00,116.08999633789062,119.11000061035156,116.08999633789062,118.04000091552734,88700,10470148.081207275
2023-10-09 00:00:00,117.06999969482422,122.63999938964844,117.06999969482422,121.44999694824219,81700,9922464.750671387
2023-10-10 00:00:00,121.75,122.91999816894531,120.81999969482422,120.8499984741211,54500,6586324.9168396
2023-10-11 00:00:00,121.08999633789062,122.31999969482422,120.68000030517578,121.16999816894531,36900,4471172.932434082
2023-10-12 00:00:00,121.23999786376953,121.31999969482422,117.08000183105469,119.0199966430664,62600,7450651.789855957
2023-10-13 00:00:00,119.1500015258789,119.1500015258789,116.37999725341797,117.3499984741211,110000,12908499.83215332
2023-10-16 00:00:00,118.69000244140625,119.37999725341797,117.95999908447266,118.16000366210938,60300,7125048.220825195
2023-10-17 00:00:00,118.36000061035156,121.5,118.36000061035156,119.43000030517578,83700,9996291.025543213
2023-10-18 00:00:00,118.63999938964844,121.02999877929688,118.0,119.73999786376953,97300,11650701.792144775
2023-10-19 00:00:00,119.41000366210938,121.26000213623047,116.58000183105469,116.80000305175781,131100,15312480.40008545
2023-10-20 00:00:00,116.87999725341797,117.22000122070312,114.26000213623047,114.91999816894531,140200,16111783.743286133
2023-10-23 00:00:00,114.93000030517578,116.62000274658203,114.0,114.52999877929688,96400,11040691.882324219
2023-10-24 00:00:00,115.05999755859375,115.3499984741211,113.62999725341797,113.76000213623047,68200,7758432.145690918
2023-10-25 00:00:00,113.76000213623047,114.11000061035156,111.69000244140625,112.47000122070312,160700,18073929.196166992
2023-10-26 00:00:00,114.33999633789062,114.51000213623047,109.33999633789062,114.01000213623047,148300,16907683.31680298
2023-10-27 00:00:00,113.37000274658203,114.23999786376953,105.73999786376953,106.38999938964844,131300,13969006.91986084
2023-10-30 00:00:00,107.93000030517578,108.83000183105469,104.33999633789062,104.98999786376953,126600,13291733.729553223
2023-10-31 00:00:00,104.97000122070312,105.66999816894531,103.56999969482422,104.2699966430664,120100,12522826.596832275
2023-11-01 00:00:00,104.66000366210938,105.4800033569336,103.04000091552734,104.97000122070312,91600,9615252.111816406
2023-11-02 00:00:00,106.41000366210938,107.16000366210938,104.51000213623047,106.41000366210938,74400,7916904.2724609375
2023-11-03 00:00:00,107.81999969482422,110.16999816894531,107.81999969482422,108.45999908447266,81700,8861181.925201416
2023-11-06 00:00:00,108.05000305175781,109.45999908447266,107.77999877929688,109.0,85900,9363100.0
2023-11-07 00:00:00,109.48999786376953,109.48999786376953,108.51000213623047,109.11000061035156,70600,7703166.04309082
2023-11-08 00:00:00,109.62999725341797,110.01000213623047,108.1500015258789,108.43000030517578,56700,6147981.017303467
2023-11-09 00:00:00,108.93000030517578,110.69000244140625,108.55000305175781,110.12000274658203,64900,7146788.178253174
2023-11-10 00:00:00,110.30999755859375,112.08999633789062,109.62999725341797,111.36000061035156,62000,6904320.037841797
2023-11-13 00:00:00,110.37999725341797,113.69999694824219,110.37999725341797,112.86000061035156,54600,6162156.033325195
2023-11-14 00:00:00,115.5199966430664,118.81999969482422,114.16999816894531,118.75,159900,18988125.0
2023-11-15 00:00:00,118.3499984741211,120.12999725341797,116.77999877929688,118.05999755859375,78000,9208679.809570312
2023-11-16 00:00:00,117.80999755859375,118.76000213623047,115.33999633789062,115.41000366210938,62900,7259289.23034668
2023-11-17 00:00:00,116.37999725341797,118.91000366210938,116.37999725341797,118.61000061035156,121600,14422976.07421875
2023-11-20 00:00:00,118.58999633789062,120.1500015258789,118.25,118.98999786376953,66600,7924733.857727051
2023-11-21 00:00:00,118.51000213623047,119.83999633789062,118.5,118.8499984741211,66600,7915409.898376465
2023-11-22 00:00:00,119.95999908447266,121.12000274658203,119.30000305175781,119.44999694824219,43300,5172184.867858887
2023-11-24 00:00:00,118.5,120.5199966430664,117.06999969482422,120.48999786376953,28000,3373719.940185547
2023-11-27 00:00:00,120.63999938964844,121.98999786376953,119.58000183105469,121.75,67300,8193775.0
2023-11-28 00:00:00,121.3499984741211,122.62000274658203,120.94999694824219,121.33999633789062,80700,9792137.704467773
2023-11-29 00:00:00,122.12999725341797,123.58999633789062,121.33999633789062,122.81999969482422,105000,12896099.967956543
2023-11-30 00:00:00,123.88999938964844,123.88999938964844,121.80000305175781,123.29000091552734,152900,18851041.13998413
2023-12-01 00:00:00,123.26000213623047,125.11000061035156,123.26000213623047,123.37999725341797,102400,12634111.71875
2023-12-04 00:00:00,123.08999633789062,124.98999786376953,123.08000183105469,124.79000091552734,75600,9434124.069213867
2023-12-05 00:00:00,124.06999969482422,125.37999725341797,122.55999755859375,122.98999786376953,93400,11487265.800476074
2023-12-06 00:00:00,123.4000015258789,125.54000091552734,122.91999816894531,123.27999877929688,77100,9504887.905883789
2023-12-07 00:00:00,123.87999725341797,124.30000305175781,122.2699966430664,122.47000122070312,62600,7666622.076416016
2023-12-08 00:00:00,122.25,123.66000366210938,121.44999694824219,122.38999938964844,76000,9301639.953613281
2023-12-11 00:00:00,122.72000122070312,123.51000213623047,121.94999694824219,123.05000305175781,70000,8613500.213623047
2023-12-12 00:00:00,123.16000366210938,125.58000183105469,122.5999984741211,123.76000213623047,52700,6522152.112579346
2023-12-13 00:00:00,123.5999984741211,128.16000366210938,123.5999984741211,127.3499984741211,130000,16555499.801635742
2023-12-14 00:00:00,129.0399932861328,131.3800048828125,128.50999450683594,130.32000732421875,113300,14765256.829833984
2023-12-15 00:00:00,131.24000549316406,131.24000549316406,128.0399932861328,128.72000122070312,331500,42670680.404663086
2023-12-18 00:00:00,129.4199981689453,129.8699951171875,127.91999816894531,128.86000061035156,75900,9780474.046325684
2023-12-19 00:00:00,129.6199951171875,131.0500030517578,128.72000122070312,129.5,116900,15138550.0
2023-12-20 00:00:00,129.67999267578125,129.67999267578125,126.83999633789062,127.01000213623047,97100,12332671.207427979
2023-12-21 00:00:00,128.24000549316406,128.24000549316406,124.88999938964844,126.20999908447266,87000,10980269.920349121
2023-12-22 00:00:00,127.08000183105469,130.4600067138672,127.08000183105469,129.42999267578125,70900,9176586.48071289
2023-12-26 00:00:00,130.39999389648438,131.0500030517578,129.3000030517578,130.72999572753906,58600,7660777.749633789
2023-12-27 00:00:00,131.2899932861328,132.52999877929688,130.61000061035156,131.3800048828125,52900,6950002.258300781
2023-12-28 00:00:00,131.3800048828125,132.60000610351562,129.58999633789062,130.42999267578125,57900,7551896.575927734
2023-12-29 00:00:00,130.74000549316406,130.74000549316406,129.0,129.0500030517578,57700,7446185.176086426
2024-01-02 00:00:00,129.0,129.42999267578125,127.52999877929688,128.9499969482422,81700,10535214.750671387
2024-01-03 00:00:00,128.52999877929688,128.52999877929688,125.8499984741211,127.0,105100,13347700.0
2024-01-04 00:00:00,127.7699966430664,131.0,125.30999755859375,125.4800033569336,80100,10050948.26889038
2024-01-05 00:00:00,124.33999633789062,125.2300033569336,123.36000061035156,123.4000015258789,116400,14363760.177612305
2024-01-08 00:00:00,124.1500015258789,126.12000274658203,123.27999877929688,125.0999984741211,66600,8331659.898376465
2024-01-09 00:00:00,123.70999908447266,124.56999969482422,122.80000305175781,124.0999984741211,44300,5497629.932403564
2024-01-10 00:00:00,123.26000213623047,125.62999725341797,123.05999755859375,125.3499984741211,58700,7358044.910430908
2024-01-11 00:00:00,124.79000091552734,125.19000244140625,122.45999908447266,123.30000305175781,93100,11479230.284118652
2024-01-12 00:00:00,124.77999877929688,125.4000015258789,123.44999694824219,124.36000061035156,62000,7710320.037841797
2024-01-16 00:00:00,123.30000305175781,124.16000366210938,122.0999984741211,122.56999969482422,130000,15934099.960327148
2024-01-17 00:00:00,121.38999938964844,122.5999984741211,120.41999816894531,121.7699966430664,96900,11799512.674713135
2024-01-18 00:00:00,122.79000091552734,125.5999984741211,121.30000305175781,125.5999984741211,71000,8917599.891662598
2024-01-19 00:00:00,126.55000305175781,129.08999633789062,126.25,127.98999786376953,80000,10239199.829101562
2024-01-22 00:00:00,129.1300048828125,131.39999389648438,129.1300048828125,131.14999389648438,78700,10321504.51965332
2024-01-23 00:00:00,132.08999633789062,132.85000610351562,130.22999572753906,130.27000427246094,82600,10760302.352905273
2024-01-24 00:00:00,132.22000122070312,132.22000122070312,128.1300048828125,128.69000244140625,137600,17707744.3359375
2024-01-25 00:00:00,136.8800048828125,139.60000610351562,127.87000274658203,134.38999938964844,244300,32831476.850891113
2024-01-26 00:00:00,136.0,136.0,130.8000030517578,132.58999633789062,263800,34977241.03393555
2024-01-29 00:00:00,132.08999633789062,133.7899932861328,129.6300048828125,130.3000030517578,166300,21668890.507507324
2024-01-30 00:00:00,129.33999633789062,133.38999938964844,129.33999633789062,130.75,111000,14513250.0
2024-01-31 00:00:00,130.02000427246094,131.6300048828125,127.41999816894531,128.02999877929688,195500,25029864.76135254
2024-02-01 00:00:00,128.3800048828125,131.4199981689453,127.79000091552734,130.27000427246094,104900,13665323.448181152
2024-02-02 00:00:00,129.0399932861328,130.02000427246094,128.0,129.08999633789062,149300,19273136.45324707
2024-02-05 00:00:00,127.81999969482422,129.0500030517578,126.58999633789062,128.25999450683594,123400,15827283.322143555
2024-02-06 00:00:00,128.25999450683594,129.69000244140625,128.05999755859375,129.64999389648438,61700,7999404.623413086
2024-02-07 00:00:00,130.19000244140625,132.0,130.16000366210938,131.1199951171875,65700,8614583.679199219
2024-02-08 00:00:00,130.72000122070312,133.89999389648438,130.5399932861328,133.89999389648438,63400,8489259.61303711
2024-02-09 00:00:00,134.85000610351562,137.24000549316406,133.77999877929688,137.10000610351562,99000,13572900.604248047
2024-02-12 00:00:00,137.08999633789062,139.35000610351562,136.4600067138672,138.8300018310547,75200,10440016.137695312
2024-02-13 00:00:00,135.42999267578125,137.89999389648438,131.05999755859375,131.92999267578125,77900,10277346.42944336
2024-02-14 00:00:00,133.4600067138672,135.72000122070312,132.5,134.72000122070312,65700,8851104.080200195
2024-02-15 00:00:00,135.38999938964844,137.00999450683594,134.6699981689453,136.89999389648438,91700,12553729.440307617
2024-02-16 00:00:00,136.7899932861328,136.7899932861328,134.30999755859375,134.6300048828125,63300,8522079.309082031
2024-02-20 00:00:00,133.0,134.72999572753906,132.22999572753906,132.7899932861328,76600,10171713.485717773
2024-02-21 00:00:00,131.55999755859375,131.55999755859375,129.1999969482422,130.63999938964844,57900,7564055.9646606445
2024-02-22 00:00:00,130.92999267578125,132.1199951171875,129.94000244140625,131.1699981689453,70200,9208133.871459961
2024-02-23 00:00:00,131.38999938964844,132.32000732421875,130.52999877929688,131.7899932861328,130400,17185415.12451172
2024-02-26 00:00:00,131.49000549316406,132.52000427246094,129.82000732421875,131.0,92100,12065100.0
2024-02-27 00:00:00,131.42999267578125,133.50999450683594,129.8300018310547,132.30999755859375,81500,10783264.80102539
2024-02-28 00:00:00,131.22000122070312,131.8800048828125,130.22000122070312,130.25,37000,4819250.0
2024-02-29 00:00:00,131.38999938964844,132.47999572753906,130.05999755859375,131.17999267578125,147000,19283458.923339844
2024-03-01 00:00:00,131.35000610351562,132.75,130.3699951171875,132.4199981689453,72400,9587207.86743164
2024-03-04 00:00:00,132.52000427246094,135.7899932861328,132.52000427246094,135.22999572753906,65000,8789949.722290039
2024-03-05 00:00:00,134.91000366210938,135.25,131.85000610351562,132.3800048828125,67400,8922412.329101562
2024-03-06 00:00:00,132.99000549316406,133.2899932861328,132.0800018310547,132.4600067138672,50900,6742214.34173584
2024-03-07 00:00:00,133.05999755859375,133.57000732421875,132.08999633789062,132.25999450683594,91700,12128241.496276855
2024-03-08 00:00:00,132.7899932861328,134.89999389648438,132.10000610351562,132.52000427246094,132000,17492640.563964844
2024-03-11 00:00:00,132.35000610351562,132.5500030517578,129.16000366210938,129.36000061035156,109500,14164920.066833496
2024-03-12 00:00:00,129.36000061035156,131.5800018310547,129.0,131.3300018310547,53700,7052421.098327637
2024-03-13 00:00:00,130.97999572753906,131.35000610351562,129.4199981689453,129.6999969482422,78500,10181449.760437012
2024-03-14 00:00:00,129.22999572753906,131.88999938964844,128.4600067138672,131.19000244140625,144500,18956955.352783203
2024-03-15 00:00:00,130.1999969482422,132.27999877929688,130.1999969482422,130.6999969482422,157800,20624459.518432617
2024-03-18 00:00:00,130.6999969482422,132.77000427246094,130.6999969482422,132.0800018310547,82900,10949432.151794434
2024-03-19 00:00:00,132.0800018310547,135.27999877929688,131.75,135.00999450683594,71100,9599210.609436035
2024-03-20 00:00:00,134.6199951171875,137.3800048828125,133.35000610351562,136.6699981689453,64800,8856215.881347656
2024-03-21 00:00:00,137.6699981689453,138.91000366210938,136.86000061035156,137.2100067138672,121000,16602410.81237793
2024-03-22 00:00:00,137.55999755859375,138.1699981689453,137.0,137.30999755859375,50000,6865499.8779296875
2024-03-25 00:00:00,137.25,138.27000427246094,135.6999969482422,136.25,46300,6308375.0
2024-03-26 00:00:00,137.35000610351562,140.97000122070312,137.3000030517578,139.83999633789062,75700,10585887.72277832
2024-03-27 00:00:00,140.27999877929688,142.10000610351562,140.27999877929688,141.44000244140625,91100,12885184.22241211
2024-03-28 00:00:00,141.6300048828125,144.02999877929688,140.97000122070312,142.82000732421875,100900,14410538.739013672
2024-04-01 00:00:00,143.75,143.75,139.1999969482422,140.6699981689453,82300,11577140.8493042
2024-04-02 00:00:00,140.24000549316406,140.24000549316406,137.10000610351562,138.25999450683594,90200,12471051.504516602
2024-04-03 00:00:00,138.25,140.89999389648438,137.6199951171875,139.80999755859375,64300,8989782.843017578
2024-04-04 00:00:00,140.4199981689453,143.88999938964844,139.67999267578125,140.32000732421875,78200,10973024.572753906
2024-04-05 00:00:00,140.50999450683594,142.83999633789062,139.22999572753906,142.3699951171875,65600,9339471.6796875
2024-04-08 00:00:00,143.32000732421875,144.11000061035156,141.07000732421875,142.32000732421875,59200,8425344.43359375
2024-04-09 00:00:00,143.3000030517578,143.6300048828125,141.39999389648438,142.02999877929688,60200,8550205.926513672
2024-04-10 00:00:00,138.9499969482422,139.9199981689453,133.50999450683594,136.49000549316406,80800,11028392.443847656
2024-04-11 00:00:00,137.41000366210938,138.5,135.97999572753906,138.00999450683594,54100,7466340.702819824
2024-04-12 00:00:00,137.44000244140625,139.2899932861328,137.44000244140625,139.00999450683594,82600,11482225.546264648
2024-04-15 00:00:00,139.0,140.33999633789062,136.5,137.30999755859375,97400,13373993.762207031
2024-04-16 00:00:00,137.30999755859375,138.08999633789062,135.75,137.30999755859375,92400,12687443.774414062
2024-04-17 00:00:00,138.5,138.5,134.6699981689453,134.75,73400,9890650.0
2024-04-18 00:00:00,134.75999450683594,136.8800048828125,133.25,133.85000610351562,82700,11069395.504760742
2024-04-19 00:00:00,133.25999450683594,136.52000427246094,132.6999969482422,135.5399932861328,95200,12903407.360839844
2024-04-22 00:00:00,136.1300048828125,140.44000244140625,135.7899932861328,139.44000244140625,86500,12061560.21118164
2024-04-23 00:00:00,139.63999938964844,142.00999450683594,139.14999389648438,140.82000732421875,81700,11504994.598388672
2024-04-24 00:00:00,140.4600067138672,142.17999267578125,138.86000061035156,139.7100067138672,112700,15745317.756652832
2024-04-25 00:00:00,134.39999389648438,137.85000610351562,126.56999969482422,134.14999389648438,231700,31082553.58581543
2024-04-26 00:00:00,134.99000549316406,136.64999389648438,132.41000366210938,134.82000732421875,103500,13953870.75805664
2024-04-29 00:00:00,133.52999877929688,138.0,133.52999877929688,136.1300048828125,267200,36373937.3046875
2024-04-30 00:00:00,135.60000610351562,135.67999267578125,130.64999389648438,131.44000244140625,197300,25933112.481689453
2024-05-01 00:00:00,130.86000061035156,133.5500030517578,130.86000061035156,131.07000732421875,71300,9345291.522216797
2024-05-02 00:00:00,131.77000427246094,136.0,131.77000427246094,135.74000549316406,134600,18270604.739379883
2024-05-03 00:00:00,136.0,136.25999450683594,132.14999389648438,135.55999755859375,124000,16809439.697265625
2024-05-06 00:00:00,134.5500030517578,136.5800018310547,130.67999267578125,132.33999633789062,104200,13789827.618408203
2024-05-07 00:00:00,133.0,135.86000061035156,133.0,134.86000061035156,112200,15131292.068481445
2024-05-08 00:00:00,134.02999877929688,135.67999267578125,133.44000244140625,134.25999450683594,87000,11680619.522094727
2024-05-09 00:00:00,134.0800018310547,137.0399932861328,132.30999755859375,135.52000427246094,73600,9974272.314453125
2024-05-10 00:00:00,135.52000427246094,136.64999389648438,134.44000244140625,135.99000549316406,80200,10906398.440551758
2024-05-13 00:00:00,137.60000610351562,138.97999572753906,135.86000061035156,136.19000244140625,69400,9451586.169433594
2024-05-14 00:00:00,137.83999633789062,138.3699951171875,136.80999755859375,138.3699951171875,72600,10045661.645507812
2024-05-15 00:00:00,139.02999877929688,140.47000122070312,137.77999877929688,139.9499969482422,113500,15884324.653625488
2024-05-16 00:00:00,140.25999450683594,141.36000061035156,137.1699981689453,137.4199981689453,74100,10182821.864318848
2024-05-17 00:00:00,138.00999450683594,139.41000366210938,137.0,139.27000427246094,58600,8161222.250366211
2024-05-20 00:00:00,138.75999450683594,140.64999389648438,138.00999450683594,140.57000732421875,83700,11765709.61303711
2024-05-21 00:00:00,140.42999267578125,145.25,140.42999267578125,144.52000427246094,93800,13555976.400756836
2024-05-22 00:00:00,143.64999389648438,144.8300018310547,139.7100067138672,140.02999877929688,114500,16033434.860229492
2024-05-23 00:00:00,140.57000732421875,141.44000244140625,138.97000122070312,139.24000549316406,80300,11180972.441101074
2024-05-24 00:00:00,140.4600067138672,143.42999267578125,139.30999755859375,142.83999633789062,113300,16183771.585083008
2024-05-28 00:00:00,142.60000610351562,142.60000610351562,138.50999450683594,139.69000244140625,135700,18955933.331298828
2024-05-29 00:00:00,137.8800048828125,139.5399932861328,134.5500030517578,134.72999572753906,77400,10428101.669311523
2024-05-30 00:00:00,136.0800018310547,137.8699951171875,135.17999267578125,137.80999755859375,68400,9426203.833007812
2024-05-31 00:00:00,137.74000549316406,144.25999450683594,136.5,143.74000549316406,204900,29452327.125549316
2024-06-03 00:00:00,143.6999969482422,144.57000732421875,140.57000732421875,141.08999633789062,149700,21121172.451782227
2024-06-04 00:00:00,139.75,140.92999267578125,138.6300048828125,139.85000610351562,70900,9915365.432739258
2024-06-05 00:00:00,140.36000061035156,142.6999969482422,139.25,142.6999969482422,66800,9532359.796142578
2024-06-06 00:00:00,141.77999877929688,142.5500030517578,138.44000244140625,138.92999267578125,47200,6557495.654296875
2024-06-07 00:00:00,137.36000061035156,139.82000732421875,137.3300018310547,138.5800018310547,55100,7635758.100891113
2024-06-10 00:00:00,137.1300048828125,138.97000122070312,136.35000610351562,137.5399932861328,120300,16546061.192321777
2024-06-11 00:00:00,136.57000732421875,136.97000122070312,135.27000427246094,136.27999877929688,61700,8408475.924682617
2024-06-12 00:00:00,138.89999389648438,141.14999389648438,134.5,139.4600067138672,112800,15731088.757324219
2024-06-13 00:00:00,138.8699951171875,139.14999389648438,136.08999633789062,136.83999633789062,58800,8046191.784667969
2024-06-14 00:00:00,135.5500030517578,135.92999267578125,134.5,134.58999633789062,83400,11224805.694580078
2024-06-17 00:00:00,134.5,137.6999969482422,134.5,136.22999572753906,131000,17846129.440307617
2024-06-18 00:00:00,136.4499969482422,137.1199951171875,135.5399932861328,135.89999389648438,80500,10939949.508666992
2024-06-20 00:00:00,136.32000732421875,137.50999450683594,135.49000549316406,136.85000610351562,129500,17722075.790405273
2024-06-21 00:00:00,137.0,137.0,135.3699951171875,136.19000244140625,197700,26924763.482666016
2024-06-24 00:00:00,136.22999572753906,138.3000030517578,135.89999389648438,136.88999938964844,95800,13114061.94152832
2024-06-25 00:00:00,137.22000122070312,137.7100067138672,135.6199951171875,136.5500030517578,53700,7332735.1638793945
2024-06-26 00:00:00,135.6199951171875,136.72999572753906,135.5,136.6199951171875,57600,7869311.71875
2024-06-27 00:00:00,137.39999389648438,140.19000244140625,137.3699951171875,140.1699981689453,103400,14493577.810668945
2024-06-28 00:00:00,140.8800048828125,141.1699981689453,137.07000732421875,137.52000427246094,178600,24561072.763061523
2024-07-01 00:00:00,137.66000366210938,138.17999267578125,136.0,136.8800048828125,90100,12332888.439941406
2024-07-02 00:00:00,136.6300048828125,137.82000732421875,135.82000732421875,137.16000366210938,84600,11603736.309814453
2024-07-03 00:00:00,137.88999938964844,138.27000427246094,136.8000030517578,137.19000244140625,25000,3429750.0610351562
2024-07-05 00:00:00,136.77999877929688,137.77999877929688,135.5,137.6199951171875,51200,7046143.75
2024-07-08 00:00:00,139.05999755859375,139.64999389648438,136.94000244140625,137.94000244140625,66500,9173010.162353516
2024-07-09 00:00:00,137.49000549316406,137.69000244140625,135.5,135.60000610351562,84900,11512440.518188477
2024-07-10 00:00:00,136.61000061035156,139.80999755859375,136.39999389648438,139.1199951171875,55200,7679423.73046875
2024-07-11 00:00:00,141.19000244140625,142.8300018310547,141.19000244140625,142.36000061035156,95800,13638088.05847168
2024-07-12 00:00:00,144.3300018310547,146.0500030517578,143.25999450683594,143.35000610351562,81500,11683025.497436523
2024-07-15 00:00:00,144.80999755859375,147.24000549316406,144.02999877929688,145.9499969482422,96500,14084174.705505371
2024-07-16 00:00:00,141.6999969482422,151.0,141.57000732421875,150.57000732421875,194900,29346094.427490234
2024-07-17 00:00:00,149.55999755859375,153.41000366210938,147.8000030517578,149.19000244140625,1285400,191768829.1381836
2024-07-18 00:00:00,149.19000244140625,149.5,145.02000427246094,146.8000030517578,212100,31136280.647277832
2024-07-19 00:00:00,147.30999755859375,147.30999755859375,144.38999938964844,145.32000732421875,79600,11567472.583007812
2024-07-22 00:00:00,145.49000549316406,148.8300018310547,144.4600067138672,148.57000732421875,124600,18511822.912597656
2024-07-23 00:00:00,147.80999755859375,151.64999389648438,147.02000427246094,149.89999389648438,160000,23983999.0234375
2024-07-24 00:00:00,149.08999633789062,150.4600067138672,147.00999450683594,147.25,78200,11514950.0
2024-07-25 00:00:00,147.39999389648438,150.14999389648438,145.8699951171875,147.4199981689453,73100,10776401.866149902
2024-07-26 00:00:00,149.6699981689453,150.5,148.6300048828125,150.3300018310547,62100,9335493.113708496
2024-07-29 00:00:00,151.0800018310547,151.1300048828125,148.69000244140625,148.8699951171875,101300,15080530.505371094
2024-07-30 00:00:00,149.3699951171875,149.3699951171875,146.44000244140625,147.75999450683594,93400,13800783.486938477
2024-07-31 00:00:00,148.6300048828125,150.82000732421875,147.10000610351562,147.97999572753906,95600,14146887.591552734
2024-08-01 00:00:00,148.13999938964844,148.13999938964844,142.66000366210938,144.67999267578125,185700,26867074.639892578
2024-08-02 00:00:00,139.5,139.6699981689453,136.88999938964844,139.36000061035156,93500,13030160.057067871
2024-08-05 00:00:00,131.0399932861328,135.19000244140625,129.17999267578125,134.77999877929688,196600,26497747.760009766
2024-08-06 00:00:00,135.10000610351562,138.38999938964844,134.85000610351562,137.57000732421875,84600,11638422.619628906
2024-08-07 00:00:00,138.89999389648438,139.5800018310547,136.47000122070312,136.47000122070312,78400,10699248.095703125
2024-08-08 00:00:00,138.11000061035156,140.2899932861328,137.47999572753906,139.6300048828125,141700,19785571.69189453
2024-08-09 00:00:00,139.74000549316406,141.35000610351562,138.2899932861328,139.72999572753906,49500,6916634.788513184
2024-08-12 00:00:00,139.64999389648438,139.64999389648438,138.33999633789062,138.50999450683594,64100,8878490.647888184
2024-08-13 00:00:00,139.17999267578125,140.99000549316406,138.5,139.4600067138672,216200,30151253.451538086
2024-08-14 00:00:00,140.1300048828125,140.1300048828125,138.2899932861328,139.02000427246094,68600,9536772.29309082
2024-08-15 00:00:00,142.2100067138672,145.94000244140625,142.07000732421875,145.5800018310547,118400,17236672.216796875
2024-08-16 00:00:00,145.5800018310547,149.4499969482422,143.66000366210938,144.02000427246094,103200,14862864.440917969
2024-08-19 00:00:00,144.35000610351562,144.9600067138672,143.10000610351562,143.69000244140625,79600,11437724.194335938
2024-08-20 00:00:00,143.77999877929688,144.27000427246094,142.8300018310547,142.91000366210938,81900,11704329.299926758
2024-08-21 00:00:00,143.72000122070312,145.07000732421875,142.89999389648438,144.6199951171875,328500,47507668.395996094
2024-08-22 00:00:00,147.0,158.69000244140625,147.0,154.27999877929688,620000,95653599.24316406
2024-08-23 00:00:00,157.14999389648438,157.47999572753906,148.5,150.0,219500,32925000.0
2024-08-26 00:00:00,149.72999572753906,150.92999267578125,145.25999450683594,146.63999938964844,176300,25852631.89239502
2024-08-27 00:00:00,146.55999755859375,149.36000061035156,145.8800048828125,146.85000610351562,107600,15801060.656738281
2024-08-28 00:00:00,146.13999938964844,147.22999572753906,144.69000244140625,146.13999938964844,94000,13737159.942626953
2024-08-29 00:00:00,147.3699951171875,149.6699981689453,146.55999755859375,148.8300018310547,163300,24303939.29901123
2024-08-30 00:00:00,149.6699981689453,151.07000732421875,147.4600067138672,149.8699951171875,142400,21341487.3046875
2024-09-03 00:00:00,148.8300018310547,149.6999969482422,141.60000610351562,141.72999572753906,133700,18949300.428771973
2024-09-04 00:00:00,141.19000244140625,142.16000366210938,139.07000732421875,142.0,105600,14995200.0
2024-09-05 00:00:00,142.02000427246094,142.80999755859375,140.97000122070312,141.8699951171875,96200,13647893.530273438
2024-09-06 00:00:00,141.8699951171875,143.47999572753906,138.6300048828125,139.75999450683594,162800,22752927.10571289
2024-09-09 00:00:00,139.9199981689453,140.75999450683594,137.24000549316406,138.80999755859375,191400,26568233.532714844
2024-09-10 00:00:00,138.3800048828125,139.05999755859375,135.92999267578125,138.0,97800,13496400.0
2024-09-11 00:00:00,138.0,140.25,135.38999938964844,140.08999633789062,88100,12341928.677368164
2024-09-12 00:00:00,140.6999969482422,142.25999450683594,139.83999633789062,141.94000244140625,161300,22894922.393798828
2024-09-13 00:00:00,143.60000610351562,146.77000427246094,143.0,145.38999938964844,146100,21241478.910827637
2024-09-16 00:00:00,145.0,146.33999633789062,143.4499969482422,144.8699951171875,261300,37854529.724121094
2024-09-17 00:00:00,144.9499969482422,145.32000732421875,141.8800048828125,144.2899932861328,249200,35957066.3269043
2024-09-18 00:00:00,145.6699981689453,147.72000122070312,142.83999633789062,145.19000244140625,309100,44878229.75463867
2024-09-19 00:00:00,149.0500030517578,149.0500030517578,145.25,147.13999938964844,106200,15626267.935180664
2024-09-20 00:00:00,146.3800048828125,147.14999389648438,144.86000061035156,145.52000427246094,312500,45475001.33514404
2024-09-23 00:00:00,146.85000610351562,147.66000366210938,145.25999450683594,145.86000061035156,75600,11027016.046142578
2024-09-24 00:00:00,146.58999633789062,148.66000366210938,145.66000366210938,146.9199981689453,97300,14295315.821838379
2024-09-25 00:00:00,147.49000549316406,147.49000549316406,144.55999755859375,144.91000366210938,71900,10419029.263305664
2024-09-26 00:00:00,147.05999755859375,147.86000061035156,143.97000122070312,144.86000061035156,117700,17050022.07183838
2024-09-27 00:00:00,145.49000549316406,146.52000427246094,144.30999755859375,145.38999938964844,94600,13753893.942260742
2024-09-30 00:00:00,146.5399932861328,152.25999450683594,146.0399932861328,151.8300018310547,171500,26038845.31402588
2024-10-01 00:00:00,152.24000549316406,152.24000549316406,147.05999755859375,147.41000366210938,127400,18780034.466552734
2024-10-02 00:00:00,146.6999969482422,148.7100067138672,146.5399932861328,147.77000427246094,89900,13284523.384094238
2024-10-03 00:00:00,146.9499969482422,146.9499969482422,144.27999877929688,144.72000122070312,69300,10029096.084594727
2024-10-04 00:00:00,146.16000366210938,147.39999389648438,144.1199951171875,145.47999572753906,133400,19407031.43005371
2024-10-07 00:00:00,144.58999633789062,146.0,142.47999572753906,145.72999572753906,88200,12853385.623168945
2024-10-08 00:00:00,146.57000732421875,147.22000122070312,145.52999877929688,146.88999938964844,109500,16084454.933166504
2024-10-09 00:00:00,146.88999938964844,149.0800018310547,145.9499969482422,147.9199981689453,117300,17351015.785217285
2024-10-10 00:00:00,146.35000610351562,147.02999877929688,145.32000732421875,146.47999572753906,101400,14853071.566772461
2024-10-11 00:00:00,146.2899932861328,148.3300018310547,146.2899932861328,148.02999877929688,96700,14314500.881958008
2024-10-14 00:00:00,147.91000366210938,149.47999572753906,147.00999450683594,149.44000244140625,78200,11686208.190917969
2024-10-15 00:00:00,149.44000244140625,150.02999877929688,146.9600067138672,147.13999938964844,167100,24587093.898010254
2024-10-16 00:00:00,148.5,150.10000610351562,148.07000732421875,149.2100067138672,139000,20740190.93322754
2024-10-17 00:00:00,149.1999969482422,149.5399932861328,148.47000122070312,148.77000427246094,81200,12080124.346923828
2024-10-18 00:00:00,149.8300018310547,149.8300018310547,144.67999267578125,144.85000610351562,222500,32229126.358032227
2024-10-21 00:00:00,144.4499969482422,146.32000732421875,143.07000732421875,144.8699951171875,130200,18862073.364257812
2024-10-22 00:00:00,143.8699951171875,143.8699951171875,140.1999969482422,140.58999633789062,134600,18923413.507080078
2024-10-23 00:00:00,139.74000549316406,142.4499969482422,139.60000610351562,142.14999389648438,170800,24279218.95751953
2024-10-24 00:00:00,152.14999389648438,153.07000732421875,137.24000549316406,137.64999389648438,400900,55183882.553100586
2024-10-25 00:00:00,137.97000122070312,141.9199981689453,134.05999755859375,134.36000061035156,388200,52158552.23693848
2024-10-28 00:00:00,135.08999633789062,135.3300018310547,129.83999633789062,131.41000366210938,297500,39094476.08947754
2024-10-29 00:00:00,131.3699951171875,133.5800018310547,130.0500030517578,133.55999755859375,255900,34178003.37524414
2024-10-30 00:00:00,132.8300018310547,137.14999389648438,132.8300018310547,135.97000122070312,193600,26323792.236328125
2024-10-31 00:00:00,136.72000122070312,137.08999633789062,131.7899932861328,132.2100067138672,198500,26243686.332702637
2024-11-01 00:00:00,133.11000061035156,135.25999450683594,131.60000610351562,132.16000366210938,148900,19678624.545288086
2024-11-04 00:00:00,132.14999389648438,133.88999938964844,131.33999633789062,132.64999389648438,97800,12973169.403076172
2024-11-05 00:00:00,132.44000244140625,136.4499969482422,131.77999877929688,136.4499969482422,106000,14463699.676513672
2024-11-06 00:00:00,143.7899932861328,149.35000610351562,142.66000366210938,148.19000244140625,268600,39803834.65576172
2024-11-07 00:00:00,148.1199951171875,149.22000122070312,146.32000732421875,149.02999877929688,163400,24351501.80053711
2024-11-08 00:00:00,149.6699981689453,151.97000122070312,148.3800048828125,151.2100067138672,148500,22454685.997009277
2024-11-11 00:00:00,152.08999633789062,154.1199951171875,151.27999877929688,153.75999450683594,126800,19496767.303466797
2024-11-12 00:00:00,153.3800048828125,156.02999877929688,152.30999755859375,153.14999389648438,319600,48946738.049316406
2024-11-13 00:00:00,154.39999389648438,156.05999755859375,151.97000122070312,152.85000610351562,213900,32694616.305541992
2024-11-14 00:00:00,152.17999267578125,153.08999633789062,150.36000061035156,151.97000122070312,140200,21306194.171142578
2024-11-15 00:00:00,152.64999389648438,152.6699981689453,149.67999267578125,150.6999969482422,151700,22861189.53704834
2024-11-18 00:00:00,150.58999633789062,153.1699981689453,150.0,152.22000122070312,371000,56473620.45288086
2024-11-19 00:00:00,150.3000030517578,154.2100067138672,150.24000549316406,153.7899932861328,208400,32049834.600830078
2024-11-20 00:00:00,154.39999389648438,159.25,152.25999450683594,159.19000244140625,128800,20503672.314453125
2024-11-21 00:00:00,159.1999969482422,165.75,158.6699981689453,165.3300018310547,332500,54972225.60882568
2024-11-22 00:00:00,166.22999572753906,168.67999267578125,163.5399932861328,164.91000366210938,174500,28776795.639038086
2024-11-25 00:00:00,166.02000427246094,170.49000549316406,165.83999633789062,168.99000549316406,244700,41351854.344177246
2024-11-26 00:00:00,167.97999572753906,171.1999969482422,167.8300018310547,170.5,321400,54798700.0
2024-11-27 00:00:00,170.69000244140625,174.64999389648438,170.69000244140625,174.50999450683594,359200,62683990.02685547
2024-11-29 00:00:00,175.0,177.55999755859375,174.33999633789062,177.39999389648438,186200,33031878.86352539
2024-12-02 00:00:00,176.8699951171875,180.22999572753906,175.0,179.7100067138672,271900,48863150.82550049
2024-12-03 00:00:00,180.67999267578125,182.10000610351562,179.17999267578125,180.08999633789062,661600,119147541.57714844
2024-12-04 00:00:00,180.72999572753906,183.22000122070312,178.8800048828125,180.55999755859375,269100,48588695.34301758
2024-12-05 00:00:00,180.27999877929688,182.3699951171875,177.42999267578125,180.02000427246094,189000,34023780.80749512
2024-12-06 00:00:00,180.5500030517578,182.1199951171875,179.22000122070312,181.33999633789062,152600,27672483.44116211
2024-12-09 00:00:00,182.89999389648438,183.6300048828125,181.5399932861328,183.0,113100,20697300.0
2024-12-10 00:00:00,182.85000610351562,184.42999267578125,181.5,184.0,243900,44877600.0
2024-12-11 00:00:00,185.0,188.44000244140625,183.6699981689453,186.99000549316406,256500,47962936.40899658
2024-12-12 00:00:00,186.5,189.02000427246094,184.7899932861328,187.75,230700,43313925.0
2024-12-13 00:00:00,187.25999450683594,189.1300048828125,179.88999938964844,181.7899932861328,299300,54409744.99053955
2024-12-16 00:00:00,181.08999633789062,185.94000244140625,180.25,184.83999633789062,224200,41441127.17895508
2024-12-17 00:00:00,184.97000122070312,186.4499969482422,183.60000610351562,183.67999267578125,174100,31978686.724853516
2024-12-18 00:00:00,184.83999633789062,186.2899932861328,174.72999572753906,175.80999755859375,248100,43618460.39428711
2024-12-19 00:00:00,177.1300048828125,178.38999938964844,172.22999572753906,175.1699981689453,202900,35541992.628479004
2024-12-20 00:00:00,173.7100067138672,177.57000732421875,173.25,175.07000732421875,386700,67699571.83227539
2024-12-23 00:00:00,174.75,175.6999969482422,173.0,174.6300048828125,94800,16554924.462890625
2024-12-24 00:00:00,174.6300048828125,177.1699981689453,174.0,176.1300048828125,66700,11747871.325683594
2024-12-26 00:00:00,175.05999755859375,177.86000061035156,174.3699951171875,177.1699981689453,77200,13677523.858642578
2024-12-27 00:00:00,176.3800048828125,176.4199981689453,169.39999389648438,171.35000610351562,331300,56768257.02209473
2024-12-30 00:00:00,169.27999877929688,169.85000610351562,165.2100067138672,167.25,152300,25472175.0
2024-12-31 00:00:00,168.47999572753906,169.39999389648438,166.77000427246094,167.42999267578125,109800,18383813.19580078
2025-01-02 00:00:00,168.94000244140625,169.88999938964844,165.11000061035156,165.4199981689453,115900,19172177.78778076
2025-01-03 00:00:00,166.39999389648438,167.88999938964844,166.02999877929688,166.77999877929688,113200,18879495.861816406
2025-01-06 00:00:00,166.8000030517578,168.1999969482422,163.3800048828125,164.02000427246094,107400,17615748.458862305
2025-01-07 00:00:00,164.02000427246094,166.47999572753906,162.5,163.39999389648438,150900,24657059.078979492
2025-01-08 00:00:00,161.75999450683594,162.0,156.4499969482422,157.66000366210938,240500,37917230.880737305
2025-01-10 00:00:00,155.02000427246094,156.8300018310547,151.24000549316406,153.35000610351562,204800,31406081.25
2025-01-13 00:00:00,151.19000244140625,155.74000549316406,150.83999633789062,154.55999755859375,145000,22411199.645996094
2025-01-14 00:00:00,155.0,159.19000244140625,155.0,158.19000244140625,230200,36415338.56201172
2025-01-15 00:00:00,162.30999755859375,165.36000061035156,159.14999389648438,163.2100067138672,182000,29704221.221923828
2025-01-16 00:00:00,164.35000610351562,170.5,164.14999389648438,168.0,257200,43209600.0
2025-01-17 00:00:00,170.41000366210938,170.99000549316406,165.0,166.55999755859375,195500,32562479.522705078
2025-01-21 00:00:00,168.22000122070312,173.16000366210938,167.92999267578125,172.72999572753906,221800,38311513.052368164
2025-01-22 00:00:00,173.0,174.75,168.02000427246094,169.00999450683594,210100,35508999.84588623
2025-01-23 00:00:00,183.86000061035156,197.6999969482422,180.3699951171875,193.0500030517578,666500,128667827.03399658
2025-01-24 00:00:00,192.72000122070312,200.13999938964844,190.5399932861328,199.8699951171875,315300,63019009.46044922
2025-01-27 00:00:00,196.17999267578125,199.6699981689453,191.8000030517578,193.60000610351562,381300,73819682.32727051
2025-01-28 00:00:00,195.30999755859375,197.57000732421875,192.1999969482422,196.4499969482422,231300,45438884.29412842
2025-01-29 00:00:00,196.35000610351562,199.6999969482422,195.85000610351562,196.94000244140625,165500,32593570.404052734
2025-01-30 00:00:00,199.13999938964844,201.4199981689453,196.14999389648438,196.1999969482422,190700,37415339.418029785
2025-01-31 00:00:00,195.49000549316406,198.9600067138672,193.41000366210938,196.44000244140625,177300,34828812.43286133
2025-02-03 00:00:00,191.44000244140625,195.0800018310547,188.02999877929688,195.0,324200,63219000.0
2025-02-04 00:00:00,193.82000732421875,199.72999572753906,193.82000732421875,199.41000366210938,148400,29592444.54345703
2025-02-05 00:00:00,200.8699951171875,205.7899932861328,198.13999938964844,203.99000549316406,224800,45856953.23486328
2025-02-06 00:00:00,204.74000549316406,206.0800018310547,201.94000244140625,206.0399932861328,145500,29978819.023132324
2025-02-07 00:00:00,206.5,209.39999389648438,203.69000244140625,207.07000732421875,279600,57896774.04785156
2025-02-10 00:00:00,209.39999389648438,209.39999389648438,200.57000732421875,206.4199981689453,206800,42687655.62133789
2025-02-11 00:00:00,205.5500030517578,212.0,205.1999969482422,208.14999389648438,213200,44377578.69873047
2025-02-12 00:00:00,204.4600067138672,209.08999633789062,202.7100067138672,208.91000366210938,177900,37165089.65148926
2025-02-13 00:00:00,209.60000610351562,211.75999450683594,206.88999938964844,210.75999450683594,140900,29696083.226013184
2025-02-14 00:00:00,209.14999389648438,211.99000549316406,209.14999389648438,211.6699981689453,84100,17801446.8460083
2025-02-18 00:00:00,213.38999938964844,216.91000366210938,212.17999267578125,216.6199951171875,239000,51772178.83300781
2025-02-19 00:00:00,214.74000549316406,220.0,212.33999633789062,219.60000610351562,188600,41416561.15112305
2025-02-20 00:00:00,218.99000549316406,219.08999633789062,211.3699951171875,214.3699951171875,181200,38843843.115234375
2025-02-21 00:00:00,216.61000061035156,216.61000061035156,199.1300048828125,202.27000427246094,267100,54026318.14117432
2025-02-24 00:00:00,202.41000366210938,203.22000122070312,199.30999755859375,201.1300048828125,135100,27172663.65966797
2025-02-25 00:00:00,202.24000549316406,203.3699951171875,198.3000030517578,199.9199981689453,133300,26649335.75592041
2025-02-26 00:00:00,201.24000549316406,205.5500030517578,201.1300048828125,202.30999755859375,125300,25349442.694091797
2025-02-27 00:00:00,203.05999755859375,206.49000549316406,201.30999755859375,202.3800048828125,137800,27887964.672851562
2025-02-28 00:00:00,201.27000427246094,206.72000122070312,199.97999572753906,206.2100067138672,269400,55552975.80871582
2025-03-03 00:00:00,206.52999877929688,208.67999267578125,198.91000366210938,199.8800048828125,178800,35738544.873046875
2025-03-04 00:00:00,197.19000244140625,199.2899932861328,191.39999389648438,191.67999267578125,512400,98216828.24707031
2025-03-05 00:00:00,191.92999267578125,193.0800018310547,178.55999755859375,180.7100067138672,636900,115094203.27606201
2025-03-06 00:00:00,177.99000549316406,184.3300018310547,177.50999450683594,184.1699981689453,291300,53648720.46661377
2025-03-07 00:00:00,183.17999267578125,187.4199981689453,178.3699951171875,182.6999969482422,318000,58098599.029541016
2025-03-10 00:00:00,179.8800048828125,182.6999969482422,177.0,180.52000427246094,226800,40941936.96899414
2025-03-11 00:00:00,181.72000122070312,185.07000732421875,179.00999450683594,180.49000549316406,210500,37993146.156311035
2025-03-12 00:00:00,185.27999877929688,189.14999389648438,180.61000061035156,181.66000366210938,326200,59257493.19458008
2025-03-13 00:00:00,170.69000244140625,175.64999389648438,153.39999389648438,175.30999755859375,1287200,225659028.85742188
2025-03-14 00:00:00,176.38999938964844,186.30999755859375,176.38999938964844,184.24000549316406,528600,97389266.90368652
2025-03-17 00:00:00,182.9600067138672,189.52999877929688,182.9600067138672,189.1699981689453,330400,62501767.39501953
2025-03-18 00:00:00,187.94000244140625,193.1199951171875,185.4499969482422,192.6699981689453,240900,46414202.558898926
2025-03-19 00:00:00,192.86000061035156,204.82000732421875,192.61000061035156,202.8300018310547,393600,79833888.72070312
2025-03-20 00:00:00,202.72000122070312,203.00999450683594,197.08999633789062,197.42999267578125,323400,63848859.631347656
2025-03-21 00:00:00,195.36000061035156,195.36000061035156,190.80999755859375,193.77999877929688,337400,65381371.588134766
2025-03-24 00:00:00,198.11000061035156,204.55999755859375,197.5399932861328,203.32000732421875,197900,40237029.44946289
2025-03-25 00:00:00,202.5500030517578,206.05999755859375,201.25999450683594,203.9199981689453,181100,36929911.668395996
2025-03-26 00:00:00,205.1999969482422,205.83999633789062,198.36000061035156,200.3000030517578,166000,33249800.506591797
2025-03-27 00:00:00,200.10000610351562,201.17999267578125,196.99000549316406,199.11000061035156,122400,24371064.07470703
2025-03-28 00:00:00,197.4199981689453,198.6300048828125,191.4499969482422,193.32000732421875,172100,33270373.260498047
2025-03-31 00:00:00,189.6699981689453,195.75,187.5500030517578,194.33999633789062,221200,42988007.189941406
2025-04-01 00:00:00,193.25,197.32000732421875,191.60000610351562,194.6999969482422,141800,27608459.567260742
2025-04-02 00:00:00,192.5,199.16000366210938,191.22999572753906,198.27000427246094,156100,30949947.666931152
2025-04-03 00:00:00,187.58999633789062,190.8800048828125,179.57000732421875,180.30999755859375,245700,44302166.400146484
2025-04-04 00:00:00,170.66000366210938,176.1999969482422,164.0800018310547,174.4600067138672,358200,62491574.40490723
2025-04-07 00:00:00,169.1699981689453,182.64999389648438,164.17999267578125,178.77000427246094,338900,60585154.44793701
2025-04-08 00:00:00,184.0399932861328,187.9199981689453,170.4499969482422,174.22000122070312,250800,43694376.306152344
2025-04-09 00:00:00,172.3800048828125,194.69000244140625,171.0399932861328,191.16000366210938,452900,86576365.65856934
2025-04-10 00:00:00,187.27999877929688,189.27000427246094,181.07000732421875,184.44000244140625,277100,51108324.67651367
2025-04-11 00:00:00,184.17999267578125,191.30999755859375,181.57000732421875,189.50999450683594,180200,34149701.010131836
2025-04-14 00:00:00,188.5800018310547,193.64999389648438,185.22999572753906,192.6999969482422,162300,31275209.504699707
2025-04-15 00:00:00,191.94000244140625,196.1300048828125,190.89999389648438,193.10000610351562,160100,30915310.97717285
2025-04-16 00:00:00,192.6999969482422,193.52000427246094,185.44000244140625,189.35000610351562,174400,33022641.064453125
2025-04-17 00:00:00,189.55999755859375,195.4600067138672,189.24000549316406,194.19000244140625,250000,48547500.61035156
2025-04-21 00:00:00,192.2899932861328,193.82000732421875,186.16000366210938,188.0399932861328,119400,22451975.198364258
2025-04-22 00:00:00,191.67999267578125,192.75,188.47999572753906,189.4199981689453,109000,20646779.80041504
2025-04-23 00:00:00,197.42999267578125,201.69000244140625,192.7899932861328,193.5800018310547,174600,33799068.31970215
2025-04-24 00:00:00,192.8699951171875,202.7100067138672,192.8699951171875,202.30999755859375,125900,25470828.692626953
2025-04-25 00:00:00,202.2899932861328,203.0399932861328,198.00999450683594,201.67999267578125,102400,20652031.25
2025-04-28 00:00:00,201.72999572753906,204.55999755859375,198.49000549316406,201.5,154900,31212350.0
2025-04-29 00:00:00,201.11000061035156,204.25999450683594,199.41000366210938,203.1199951171875,98700,20047943.518066406
2025-04-30 00:00:00,199.08999633789062,205.77000427246094,197.9499969482422,204.74000549316406,182300,37324103.00140381
2025-05-01 00:00:00,225.2100067138672,226.49000549316406,210.3000030517578,224.3300018310547,683300,153284690.25115967
2025-05-02 00:00:00,226.5,227.33999633789062,219.7899932861328,224.86000061035156,443000,99612980.27038574
2025-05-05 00:00:00,223.6300048828125,225.08999633789062,220.0800018310547,220.55999755859375,208000,45876479.4921875
2025-05-06 00:00:00,216.77000427246094,222.4499969482422,215.33999633789062,220.61000061035156,365800,80699138.2232666
2025-05-07 00:00:00,222.89999389648438,224.16000366210938,218.17999267578125,221.38999938964844,204000,45163559.87548828
2025-05-08 00:00:00,224.88999938964844,226.00999450683594,220.88999938964844,222.1699981689453,221600,49232871.59423828
2025-05-09 00:00:00,222.38999938964844,224.1699981689453,219.02999877929688,223.52999877929688,134100,29975372.83630371
2025-05-12 00:00:00,230.16000366210938,233.8000030517578,226.0,226.99000549316406,177900,40381521.97723389
2025-05-13 00:00:00,227.24000549316406,232.0,227.24000549316406,230.25,223200,51391800.0
2025-05-14 00:00:00,230.41000366210938,233.5800018310547,226.2100067138672,226.22000122070312,204000,46148880.24902344
2025-05-15 00:00:00,226.05999755859375,228.1999969482422,223.1699981689453,227.97999572753906,160200,36522395.31555176
2025-05-16 00:00:00,226.75,232.1699981689453,226.5800018310547,232.0,185500,43036000.0
2025-05-19 00:00:00,228.1300048828125,230.17999267578125,227.7899932861328,229.64999389648438,89700,20599604.45251465
2025-05-20 00:00:00,229.3300018310547,231.0,228.80999755859375,230.1300048828125,80500,18525465.393066406
2025-05-21 00:00:00,228.89999389648438,229.8800048828125,224.3300018310547,226.9499969482422,144800,32862359.55810547
2025-05-22 00:00:00,226.33999633789062,231.5500030517578,225.6300048828125,228.67999267578125,139500,31900858.978271484
2025-05-23 00:00:00,224.1199951171875,228.74000549316406,218.33999633789062,227.44000244140625,115800,26337552.282714844
2025-05-27 00:00:00,231.10000610351562,234.58999633789062,226.99000549316406,227.72999572753906,131300,29900948.43902588
2025-05-28 00:00:00,227.72999572753906,227.99000549316406,209.75,216.0,309000,66744000.0
2025-05-29 00:00:00,217.3000030517578,220.91000366210938,215.8699951171875,220.19000244140625,243800,53682322.595214844
2025-05-30 00:00:00,218.77999877929688,219.88999938964844,215.25999450683594,219.11000061035156,215900,47305849.1317749
2025-06-02 00:00:00,219.11000061035156,219.7899932861328,215.10000610351562,217.47999572753906,254400,55326910.91308594
2025-06-03 00:00:00,218.67999267578125,221.99000549316406,215.5,221.1699981689453,158600,35077561.70959473
2025-06-04 00:00:00,222.74000549316406,225.63999938964844,221.49000549316406,223.6300048828125,202100,45195623.986816406
2025-06-05 00:00:00,223.05999755859375,224.80999755859375,221.14999389648438,222.88999938964844,184900,41212360.887145996
2025-06-06 00:00:00,226.77000427246094,227.52999877929688,223.25,226.47000122070312,104600,23688762.127685547
2025-06-09 00:00:00,228.74000549316406,229.13999938964844,226.00999450683594,227.77999877929688,99700,22709665.8782959
2025-06-10 00:00:00,227.86000061035156,231.88999938964844,227.6699981689453,231.60000610351562,148700,34438920.90759277
2025-06-11 00:00:00,231.60000610351562,241.63999938964844,230.32000732421875,239.0500030517578,415600,99349181.26831055
2025-06-12 00:00:00,236.24000549316406,240.11000061035156,234.75,236.5800018310547,149700,35416026.27410889
2025-06-13 00:00:00,233.50999450683594,235.66000366210938,228.49000549316406,229.5399932861328,247500,56811148.33831787
2025-06-16 00:00:00,230.0,234.89999389648438,228.32000732421875,234.8300018310547,200000,46966000.36621094
2025-06-17 00:00:00,233.10000610351562,233.61000061035156,223.9600067138672,224.77000427246094,206900,46504913.88397217
2025-06-18 00:00:00,224.1199951171875,229.1699981689453,217.33999633789062,218.36000061035156,354400,77386784.2163086
2025-06-20 00:00:00,218.80999755859375,218.80999755859375,212.32000732421875,214.9499969482422,480100,103197493.53485107
2025-06-23 00:00:00,214.9499969482422,216.5,210.24000549316406,215.69000244140625,279800,60350062.68310547
2025-06-24 00:00:00,217.07000732421875,218.07000732421875,212.0500030517578,214.22999572753906,243500,52165003.95965576
2025-06-25 00:00:00,215.0,219.58999633789062,212.80999755859375,214.5399932861328,228600,49043842.46520996
2025-06-26 00:00:00,216.38999938964844,224.75999450683594,214.27000427246094,224.50999450683594,191900,43083467.94586182
2025-06-27 00:00:00,225.50999450683594,226.3000030517578,221.11000061035156,224.0500030517578,232700,52136435.71014404
2025-06-30 00:00:00,226.32000732421875,226.32000732421875,222.2100067138672,224.86000061035156,143200,32199952.087402344
2025-07-01 00:00:00,223.41000366210938,230.4600067138672,223.0500030517578,226.74000549316406,206300,46776463.133239746
2025-07-02 00:00:00,226.49000549316406,230.3000030517578,225.5399932861328,228.63999938964844,208400,47648575.872802734
2025-07-03 00:00:00,229.75,233.94000244140625,224.5,232.50999450683594,70200,16322201.614379883
2025-07-07 00:00:00,231.3800048828125,233.5800018310547,229.10000610351562,230.80999755859375,168200,38822241.58935547
2025-07-08 00:00:00,231.41000366210938,235.0,231.41000366210938,233.8300018310547,202800,47420724.37133789
2025-07-09 00:00:00,234.55999755859375,236.75999450683594,226.6199951171875,235.63999938964844,222800,52500591.86401367
2025-07-10 00:00:00,236.9199981689453,240.4499969482422,229.92999267578125,229.97999572753906,359100,82585816.46575928
2025-07-11 00:00:00,228.86000061035156,228.86000061035156,212.38999938964844,212.75,289700,61633675.0
2025-07-14 00:00:00,211.2899932861328,214.80999755859375,209.5399932861328,212.3000030517578,286700,60866410.874938965
2025-07-15 00:00:00,213.6300048828125,214.25,206.92999267578125,208.1199951171875,159300,33153515.22216797
2025-07-16 00:00:00,209.97999572753906,214.16000366210938,207.0500030517578,212.11000061035156,144800,30713528.088378906
2025-07-17 00:00:00,212.0,216.02000427246094,205.8699951171875,213.82000732421875,148700,31795035.089111328
2025-07-18 00:00:00,216.25,216.25,209.3000030517578,211.3800048828125,129600,27394848.6328125
2025-07-21 00:00:00,212.66000366210938,221.00999450683594,211.5399932861328,215.88999938964844,143600,31001803.912353516
2025-07-22 00:00:00,215.10000610351562,217.7100067138672,210.02000427246094,217.07000732421875,145600,31605393.06640625
2025-07-23 00:00:00,218.89999389648438,227.52999877929688,217.5,226.66000366210938,147100,33341686.53869629
2025-07-24 00:00:00,224.44000244140625,226.91000366210938,223.6199951171875,224.02999877929688,110500,24755314.865112305
2025-07-25 00:00:00,225.3000030517578,229.6999969482422,224.91000366210938,226.0800018310547,101400,22924512.185668945
2025-07-28 00:00:00,225.1699981689453,226.25999450683594,220.3699951171875,224.07000732421875,126300,28300041.925048828
2025-07-29 00:00:00,226.1199951171875,227.8699951171875,223.74000549316406,225.22000122070312,78000,17567160.095214844
2025-07-30 00:00:00,226.08999633789062,230.47999572753906,222.0,223.5399932861328,139600,31206183.06274414
2025-07-31 00:00:00,222.14999389648438,224.1300048828125,220.0500030517578,221.00999450683594,118300,26145482.35015869
2025-08-01 00:00:00,216.63999938964844,220.4600067138672,215.02999877929688,219.57000732421875,158800,34867717.16308594
2025-08-04 00:00:00,221.1199951171875,224.1199951171875,217.55999755859375,221.69000244140625,156000,34583640.380859375
2025-08-05 00:00:00,221.14999389648438,221.6999969482422,217.99000549316406,219.63999938964844,162700,35735427.9006958
2025-08-06 00:00:00,220.55999755859375,222.72000122070312,218.7899932861328,221.0500030517578,99400,21972370.303344727
2025-08-07 00:00:00,222.7899932861328,223.92999267578125,219.7899932861328,223.92999267578125,113400,25393661.169433594
2025-08-08 00:00:00,225.7899932861328,228.9499969482422,222.3300018310547,225.94000244140625,141200,31902728.344726562
2025-08-11 00:00:00,226.08999633789062,227.69000244140625,223.75,224.22000122070312,283400,63543948.345947266
2025-08-12 00:00:00,225.72999572753906,233.64999389648438,224.60000610351562,233.17999267578125,133100,31036257.025146484
2025-08-13 00:00:00,235.3000030517578,239.1300048828125,232.67999267578125,236.0500030517578,141000,33283050.43029785
2025-08-14 00:00:00,232.61000061035156,236.27000427246094,231.11000061035156,233.49000549316406,133700,31217613.734436035
2025-08-15 00:00:00,234.32000732421875,234.69000244140625,232.61000061035156,234.27000427246094,136000,31860720.581054688
2025-08-18 00:00:00,234.07000732421875,236.5800018310547,230.99000549316406,231.22000122070312,220000,50868400.26855469
2025-08-19 00:00:00,231.61000061035156,232.94000244140625,226.2100067138672,226.91000366210938,135000,30632850.494384766
2025-08-20 00:00:00,226.7899932861328,229.0,219.8300018310547,223.38999938964844,530100,118419038.67645264
2025-08-21 00:00:00,220.17999267578125,228.64999389648438,204.0,217.88999938964844,770500,167884244.52972412
2025-08-22 00:00:00,221.25999450683594,230.3699951171875,218.77000427246094,228.6999969482422,325000,74327499.00817871
2025-08-25 00:00:00,228.99000549316406,228.99000549316406,224.16000366210938,225.19000244140625,170100,38304819.4152832
2025-08-26 00:00:00,225.27000427246094,232.14999389648438,225.27000427246094,230.77999877929688,219700,50702365.73181152
2025-08-27 00:00:00,230.80999755859375,234.27999877929688,230.0,230.3800048828125,198900,45822582.971191406
2025-08-28 00:00:00,230.97999572753906,232.3800048828125,225.5399932861328,229.1199951171875,187700,43005823.083496094
2025-08-29 00:00:00,228.8000030517578,231.44000244140625,226.92999267578125,230.0500030517578,122200,28112110.372924805
2025-09-02 00:00:00,226.13999938964844,233.24000549316406,226.0800018310547,232.66000366210938,119000,27686540.435791016
2025-09-03 00:00:00,231.50999450683594,235.0,228.91000366210938,232.8800048828125,176300,41056744.860839844
2025-09-04 00:00:00,233.5800018310547,236.92999267578125,232.0800018310547,235.7100067138672,113700,26800227.7633667
2025-09-05 00:00:00,235.7100067138672,238.16000366210938,231.39999389648438,233.5500030517578,106800,24943140.325927734
2025-09-08 00:00:00,233.75,235.49000549316406,226.0,229.11000061035156,155100,35534961.09466553
2025-09-09 00:00:00,229.4199981689453,231.32000732421875,227.1999969482422,229.64999389648438,114100,26203064.303588867
2025-09-10 00:00:00,229.64999389648438,239.05999755859375,229.27999877929688,235.6999969482422,162100,38206969.50531006
2025-09-11 00:00:00,236.33999633789062,240.7100067138672,236.33999633789062,239.5500030517578,107700,25799535.328674316
2025-09-12 00:00:00,238.2899932861328,238.2899932861328,233.38999938964844,234.8000030517578,76800,18032640.234375
2025-09-15 00:00:00,234.6699981689453,237.32000732421875,232.38999938964844,236.24000549316406,81400,19229936.447143555
2025-09-16 00:00:00,236.07000732421875,238.50999450683594,234.6699981689453,238.10000610351562,144900,34500690.884399414
2025-09-17 00:00:00,239.11000061035156,242.22000122070312,235.63999938964844,237.49000549316406,103900,24675211.570739746
2025-09-18 00:00:00,237.6999969482422,244.49000549316406,236.97000122070312,242.4499969482422,138600,33603569.57702637
2025-09-19 00:00:00,243.1999969482422,244.3800048828125,233.9600067138672,235.44000244140625,454000,106889761.10839844
2025-09-22 00:00:00,234.25999450683594,238.3800048828125,227.50999450683594,237.52000427246094,135300,32136456.578063965
2025-09-23 00:00:00,238.0399932861328,241.3000030517578,235.02000427246094,236.7899932861328,164800,39022990.89355469
2025-09-24 00:00:00,237.27999877929688,237.27999877929688,226.5,227.60000610351562,157100,35755960.958862305
2025-09-25 00:00:00,226.89999389648438,232.3699951171875,224.33999633789062,231.6300048828125,160700,37222941.78466797
2025-09-26 00:00:00,234.58999633789062,237.72000122070312,231.89999389648438,236.4199981689453,109300,25840705.799865723
2025-09-29 00:00:00,239.0500030517578,242.6199951171875,236.94000244140625,237.99000549316406,152500,36293475.83770752
2025-09-30 00:00:00,238.25999450683594,249.7899932861328,235.9199981689453,249.24000549316406,228700,57001189.25628662
2025-10-01 00:00:00,246.77000427246094,248.61000061035156,243.58999633789062,245.66000366210938,185400,45545364.67895508
2025-10-02 00:00:00,246.5800018310547,249.11000061035156,244.17999267578125,248.0800018310547,131200,32548096.240234375
2025-10-03 00:00:00,249.8300018310547,255.49000549316406,249.6999969482422,251.27000427246094,119000,29901130.50842285
2025-10-06 00:00:00,252.5800018310547,257.3299865722656,250.99000549316406,251.1699981689453,114200,28683613.790893555
2025-10-07 00:00:00,252.0,254.88999938964844,248.0,249.3800048828125,141000,35162580.68847656
2025-10-08 00:00:00,251.22000122070312,253.8699951171875,244.82000732421875,248.61000061035156,144100,35824701.08795166
2025-10-09 00:00:00,250.55999755859375,250.8300018310547,246.05999755859375,249.57000732421875,128000,31944960.9375
2025-10-10 00:00:00,249.22999572753906,249.69000244140625,241.19000244140625,241.5,173300,41851950.0
2025-10-13 00:00:00,244.75999450683594,249.30999755859375,243.8000030517578,247.1300048828125,78600,19424418.383789062
2025-10-14 00:00:00,243.9600067138672,252.72999572753906,243.38999938964844,250.25,75600,18918900.0
2025-10-15 00:00:00,253.3300018310547,257.1199951171875,250.4600067138672,256.6600036621094,119300,30619538.43688965
2025-10-16 00:00:00,257.4100036621094,257.4100036621094,246.58999633789062,246.74000549316406,170500,42069170.93658447
2025-10-17 00:00:00,244.88999938964844,247.49000549316406,242.1699981689453,244.47999572753906,95200,23274495.59326172
2025-10-20 00:00:00,248.47999572753906,257.19000244140625,248.47999572753906,254.10000610351562,137400,34913340.83862305
2025-10-21 00:00:00,253.1199951171875,256.9800109863281,241.24000549316406,251.86000061035156,134800,33950728.08227539
2025-10-22 00:00:00,251.66000366210938,251.66000366210938,242.60000610351562,243.19000244140625,110300,26823857.26928711
2025-10-23 00:00:00,244.36000061035156,248.49000549316406,241.4600067138672,247.52999877929688,65800,16287473.919677734
2025-10-24 00:00:00,250.13999938964844,255.33999633789062,249.44000244140625,251.11000061035156,80600,20239466.049194336
2025-10-27 00:00:00,253.02999877929688,255.97999572753906,251.9499969482422,254.0,126100,32029400.0
2025-10-28 00:00:00,252.9199981689453,254.77000427246094,249.75,250.94000244140625,129500,32496730.31616211
2025-10-29 00:00:00,252.92999267578125,256.7799987792969,244.7899932861328,249.3699951171875,140500,35036484.313964844
2025-10-30 00:00:00,247.02000427246094,249.6999969482422,243.25,243.82000732421875,137500,33525251.007080078
2025-10-31 00:00:00,251.5,282.5400085449219,246.4600067138672,278.4599914550781,644200,179383926.49536133
2025-11-03 00:00:00,278.2799987792969,282.5899963378906,273.29998779296875,281.1000061035156,384000,107942402.34375
2025-11-04 00:00:00,274.9200134277344,282.9599914550781,271.4700012207031,277.5400085449219,173900,48264207.485961914
2025-11-05 00:00:00,280.3599853515625,283.2300109863281,274.05999755859375,281.6300048828125,109000,30697670.532226562
2025-11-06 00:00:00,278.9200134277344,285.0,274.6099853515625,282.2699890136719,213200,60179961.657714844
2025-11-07 00:00:00,279.6000061035156,288.6400146484375,276.75,284.8599853515625,245100,69819182.40966797
2025-11-10 00:00:00,286.1000061035156,288.1000061035156,283.1499938964844,285.5299987792969,175300,50053408.78601074
2025-11-11 00:00:00,283.3699951171875,288.3299865722656,282.8999938964844,286.9599914550781,226700,65053830.06286621
2025-11-12 00:00:00,287.3299865722656,292.3399963378906,282.20001220703125,283.4800109863281,232300,65852406.55212402
2025-11-13 00:00:00,280.6600036621094,283.2799987792969,268.2900085449219,272.8699951171875,205800,56156644.99511719
2025-11-14 00:00:00,270.1400146484375,276.3800048828125,262.45001220703125,273.54998779296875,183500,50196422.760009766
2025-11-17 00:00:00,257.55999755859375,268.54998779296875,257.55999755859375,267.0299987792969,423700,113140610.48278809
2025-11-18 00:00:00,267.4700012207031,269.0,250.0800018310547,251.25999450683594,1511300,379729229.69818115
2025-11-19 00:00:00,250.7899932861328,259.95001220703125,236.41000366210938,237.82000732421875,405400,96412230.96923828
2025-11-20 00:00:00,243.42999267578125,248.32000732421875,231.66000366210938,233.97000122070312,602000,140849940.73486328
2025-11-21 00:00:00,233.74000549316406,254.3699951171875,233.74000549316406,251.10000610351562,361800,90847982.20825195
2025-11-24 00:00:00,251.2899932861328,258.25,250.0,256.3399963378906,240700,61701037.11853027
2025-11-25 00:00:00,258.1199951171875,269.1499938964844,253.30999755859375,267.32000732421875,379900,101554870.7824707
2025-11-26 00:00:00,266.9100036621094,275.5,266.9100036621094,271.55999755859375,311100,84482315.24047852
2025-11-28 00:00:00,273.4599914550781,274.67999267578125,268.04998779296875,270.8500061035156,181800,49240531.10961914
2025-12-01 00:00:00,268.94000244140625,274.70001220703125,266.19000244140625,268.3900146484375,278700,74800297.08251953
2025-12-02 00:00:00,270.0,271.3800048828125,266.0299987792969,266.1700134277344,158600,42214564.12963867
2025-12-03 00:00:00,266.1499938964844,275.6499938964844,264.7799987792969,273.19000244140625,260500,71165995.63598633
2025-12-04 00:00:00,272.8299865722656,275.3399963378906,270.05999755859375,271.010009765625,204100,55313142.99316406
2025-12-05 00:00:00,270.6300048828125,272.04998779296875,263.3900146484375,266.0,188900,50247400.0
2025-12-08 00:00:00,269.04998779296875,269.04998779296875,261.55999755859375,262.6099853515625,191400,50263551.19628906
2025-12-09 00:00:00,263.3699951171875,266.3299865722656,260.07000732421875,260.32000732421875,253400,65965089.85595703
2025-12-10 00:00:00,259.57000732421875,264.5400085449219,257.4100036621094,262.3999938964844,183800,48229118.87817383
2025-12-11 00:00:00,264.55999755859375,266.7300109863281,259.6199951171875,265.8500061035156,161500,42934775.98571777
2025-12-12 00:00:00,264.80999755859375,264.80999755859375,257.6199951171875,259.44000244140625,161800,41977392.39501953
2025-12-15 00:00:00,262.29998779296875,262.92999267578125,258.260009765625,262.3800048828125,144500,37913910.705566406
2025-12-16 00:00:00,264.1000061035156,264.3800048828125,260.7699890136719,262.6499938964844,207500,54499873.73352051
2025-12-17 00:00:00,262.8399963378906,266.3699951171875,259.17999267578125,262.3399963378906,252500,66240849.07531738
2025-12-18 00:00:00,265.4700012207031,270.8800048828125,264.2099914550781,266.9800109863281,304400,81268715.34423828
2025-12-19 00:00:00,265.5400085449219,273.25,262.19000244140625,264.5299987792969,422900,111869736.48376465
2025-12-22 00:00:00,266.8500061035156,277.4700012207031,266.8500061035156,275.19000244140625,247600,68137044.60449219
2025-12-23 00:00:00,274.54998779296875,276.8800048828125,266.0199890136719,266.9100036621094,227000,60588570.83129883
2025-12-24 00:00:00,269.1000061035156,270.510009765625,266.4700012207031,269.67999267578125,73200,19740575.463867188
2025-12-26 00:00:00,268.4599914550781,270.739990234375,267.67999267578125,269.82000732421875,63100,17025642.462158203
2025-12-29 00:00:00,270.489990234375,277.0299987792969,263.54998779296875,270.1600036621094,253100,68377496.92687988
2025-12-30 00:00:00,268.6400146484375,272.8299865722656,261.32000732421875,262.95001220703125,358300,94214989.3737793
2025-12-31 00:00:00,262.7200012207031,264.1300048828125,254.6300048828125,255.05999755859375,253600,64683215.380859375
2026-01-02 00:00:00,258.0199890136719,260.8399963378906,252.72999572753906,255.5800018310547,291100,74399338.53302002
2026-01-05 00:00:00,257.4700012207031,273.70001220703125,256.82000732421875,271.3800048828125,299100,81169759.46044922
2026-01-06 00:00:00,269.07000732421875,285.7900085449219,264.8500061035156,284.57000732421875,521800,148488629.82177734
2026-01-07 00:00:00,284.5199890136719,286.6300048828125,273.2099914550781,274.69000244140625,409000,112348210.99853516
2026-01-08 00:00:00,273.489990234375,279.6199951171875,271.3500061035156,279.6099853515625,226700,63387583.67919922
2026-01-09 00:00:00,279.2900085449219,283.7099914550781,278.45001220703125,278.9200134277344,202400,56453410.71777344
2026-01-12 00:00:00,278.7200012207031,278.7200012207031,268.239990234375,269.1199951171875,179700,48360863.122558594
2026-01-13 00:00:00,270.2699890136719,278.1199951171875,270.2699890136719,274.67999267578125,170700,46887874.74975586
2026-01-14 00:00:00,274.07000732421875,289.4599914550781,272.739990234375,286.6499938964844,247100,70831213.49182129
2026-01-15 00:00:00,288.0799865722656,293.2200012207031,284.9599914550781,290.79998779296875,139700,40624758.294677734
2026-01-16 00:00:00,290.8900146484375,293.42999267578125,287.9700012207031,291.989990234375,161100,47039587.42675781
2026-01-20 00:00:00,285.54998779296875,291.9599914550781,278.6099853515625,288.0,128000,36864000.0
2026-01-21 00:00:00,291.1700134277344,294.92999267578125,284.4599914550781,289.67999267578125,236000,68364478.27148438
2026-01-22 00:00:00,289.70001220703125,293.92999267578125,281.9700012207031,287.4599914550781,256800,73819725.80566406
2026-01-23 00:00:00,287.0299987792969,293.239990234375,272.489990234375,274.989990234375,251400,69132483.54492188
2026-01-26 00:00:00,276.8500061035156,283.57000732421875,271.57000732421875,274.989990234375,314700,86539349.92675781
2026-01-27 00:00:00,276.32000732421875,277.8999938964844,273.0899963378906,276.9700012207031,143400,39717498.17504883
2026-01-28 00:00:00,279.1400146484375,282.0199890136719,269.510009765625,271.3900146484375,315900,85732105.6274414
2026-01-29 00:00:00,271.95001220703125,281.0,266.30999755859375,269.739990234375,350100,94435970.58105469
2026-01-30 00:00:00,264.3399963378906,278.1300048828125,248.1699981689453,250.13999938964844,653400,163441475.6011963
2026-02-02 00:00:00,247.14999389648438,256.6499938964844,243.4199981689453,252.72000122070312,455100,115012872.55554199
2026-02-03 00:00:00,253.94000244140625,257.6199951171875,248.94000244140625,255.99000549316406,238800,61130413.31176758
2026-02-04 00:00:00,259.6000061035156,267.07000732421875,252.2899932861328,253.10000610351562,332400,84130442.0288086
2026-02-05 00:00:00,253.27999877929688,262.1400146484375,249.9199981689453,258.1600036621094,388400,100269345.42236328
2026-02-06 00:00:00,263.9700012207031,273.6300048828125,263.7699890136719,271.260009765625,295400,80130206.88476562
2026-02-09 00:00:00,271.7900085449219,278.75,270.54998779296875,274.760009765625,177400,48742425.732421875
2026-02-10 00:00:00,276.6199951171875,277.739990234375,268.1199951171875,274.1000061035156,191800,52572381.1706543
2026-02-11 00:00:00,278.260009765625,279.92999267578125,264.0,267.20001220703125,204400,54615682.49511719
2026-02-12 00:00:00,268.75,275.54998779296875,261.1499938964844,264.9800109863281,184800,48968306.03027344
2026-02-13 00:00:00,267.989990234375,273.1199951171875,264.7699890136719,268.6099853515625,139500,37471092.95654297
2026-02-17 00:00:00,268.6000061035156,271.8999938964844,262.760009765625,264.5799865722656,219300,58022391.05529785
2026-02-18 00:00:00,265.760009765625,276.04998779296875,264.4700012207031,273.9700012207031,187400,51341978.228759766
2026-02-19 00:00:00,273.54998779296875,286.0799865722656,271.7799987792969,286.07000732421875,374000,106990182.73925781
2026-02-20 00:00:00,286.2900085449219,294.8399963378906,281.0299987792969,292.8900146484375,318300,93226891.66259766
2026-02-23 00:00:00,292.1499938964844,295.8900146484375,288.2300109863281,293.6499938964844,325900,95700533.01086426
2026-02-24 00:00:00,294.4100036621094,306.1199951171875,294.4100036621094,297.8699951171875,299900,89331211.53564453
2026-02-25 00:00:00,301.6600036621094,302.989990234375,290.3800048828125,295.260009765625,210600,62181758.056640625
2026-02-26 00:00:00,296.79998779296875,304.07000732421875,285.45001220703125,289.9200134277344,150500,43632962.02087402
2026-02-27 00:00:00,287.1000061035156,288.92999267578125,280.3999938964844,285.20001220703125,144400,41182881.76269531
2026-03-02 00:00:00,282.010009765625,290.75,281.42999267578125,286.6700134277344,280300,80353604.76379395
2026-03-03 00:00:00,279.7799987792969,291.4800109863281,276.0,286.8999938964844,210900,60507208.712768555
2026-03-04 00:00:00,287.3299865722656,292.25,281.3999938964844,288.5799865722656,275400,79474928.30200195
2026-03-05 00:00:00,283.79998779296875,287.7699890136719,269.7200012207031,274.0299987792969,325100,89087152.60314941
2026-03-06 00:00:00,267.6000061035156,272.69000244140625,264.0,267.2799987792969,186300,49794263.77258301
2026-03-09 00:00:00,260.6199951171875,282.80999755859375,256.54998779296875,282.1600036621094,444400,125391905.6274414
2026-03-10 00:00:00,283.8999938964844,287.0,276.260009765625,279.010009765625,284400,79350446.77734375
2026-03-11 00:00:00,276.29998779296875,279.9700012207031,267.2900085449219,279.4700012207031,188100,52568307.22961426
2026-03-12 00:00:00,278.3500061035156,279.92999267578125,272.0799865722656,275.5,366200,100888100.0
2026-03-13 00:00:00,277.0199890136719,278.0,265.8500061035156,270.9200134277344,172500,46733702.31628418
2026-03-16 00:00:00,274.0,282.20001220703125,272.8900146484375,278.3500061035156,232000,64577201.416015625
2026-03-17 00:00:00,279.6499938964844,280.1700134277344,262.5899963378906,269.0799865722656,323200,86966651.66015625
2026-03-18 00:00:00,269.44000244140625,275.2900085449219,264.70001220703125,269.95001220703125,271200,73210443.31054688
2026-03-19 00:00:00,265.6700134277344,289.8500061035156,265.6700134277344,284.5299987792969,392100,111564212.5213623
2026-03-20 00:00:00,282.989990234375,285.07000732421875,270.20001220703125,274.45001220703125,692800,190138968.45703125
2026-03-23 00:00:00,279.3399963378906,295.70001220703125,279.3399963378906,289.1300048828125,591400,170991484.8876953
2026-03-24 00:00:00,285.7900085449219,289.489990234375,279.739990234375,285.2699890136719,308300,87948737.61291504
2026-03-25 00:00:00,288.1400146484375,288.29998779296875,279.67999267578125,284.57000732421875,166200,47295535.217285156
2026-03-26 00:00:00,280.8599853515625,284.0,272.7699890136719,274.70001220703125,227100,62384372.7722168
2026-03-27 00:00:00,271.8800048828125,278.6499938964844,269.95001220703125,272.3299865722656,288100,78458269.13146973
2026-03-30 00:00:00,278.3299865722656,278.3299865722656,263.9599914550781,264.7099914550781,394500,104428091.62902832
2026-03-31 00:00:00,265.95001220703125,270.54998779296875,261.5,265.510009765625,389100,103309944.79980469
2026-04-01 00:00:00,269.0199890136719,271.8800048828125,262.1499938964844,263.5799865722656,369900,97498237.03308105
2026-04-02 00:00:00,258.6499938964844,272.5899963378906,255.1199951171875,268.1099853515625,260400,69815840.18554688
2026-04-06 00:00:00,268.69000244140625,275.5899963378906,268.69000244140625,274.3299865722656,206300,56594276.2298584
2026-04-07 00:00:00,272.989990234375,275.7099914550781,266.8399963378906,275.54998779296875,201700,55578432.5378418
2026-04-08 00:00:00,283.6000061035156,293.2300109863281,283.6000061035156,288.4700012207031,236800,68309696.2890625
2026-04-09 00:00:00,288.79998779296875,295.9800109863281,288.79998779296875,294.4800109863281,182500,53742602.00500488
2026-04-10 00:00:00,296.19000244140625,297.2200012207031,292.4800109863281,293.3900146484375,131000,38434091.91894531
2026-04-13 00:00:00,293.6600036621094,298.8500061035156,290.8699951171875,297.45001220703125,174459,51892831.679626465
