timestamps,open,high,low,close,volume,amount
2000-01-03 00:00:00,3356.8564453125,3387.4287901290163,3338.5129899731164,3356.8564453125,0,0.0
2000-01-04 00:00:00,3333.1632024482446,3436.3453355208967,3259.025079787021,3265.139404296875,617452,2016066855.461914
2000-01-05 00:00:00,3194.821945183539,3326.2835233793103,3194.821945183539,3295.711181640625,1517338,5000707812.928223
2000-01-06 00:00:00,3295.712093218316,3353.79987351016,3294.183269798273,3301.82666015625,2250634,7431203343.454102
2000-01-07 00:00:00,3353.800380264862,3356.857543072056,3314.056052534094,3323.227783203125,766452,2547094580.8916016
2000-01-10 00:00:00,3314.0550319808735,3367.5568181157505,3280.4252824681225,3350.741943359375,842378,2822591296.7631836
2000-01-11 00:00:00,3362.9717507974974,3362.9717507974974,3301.826805469408,3310.99853515625,2300504,7616965374.121094
2000-01-12 00:00:00,3320.1701064981235,3320.1701064981235,3185.65108784333,3234.567138671875,2298289,7433970074.571045
2000-01-13 00:00:00,3320.1703096380397,3320.1703096380397,3213.1664721846455,3216.223876953125,1849000,5946797948.486328
2000-01-14 00:00:00,3243.7389564917667,3243.7389564917667,3103.105609328963,3158.135986328125,1312921,4146383057.305908
2000-01-17 00:00:00,3158.1358706498518,3225.395379350148,3142.8495746275285,3191.765625,715575,2283947687.109375
2000-01-18 00:00:00,3194.822774233717,3200.9373410671105,3093.9337538434756,3124.506103515625,1480487,4625790667.675537
2000-01-19 00:00:00,3069.4752987255392,3135.2062167952786,2904.383955332395,2934.95654296875,1899081,5573720206.577637
2000-01-20 00:00:00,2974.7008474865806,3274.3109699316474,2965.5291189320333,3005.2734375,1340970,4029981521.484375
2000-01-21 00:00:00,2996.102136312808,3109.2202994524537,2925.785459948766,3078.647705078125,1801149,5545103235.35376
2000-01-24 00:00:00,3032.7893949418676,3219.2814178407098,3032.7893949418676,3136.73583984375,800365,2510533580.456543
2000-01-25 00:00:00,3194.822861021531,3194.822861021531,3072.5329745160957,3093.933837890625,480187,1485666807.8151855
2000-01-26 00:00:00,3106.162468153991,3439.4023444908294,3081.7044444623875,3164.250244140625,1231572,3897002001.676758
2000-01-27 00:00:00,3240.6810685505693,3332.398343015508,3197.8795930511433,3225.394775390625,616559,1988646177.3200684
2000-01-28 00:00:00,3286.5397907619704,3338.512995051744,3225.394858788553,3240.68115234375,1601792,5190897144.375
2000-01-31 00:00:00,3240.6810631169697,3240.6810631169697,3054.188868272009,3063.360595703125,941023,2882692777.850342
2000-02-01 00:00:00,3063.360616427616,3179.5361543375275,2889.097551810114,2968.5859375,1707328,5068349891.5
2000-02-02 00:00:00,2941.7935970245458,3048.0757954285127,2934.957615867942,2993.045166015625,1486787,4450020643.244873
2000-02-03 00:00:00,3249.853171771063,3249.853171771063,2968.5862656457407,3075.590087890625,972269,2990300899.16333
2000-02-04 00:00:00,3087.818874057919,3112.2768966652493,2895.2123396771926,2947.185546875,1208293,3561063665.9902344
2000-02-07 00:00:00,3133.678091215021,3133.678091215021,2934.95719633023,3032.7890625,2666869,8088051134.3203125
2000-02-08 00:00:00,3032.7892368241205,3469.9756182959322,3032.7892368241205,3219.28125,4233983,13630382084.71875
2000-02-09 00:00:00,3219.2801790312096,3219.2801790312096,2622.352883516209,2763.75048828125,6594703,18226113636.319824
2000-02-10 00:00:00,2788.208716881159,2788.208716881159,2473.3123169534674,2675.090576171875,10890677,29133547410.831787
2000-02-11 00:00:00,2745.4071191792286,2772.9223021148487,2522.228009400252,2662.861328125,9203432,24507463158.828125
2000-02-14 00:00:00,2682.7337265822853,2684.2623075503107,2458.0260258507196,2467.19775390625,4916812,12130747522.779297
2000-02-15 00:00:00,2454.968528002295,2519.170615606262,2329.6215143121017,2406.052490234375,3371391,8111743711.10376
2000-02-16 00:00:00,2375.480615146995,2435.0967299428294,2299.0493819570247,2384.65234375,6754158,16106318704.757812
2000-02-17 00:00:00,2390.767031391989,2412.16765180106,2250.133690854072,2259.305419921875,10123770,22872688431.04248
2000-02-18 00:00:00,2305.163980587916,2430.5110206594613,2268.4770656642827,2381.59521484375,5057014,12043760343.797852
2000-02-21 00:00:00,2377.116010669148,2482.4839259036903,2237.904200130239,2247.075927734375,3655868,8215012977.774414
2000-02-22 00:00:00,2234.84738382076,2271.534299908588,2072.813181436314,2146.187255859375,3942213,8460727300.483154
2000-02-23 00:00:00,2146.1869650993176,2234.8470810492518,2137.0152373199235,2173.7021484375,3426130,7447386141.826172
2000-02-24 00:00:00,2204.2753971505467,2277.6494917090595,2109.5006764171376,2137.01611328125,2151406,4597589288.209961
2000-02-25 00:00:00,2240.902979184429,2289.876907746248,2084.6316583527137,2152.30078125,1554008,3344692632.46875
2000-02-28 00:00:00,2204.27554076026,2412.1684588491707,2118.672788236139,2323.50830078125,4030634,9365211556.411133
2000-02-29 00:00:00,2354.080189038775,2782.0948349314904,2354.080189038775,2546.686767578125,5467163,13923151668.292725
2000-03-01 00:00:00,2517.426449346539,2855.4694954673223,2479.427992848136,2522.229248046875,2394254,6038857466.053223
2000-03-02 00:00:00,2461.083319467126,2720.9493653569316,2456.4975763176903,2684.262451171875,2386913,6407100940.114014
2000-03-03 00:00:00,2655.2797960376433,2757.6363472671123,2623.1175778691113,2632.289306640625,2711129,7136475875.623291
2000-03-06 00:00:00,2646.04754622533,2760.6942997530737,2641.461559805445,2696.491943359375,42930875,115762758558.86841
2000-03-07 00:00:00,2696.491779913273,2739.293267498872,2580.3164520366086,2598.659912109375,4517521,11739500724.812256
2000-03-08 00:00:00,2628.969303563062,2557.386886377562,2476.3699011322215,2519.17138671875,3565746,8982725295.506836
2000-03-09 00:00:00,2568.087275909429,2568.087275909429,2461.083447634007,2488.598876953125,5074461,12628297945.742432
2000-03-10 00:00:00,2496.2417511535414,2525.285761236191,2430.5110676848453,2445.79736328125,4321661,10569907078.79541
2000-03-13 00:00:00,2413.696160886457,2485.5414101474926,2270.0056623643854,2357.13720703125,3662463,8632927806.675293
2000-03-14 00:00:00,2366.309093058725,2470.2552788820035,2366.309093058725,2433.568603515625,10039990,24433004443.61084
2000-03-15 00:00:00,2415.2247741754263,2430.51106978504,2328.093228346993,2354.079833984375,3305736,7781966454.076172
2000-03-16 00:00:00,2392.296312935063,2581.845516580869,2378.5385941817285,2510.000244140625,5826233,14623846252.420166
2000-03-17 00:00:00,2601.716396436191,2644.517626630794,2418.281618362412,2476.369140625,4939283,12231487998.013672
2000-03-20 00:00:00,2570.88760433023,2494.462667598866,2415.2247540499734,2493.1845703125,4243569,10580000753.856445
2000-03-21 00:00:00,2488.5987115812336,2525.2856252389383,2349.493962089612,2366.308837890625,3688570,8728295790.178223
2000-03-22 00:00:00,2372.3682203241406,2470.2550629848965,2257.012191306307,2315.8642578125,5517893,12778691177.13379
2000-03-23 00:00:00,2342.9552078618467,2381.5958584923314,2318.157788524136,2344.90869140625,7282658,17077168040.739258
2000-03-24 00:00:00,2363.251730333463,2549.743968589674,2346.4370946684803,2474.84130859375,11653827,28841372462.805176
2000-03-27 00:00:00,2481.964840619058,2598.659783461066,2468.726988085949,2587.95947265625,4845533,12540043027.418457
2000-03-28 00:00:00,2592.5455951831996,2617.0038673068316,2516.878875633332,2575.73095703125,4241129,10924007258.062988
2000-03-29 00:00:00,2557.6221499514468,2638.403906604977,2546.6863754825013,2606.302734375,2735349,7129147578.169922
2000-03-30 00:00:00,2740.8215695125555,2754.579284288962,2665.9191555557445,2691.90576171875,5897283,15874930086.186035
2000-03-31 00:00:00,2656.747496740057,2843.2394882420695,2644.51836278252,2821.8388671875,6213065,17532268301.362305
2000-04-03 00:00:00,2757.636498552921,2910.4989761274874,2754.579336210498,2892.155517578125,4613985,13344362175.772705
2000-04-04 00:00:00,2884.5122028217897,3170.3648594877827,2884.5122028217897,3090.876220703125,12608570,38971529190.0708
2000-04-05 00:00:00,2946.3883776744674,2964.001220703125,2946.3883776744674,2964.001220703125,10861,32192017.25805664
2000-04-06 00:00:00,2901.3266832992445,3005.2730897200254,2834.0671868511236,2968.5859375,5534351,16429196551.789062
2000-04-07 00:00:00,2871.35676382067,3057.2467614658535,2824.895892284685,3017.50244140625,2814259,8492033403.249512
2000-04-10 00:00:00,2982.343978467921,3008.3305829364062,2886.8049985763555,2960.943359375,2456482,7273504065.324219
2000-04-11 00:00:00,2960.9433249886806,3000.6874006275148,2936.485301846958,2941.071044921875,1407267,4138872226.1740723
2000-04-12 00:00:00,2941.071093682684,3035.8457835235363,2941.071093682684,2959.41455078125,2388684,7069106186.818359
2000-04-13 00:00:00,2884.5119355168317,2965.5289056292236,2872.2828034921163,2956.357177734375,2381899,7041744205.28833
2000-04-14 00:00:00,2904.3843108510346,2960.943508002616,2848.5896465065834,2878.397705078125,1909800,5497163937.158203
2000-04-17 00:00:00,2687.3195479902815,2886.0403911674643,2658.275542377991,2829.4814453125,1636942,4631697016.052734
2000-04-18 00:00:00,2761.27411704261,2889.0976388641466,2633.8175999903838,2867.697021484375,2395612,6869889397.032227
2000-04-19 00:00:00,2864.640056332835,3011.38771072111,2864.640056332835,2918.141845703125,3924347,11451801197.759521
2000-04-20 00:00:00,2805.0241748947183,3032.024793967676,2805.0241748947183,2985.401611328125,3220861,9615563619.263916
2000-04-21 00:00:00,2805.0241748947183,3032.177652096053,2805.0241748947183,2985.401611328125,0,0.0
2000-04-24 00:00:00,2805.0241748947183,3032.177652096053,2805.0241748947183,2985.401611328125,0,0.0
2000-04-25 00:00:00,2985.401332322281,3087.8191757323643,2916.6134852493287,3057.246826171875,3666455,11209257912.052002
2000-04-26 00:00:00,3124.5061508443696,3169.6005065861204,3057.246883647862,3142.849609375,3593662,11294339212.925781
2000-04-27 00:00:00,3170.3646581298945,3170.3646581298945,3005.273308961757,3040.431640625,3220778,9792555338.628906
2000-04-28 00:00:00,2763.7517776758364,3072.533732489942,2763.7517776758364,3046.547119140625,3137895,9559744972.415771
2000-05-01 00:00:00,2763.7517776758364,3072.533732489942,2763.7517776758364,3046.547119140625,0,0.0
2000-05-02 00:00:00,3008.3311735496204,3133.6782351253514,3008.3311735496204,3064.89013671875,2290865,7021249543.054199
2000-05-03 00:00:00,3108.455721835071,3108.455721835071,3026.6744448813247,3037.374755859375,2113826,6420481730.679199
2000-05-04 00:00:00,3061.832453385876,3103.1053538611022,3028.202700572536,3090.876220703125,1827184,5647599576.449219
2000-05-05 00:00:00,3087.819452110415,3213.166508348314,3087.819452110415,3190.2373046875,2669423,8516092836.59082
2000-05-08 00:00:00,3069.475679423606,3188.7083983976763,3069.475679423606,3152.021240234375,1114297,3512287811.9294434
2000-05-09 00:00:00,3152.0212107026587,3265.1393618817924,2916.6134216987507,3086.29052734375,2182228,6734989604.904297
2000-05-10 00:00:00,3129.856102487351,3188.7081671453375,2913.5558332359697,3104.6337890625,2132927,6621957233.803711
2000-05-11 00:00:00,3092.405475288068,3265.139764444905,3038.9034341936813,3254.439453125,1162048,3781814857.625
2000-05-12 00:00:00,3228.4527257272466,3347.6854539036194,3170.3651851263867,3310.99853515625,1777603,5885640929.089355
2000-05-15 00:00:00,3271.77302570462,3327.0478137542264,3237.6234174155743,3295.711181640625,2698957,8894982763.667236
2000-05-16 00:00:00,3353.0355645148093,3372.1435571905185,3277.3688534390253,3349.214111328125,2268044,7596164969.913086
2000-05-17 00:00:00,3351.0481077792015,3351.0481077792015,3250.0367530530275,3305.128173828125,2769269,9152788992.808838
2000-05-18 00:00:00,3250.0373313752298,3341.8464501935237,3250.0373313752298,3295.95703125,4710574,15525849496.523438
2000-05-19 00:00:00,3350.742238736487,3359.913967389625,3240.6814948988263,3341.845703125,2339903,7819594786.279297
2000-05-22 00:00:00,3222.490572983173,3378.5935797145125,3222.337714880228,3330.8701171875,3003397,10003925317.350586
2000-05-23 00:00:00,2901.1742772630146,3351.04805328294,2901.1742772630146,3332.674072265625,2170190,7232535944.890137
2000-05-24 00:00:00,3350.7426901156655,3393.544177011906,3161.1932827533747,3372.1435546875,2661383,8974565530.004883
2000-05-25 00:00:00,3366.0286578327205,3454.6887854930073,3349.2137809750034,3448.57421875,4394427,15154507658.378906
2000-05-26 00:00:00,3424.1167438892267,3424.1167438892267,3323.4934613535142,3387.759765625,3638352,12325862518.78125
2000-05-29 00:00:00,3424.1167917270423,3424.1167917270423,3321.087506311909,3387.765869140625,0,0.0
2000-05-30 00:00:00,3378.258056640625,3380.581694095995,3372.14373122637,3378.258056640625,3709169,12530530057.69165
2000-05-31 00:00:00,3341.84526023816,3415.3108914900567,3314.2993125100747,3360.21923828125,2802098,9415663607.149414
2000-06-01 00:00:00,3378.5933584459926,3424.482762979693,3341.845400813997,3415.31103515625,1829281,6247563585.70166
2000-06-02 00:00:00,3362.971435546875,3460.8030482040094,3298.769091509992,3362.971435546875,1965667,6610481972.797119
2000-06-05 00:00:00,3388.95849609375,3406.8736627500957,3388.95849609375,3388.95849609375,1478914,5011978165.291992
2000-06-06 00:00:00,3393.544815924985,3521.949058541339,2904.3851504408485,3469.97607421875,6396431,22195462530.391113
2000-06-07 00:00:00,3369.086025838348,3488.7468034383996,3369.086025838348,3451.631591796875,1521837,5252820666.765381
2000-06-08 00:00:00,3515.833542993602,3515.833542993602,3250.045760547984,3396.600830078125,1833071,6226210480.192139
2000-06-09 00:00:00,3378.2575348855953,3470.4028755709264,3341.8458121270405,3404.244140625,1412878,4809781652.917969
2000-06-12 00:00:00,3406.1098409311567,3442.8578099644456,3213.1667729273017,3323.227783203125,2644030,8786713955.622559
2000-06-13 00:00:00,3405.772730515887,3405.772730515887,3222.5031214798,3240.864990234375,3395928,11005744164.55664
2000-06-14 00:00:00,3277.5822292757625,3297.2403626912273,3194.9753849407693,3239.152587890625,1533036,4965737526.729492
2000-06-15 00:00:00,3222.337709207213,3305.1279347421287,3194.82252398332,3259.23876953125,1623861,5292550727.529785
2000-06-16 00:00:00,3255.9680542461724,3314.0558395824496,3142.849888431801,3229.9814453125,3276127,10581829422.487305
2000-06-19 00:00:00,3205.095804575063,3280.4262823362164,3148.9646483290644,3231.69384765625,2099519,6785002635.337402
2000-06-20 00:00:00,3139.8847725399824,3360.220457670172,3139.8847725399824,3250.037353515625,1013758,3294751367.425293
2000-06-21 00:00:00,3194.9757575411163,3286.784864170197,3139.792522505839,3203.99462890625,1358654,4353120118.541992
2000-06-22 00:00:00,3353.800002213008,3353.800002213008,3164.2506000897574,3176.4794921875,957923,3042822764.5947266
2000-06-23 00:00:00,3121.51025390625,3231.693590012663,3057.2470981915267,3121.51025390625,1477912,4613317462.371094
2000-06-26 00:00:00,3072.532812883514,3139.792319597498,3072.532812883514,3109.219970703125,1856577,5772506285.548096
2000-06-27 00:00:00,3149.055678947631,3158.1355955524855,3093.9640201685,3148.9638671875,1105073,3479834947.604492
2000-06-28 00:00:00,3231.69384765625,3259.2395627551937,3130.6822334057315,3231.69384765625,1159567,3747365539.845215
2000-06-29 00:00:00,3314.30029296875,3360.2202323242714,3213.3194495311254,3314.30029296875,1731042,5737193007.741211
2000-06-30 00:00:00,3460.039796767608,3460.039796767608,3124.5067211378378,3381.3154296875,2278420,7704056701.308594
2000-07-03 00:00:00,3378.2576368760183,3378.2576368760183,3279.6614871003485,3326.284423828125,2136236,7105728532.420898
2000-07-04 00:00:00,3293.2355979207246,3359.9141982006818,3265.1395007760575,3301.82666015625,1485647,4905348872.181152
2000-07-05 00:00:00,3139.884521484375,3332.399282639851,3103.105789577099,3139.884521484375,2835849,8904238380.366943
2000-07-06 00:00:00,3185.773681640625,3231.693620214025,3121.510283077908,3185.773681640625,1886602,6010286999.330566
2000-07-07 00:00:00,3188.7087515176827,3255.968024062702,3158.1361567038666,3185.773681640625,1777827,5663754467.110107
2000-07-10 00:00:00,3176.60205078125,3231.6937210686074,3176.60205078125,3176.60205078125,1069466,3397267888.8408203
2000-07-11 00:00:00,3222.490234375,3268.410160260061,3176.601073905207,3222.490234375,3496921,11268793772.88086
2000-07-12 00:00:00,3112.337944098628,3112.337944098628,2983.811414369141,3084.792236328125,3652075,11265892606.488037
2000-07-13 00:00:00,3112.3384679457527,3222.4910366448958,3066.41877287591,3149.05615234375,6136879,19325376571.13916
2000-07-14 00:00:00,3124.5060532974517,3240.681610027666,3124.5060532974517,3152.021240234375,1510256,4760358990.191406
2000-07-17 00:00:00,3179.5364095785944,3240.6813451906323,3179.5364095785944,3222.337646484375,1339539,4316446948.634033
2000-07-18 00:00:00,3176.4787341777483,3252.9099577301067,3164.2498449982113,3225.394775390625,1277707,4121109482.2800293
2000-07-19 00:00:00,3194.9758041412188,3295.9566417289216,3194.9758041412188,3286.784912109375,1995837,6559886938.629639
2000-07-20 00:00:00,3351.04805328294,3350.7423370604442,3057.246769300306,3332.674072265625,2863483,9543055550.473389
2000-07-21 00:00:00,3222.338171005889,3424.48347199313,3213.319299408091,3332.399169921875,2268618,7559940740.069824
2000-07-24 00:00:00,3310.998259146396,3350.7423370604442,3280.4256679072173,3332.674072265625,1360324,4533516524.680664
2000-07-25 00:00:00,3222.4907118423616,3332.674034858792,3222.4907118423616,3268.41064453125,1581212,5168050132.060547
2000-07-26 00:00:00,3259.238971359167,3305.128139411726,3231.693261258453,3240.864990234375,1348252,4369502704.813477
2000-07-27 00:00:00,3269.4501839471354,3276.359564413876,3072.532840645036,3240.864990234375,2306851,7476192643.587158
2000-07-28 00:00:00,3115.334684998516,3130.6209824823895,3032.789114630976,3118.39208984375,2247643,7009032151.992676
2000-07-31 00:00:00,3139.7926391980154,3222.491065764146,3122.2134701763257,3213.3193359375,2507076,8056035787.464844
2000-08-01 00:00:00,3216.22389253028,3598.379626152123,3181.5851751103087,3576.97900390625,6162762,22044070280.07129
2000-08-02 00:00:00,2754.2734776619695,3901.9028497722393,3580.55561785952,3810.09375,8392022,31974390572.0625
2000-08-03 00:00:00,3810.093930760293,3810.093930760293,3681.53662109375,3681.53662109375,4942371,18195519831.53174
2000-08-04 00:00:00,3716.8175899798416,3729.8412963461974,3622.8376992609756,3708.440673828125,2492947,9244946052.497803
2000-08-07 00:00:00,3727.4562676148944,3928.56181643927,3681.536336391439,3901.046630859375,2849786,11117148073.970215
2000-08-08 00:00:00,3821.5586538321663,3904.1042195924188,3809.3295196286645,3861.302734375,2391495,9234286182.74414
2000-08-09 00:00:00,3360.219591838098,3956.963573992831,3764.17365401584,3938.6201171875,1990894,7841375159.587891
2000-08-10 00:00:00,3929.4485521931924,3929.4485521931924,3755.0020817670766,3855.98291015625,2058815,7938755455.17334
2000-08-11 00:00:00,3833.787397730145,3946.905552383192,3815.4439393807224,3897.989501953125,1291350,5033668743.347168
2000-08-14 00:00:00,3920.5381772670344,3957.2585938610855,3837.925416389373,3948.086181640625,2089896,8251089518.666016
2000-08-15 00:00:00,3957.258529377497,4048.096200818607,3827.95782658382,4003.181640625,2666455,10674303701.552734
2000-08-16 00:00:00,4020.5797710318293,4094.9988903071016,3957.259561553282,4075.6142578125,2509851,10229184520.58496
2000-08-17 00:00:00,4085.8261065091197,4177.642309181784,4003.1825602801405,4140.8916015625,2073871,8587675006.624023
2000-08-18 00:00:00,3994.0102695613737,4131.719072834967,3994.0102695613737,4076.62353515625,2611068,10644341260.69336
2000-08-21 00:00:00,4078.6714344546776,4116.125191310786,3928.854953437436,4069.498779296875,2016586,8206494265.347168
2000-08-22 00:00:00,4058.277838119591,4214.361971700299,4039.9024865757024,4186.81396484375,1996250,8357927377.319336
2000-08-23 00:00:00,4186.8133921052,4185.682497035151,4057.2684896755363,4113.373046875,4475689,18410178498.79492
2000-08-24 00:00:00,4214.362182176236,4214.362182176236,3975.6345006341576,4021.557861328125,1751893,7045339066.355713
2000-08-25 00:00:00,4033.1140446224344,4078.670603042249,3944.1415850236504,3947.198974609375,1815763,7167177851.733643
2000-08-28 00:00:00,3947.198974609375,3947.198974609375,3947.198974609375,3947.198974609375,0,0.0
2000-08-29 00:00:00,3919.6827676148446,3984.806878696553,3772.9239105701913,3892.16552734375,1729508,6731531416.865234
2000-08-30 00:00:00,3920.53820048929,3920.53820048929,3736.9065600463837,3856.270263671875,2441329,9414424426.539795
2000-08-31 00:00:00,3801.17431640625,3837.9252569200257,3773.6265554427446,3801.17431640625,2602102,9891043291.069336
2000-09-01 00:00:00,3847.09757639644,3865.442399634685,3755.2816416055052,3773.62646484375,3444926,12999863923.02832
2000-09-04 00:00:00,3819.5502153765624,3929.7415103695084,3764.4544467473597,3920.538330078125,1640344,6431031526.513672
2000-09-05 00:00:00,3913.567315461165,4048.096353945166,3913.567315461165,4017.521484375,5544452,22274955029.085938
2000-09-06 00:00:00,3985.784935087983,4063.383529279803,3959.429360805614,4020.578857421875,7130615,28669199909.415283
2000-09-07 00:00:00,4012.935710172184,4069.4988840871792,3980.832143089607,4005.2919921875,1373578,5501580964.044922
2000-09-08 00:00:00,4014.4642242708273,4072.556090709825,3977.7745734113632,4038.924072265625,1416468,5721006702.793945
2000-09-11 00:00:00,4066.441650390625,4121.476131281054,4003.1793491397507,4066.441650390625,2279532,9269583868.198242
2000-09-12 00:00:00,4066.4409829761653,4158.165102739104,4035.8661148782226,4145.93505859375,2472499,10250820286.437988
2000-09-13 00:00:00,4131.718945118814,4159.266955372142,4122.546288675128,4140.8916015625,2632418,10900557588.001953
2000-09-14 00:00:00,4139.728036212348,4240.716370302086,4090.8999283579196,4228.486328125,2374688,10041335741.5625
2000-09-15 00:00:00,4140.8912989548035,4297.00572356056,4140.8912989548035,4278.63037109375,3412639,14601420870.979004
2000-09-18 00:00:00,4280.463434893783,4332.440508885781,4182.624065780325,4222.37158203125,2641313,11152604950.449707
2000-09-19 00:00:00,4150.093787205484,4269.457500882454,4150.093787205484,4186.81396484375,2147831,8992568824.924316
2000-09-20 00:00:00,4207.084117713208,4259.061191302309,4136.762223123883,4228.486328125,2294704,9703124491.09375
2000-09-21 00:00:00,4205.189570770487,4333.725448194464,4177.641565421627,4315.35009765625,2792717,12051551578.67627
2000-09-22 00:00:00,4304.923328646128,4494.48681640625,4219.313995963142,4494.48681640625,2159824,9707300493.757812
2000-09-25 00:00:00,4359.530723825028,4491.430218755007,4332.441568460286,4347.72900390625,3547159,15422086065.76709
2000-09-26 00:00:00,4335.498571328989,4398.1770026049335,4301.866313258612,4375.24609375,2876663,12586108553.785156
2000-09-27 00:00:00,4356.901424125523,4460.8556034903795,4280.464727046465,4436.39599609375,2272487,10081652227.975098
2000-09-28 00:00:00,4433.338750505266,4534.235058275702,4396.649095946748,4480.6376953125,2936340,13156675690.253906
2000-09-29 00:00:00,4369.1302958277265,4480.6363447679205,4314.095830578331,4370.4453125,2835711,12393319847.554688
2000-10-02 00:00:00,4366.073991859175,4424.16586108886,4337.027814978858,4363.0166015625,1681889,7338109628.985352
2000-10-03 00:00:00,4388.087227175058,4408.877963546997,4323.269106077939,4402.76318359375,1176692,5180696216.029297
2000-10-04 00:00:00,4360.7228709986,4561.751834569927,4361.261184829429,4544.89306640625,3089322,14040638137.69629
2000-10-05 00:00:00,4581.626330361655,4581.626330361655,4508.155440618292,4563.2509765625,2665228,12162104273.761719
2000-10-06 00:00:00,4577.038765934065,4577.038765934065,4479.199390005993,4540.34912109375,2754209,12505070412.458496
2000-10-09 00:00:00,4414.993306002453,4526.529898411059,4414.993306002453,4462.26171875,1282076,5720958655.328125
2000-10-10 00:00:00,4489.810900433635,4498.983072929762,4094.9990234375,4094.9990234375,5102045,20892869292.53418
2000-10-11 00:00:00,4232.431295516395,4246.83203873924,3846.3030399788395,3971.659423828125,4090424,16245771027.052734
2000-10-12 00:00:00,4003.182684023087,4241.91063272342,4003.182684023087,4076.62353515625,2945412,12007335879.93164
2000-10-13 00:00:00,4164.279321039364,4164.279321039364,3990.003516988942,4112.30224609375,2550934,10490211617.836914
2000-10-16 00:00:00,4113.374097964789,4278.630664214268,4085.8260878373526,4269.4580078125,2125616,9075228252.734375
2000-10-17 00:00:00,4223.535042455478,4379.618949123705,4211.671785640411,4249.89013671875,1981685,8421943535.583496
2000-10-18 00:00:00,4278.62940502549,4278.62940502549,4021.556954444148,4232.7060546875,2531415,10714735597.426758
2000-10-19 00:00:00,4241.909133979938,4424.164927981315,4232.705955050146,4304.92333984375,1870496,8052341887.484375
2000-10-20 00:00:00,4251.081593834227,4379.617946027544,4240.716993752173,4295.75146484375,1413917,6073836023.91748
2000-10-23 00:00:00,4370.446629831015,4480.6376953125,4278.630432549297,4480.6376953125,1640227,7349262925.069336
2000-10-24 00:00:00,4471.43422252968,4526.5302362105085,4297.00550522223,4489.81005859375,3399629,15263688479.687012
2000-10-25 00:00:00,4508.153940281767,4580.096110764502,4460.854523934873,4572.45263671875,2290239,10472009354.266113
2000-10-26 00:00:00,4554.076620812908,4609.1726207295615,4471.43310546875,4471.43310546875,3226452,14426864286.00586
2000-10-27 00:00:00,4526.530142363767,4599.970496074675,4479.200191640082,4570.9248046875,1650774,7545563823.533203
2000-10-30 00:00:00,4581.626362929949,4645.894555769455,4526.530826594098,4599.97119140625,1409764,6484873786.681641
2000-10-31 00:00:00,4729.914170600137,4800.236093847791,4729.914170600137,4599.97119140625,2805901,12907063765.937988
2000-11-01 00:00:00,4765.257363754939,4857.073549278542,4636.721002923776,4801.9775390625,2578545,12382115173.461914
2000-11-02 00:00:00,4737.708967728309,5024.194116517552,4740.613245489378,4921.3408203125,2082127,10246856598.174805
2000-11-03 00:00:00,4857.073709297129,4948.88941331473,4664.2691616983475,4774.43017578125,2082127,9940969978.608887
2000-11-06 00:00:00,4810.173595660668,4846.863258256945,4674.88040427051,4754.37451171875,1120887,5329116583.316895
2000-11-07 00:00:00,4749.420311355557,4806.350765315824,4677.9369689165605,4729.9140625,1866592,8828819749.75
2000-11-08 00:00:00,4743.671173391226,4743.671173391226,4592.326499640058,4622.9013671875,1456034,6731101569.271484
2000-11-09 00:00:00,4601.498141832387,4601.498141832387,4506.716644734777,4583.1533203125,1858360,8517148804.3359375
2000-11-10 00:00:00,4583.154679776,4687.108860734039,4543.407635448211,4647.36181640625,1415220,6577039389.814453
2000-11-13 00:00:00,4517.356502622931,4656.53265332307,4488.3718684511,4508.15380859375,877425,3955566855.505371
2000-11-14 00:00:00,4509.775755434251,4662.649649466381,4499.074403575529,4619.8447265625,1725739,7972646218.573242
2000-11-15 00:00:00,4627.518333336367,4737.709869858076,4561.751982964741,4693.2236328125,2834070,13300924301.044922
2000-11-16 00:00:00,4708.510254617029,4800.234857912855,4581.625183281286,4662.6484375,3126240,14576558051.25
2000-11-17 00:00:00,4766.6024264828175,4766.6024264828175,4543.406675183631,4555.63671875,3020243,13759129910.347656
2000-11-20 00:00:00,4658.062042111482,4658.062042111482,4473.084637449174,4488.3720703125,1448728,6502430292.6796875
2000-11-21 00:00:00,4532.705646973204,4549.521290038405,4451.682398641181,4540.34912109375,1389243,6307648234.035645
2000-11-22 00:00:00,4515.88711088871,4525.059760456279,4324.5323938415,4332.43896484375,1820260,7886165350.146484
2000-11-23 00:00:00,4342.89810300511,4645.893698271056,4269.457267217016,4315.35009765625,1954161,8432888862.186035
2000-11-24 00:00:00,4361.273492841413,4388.8214984384995,4232.706604280201,4352.0703125,1195737,5203931499.2578125
2000-11-27 00:00:00,4381.362754729651,4531.178800884788,4341.615215242836,4473.0869140625,1954130,8740993331.376953
2000-11-28 00:00:00,4508.153819658033,4508.153819658033,4324.5219649755245,4370.4453125,1896511,8288597610.0546875
2000-11-29 00:00:00,4342.898856339906,5619.150124295174,4168.439108235524,4269.4580078125,2393465,10218798310.668945
2000-11-30 00:00:00,4265.177072499049,4463.912765454976,4237.660076152103,4433.33837890625,1958240,8681540547.109375
2000-12-01 00:00:00,4462.262032822395,4480.637384277565,4361.273671176901,4407.16650390625,2532902,11162920852.077148
2000-12-04 00:00:00,4388.820659692081,4416.337650051364,4306.177143225726,4370.4453125,1547957,6765261414.6015625
2000-12-05 00:00:00,4339.320874150016,4439.453066075517,4311.039288581106,4359.958984375,3093319,13486743965.58789
2000-12-06 00:00:00,4359.95782741161,4518.946433154172,4359.95782741161,4442.50927734375,3633221,16140617999.140137
2000-12-07 00:00:00,4402.76256291258,4433.337427430311,4363.015529758028,4381.3603515625,2762838,12104988870.990234
2000-12-08 00:00:00,4381.360969226485,4442.510222351656,4363.016144835845,4402.76318359375,2423358,10669471383.067383
2000-12-11 00:00:00,4361.273844568197,4719.33447265625,4278.630305642847,4719.33447265625,2714633,12811261097.510254
2000-12-12 00:00:00,4596.976095957814,4813.995654851433,4596.976095957814,4616.78857421875,2228605,10288998100.446777
2000-12-13 00:00:00,4629.016499109788,4866.245742865668,4629.016499109788,4739.08544921875,1806684,8562029855.736328
2000-12-14 00:00:00,4775.774250824988,4867.498844151566,4526.529169157429,4572.43701171875,3069575,14035438340.246582
2000-12-15 00:00:00,4555.637139054942,4714.625781962632,4543.407094360225,4567.86669921875,4682187,21387606076.81494
2000-12-18 00:00:00,4600.123628674703,4733.7349725348095,4555.637389802999,4702.39599609375,1738947,8177217410.219238
2000-12-19 00:00:00,4702.397207704362,4893.795213957989,4602.264987631904,4876.67333984375,1854491,9043746818.680176
2000-12-20 00:00:00,4828.974975393083,4872.849732887755,4719.976357799363,4769.66015625,1364752,6509403237.5625
2000-12-21 00:00:00,4769.659775884223,4943.935835974199,4720.740086563536,4888.9013671875,2234228,10922920323.808594
2000-12-22 00:00:00,4865.664328196519,4913.666801505345,4784.947299594817,4824.6943359375,1065491,5140668392.692383
2000-12-25 00:00:00,4824.6943359375,4824.6943359375,4824.6943359375,4824.6943359375,0,0.0
2000-12-26 00:00:00,4824.6943359375,4824.6943359375,4824.6943359375,4824.6943359375,0,0.0
2000-12-27 00:00:00,4788.006108058639,4852.213250814194,4723.798965303084,4830.810546875,899839,4346951731.689453
2000-12-28 00:00:00,4867.499246601895,4873.614026183578,4809.4069024524215,4824.6943359375,973631,4697471970.993164
2000-12-29 00:00:00,4857.073592729452,4857.073592729452,4765.25740638447,4838.6982421875,655095,3169807024.9658203
2001-01-01 00:00:00,4836.9248046875,4836.9248046875,4836.9248046875,4836.9248046875,0,0.0
2001-01-02 00:00:00,4774.430488293791,4847.901371586089,4719.33447265625,4719.33447265625,1060102,5002975913.131836
2001-01-03 00:00:00,4746.880810534046,4829.524320385613,4682.612646403797,4710.16064453125,2253620,10614912231.728516
2001-01-04 00:00:00,4829.526856899495,4948.89059544484,4756.086486322314,4912.17041015625,5749990,28244930736.694336
2001-01-05 00:00:00,4801.977998948302,5077.426097367881,4801.977998948302,5022.33056640625,3883576,19504602451.76172
2001-01-08 00:00:00,5049.8778849057935,5132.520927802992,4958.061703120736,5013.1572265625,3084353,15462346531.219727
2001-01-09 00:00:00,5049.8770439401,5123.347904775985,4958.060877445364,5031.53173828125,2953920,14862742232.34375
2001-01-10 00:00:00,4985.609293045532,5031.532158316376,4820.352777360451,4866.2451171875,2689103,13085834343.364258
2001-01-11 00:00:00,4930.512988817176,4939.7161672946095,4811.149304772883,4921.3408203125,4633865,22804828980.317383
2001-01-12 00:00:00,4857.074869495429,4967.235909892245,4829.526856899495,4912.17041015625,2199191,10802800956.481934
2001-01-15 00:00:00,4912.168167276999,4939.7161672946095,4847.899998737103,4921.3408203125,1114764,5486133578.214844
2001-01-16 00:00:00,4893.79450470921,4967.2353515625,4866.246495209742,4967.2353515625,2550551,12669187093.163086
2001-01-17 00:00:00,4967.2349704052085,5215.16509875171,4958.062314916393,5205.96240234375,2894695,15069673336.252441
2001-01-18 00:00:00,5215.165648851472,5261.058487524553,5040.706384239874,5068.25439453125,2901513,14705606013.03955
2001-01-19 00:00:00,5059.050611368976,5068.253792184878,4801.977871888869,4829.52587890625,4033892,19481785806.71289
2001-01-22 00:00:00,4820.352810597246,4967.233979191818,4820.352810597246,4948.888671875,2629536,13013280922.6875
2001-01-23 00:00:00,4985.610715452952,5104.974440834903,4921.342524655903,5049.87890625,1836613,9274673247.644531
2001-01-24 00:00:00,4818.579807779403,4965.644140639365,4818.579807779403,4947.29931640625,1993142,9860670054.100586
2001-01-25 00:00:00,5022.329355778393,5059.049525751285,4847.900190250106,4930.51318359375,2813315,13871086697.10205
2001-01-26 00:00:00,5020.679286563434,5057.368939949394,4846.097451678609,4928.6494140625,1230695,6065664190.639648
2001-01-29 00:00:00,4893.793525322008,5059.050054731863,4893.793525322008,5013.1572265625,1948401,9767640553.391602
2001-01-30 00:00:00,5013.15791079733,5086.598752976801,4985.610387581995,5022.33056640625,1129686,5673656528.241211
2001-01-31 00:00:00,5013.15767711257,5114.146037799876,4847.901132850529,4976.4375,2064912,10275905511.0
2001-02-01 00:00:00,4967.235279379815,4967.235279379815,4847.901596906831,4893.79443359375,1765923,8642064147.555176
2001-02-02 00:00:00,5003.984191624092,5003.984191624092,4875.4173328075485,4902.96533203125,1065377,5223506496.543457
2001-02-05 00:00:00,4847.900205352544,4912.168376631523,4765.256686308306,4792.8046875,1665810,7983901976.484375
2001-02-06 00:00:00,4902.965971567023,4902.965971567023,4820.3529730918635,4875.41796875,2022241,9859270108.542969
2001-02-07 00:00:00,4921.342372826792,4930.514544224972,4801.978166596371,4820.35400390625,1386833,6685026004.299316
2001-02-08 00:00:00,4820.353069201592,4921.341418539691,4801.977235454932,4857.0732421875,2299375,11168232786.254883
2001-02-09 00:00:00,4939.716767755468,4939.716767755468,4765.257062469024,4857.0732421875,2214707,10756994108.985352
2001-02-12 00:00:00,4875.4176659128425,4939.7163624347495,4829.5248425420905,4930.51318359375,2177448,10735936070.589844
2001-02-13 00:00:00,4930.514819353211,5040.7063758032855,4875.419283393676,4985.61083984375,1570409,7829448133.388184
2001-02-14 00:00:00,5031.532928393739,5040.70558339278,4948.889395180689,4994.7822265625,2850358,14236917477.740234
2001-02-15 00:00:00,5040.704051945341,5068.252049490474,4948.887891628485,5003.98388671875,1882330,9419148989.487305
2001-02-16 00:00:00,5040.705230548829,5040.705230548829,4948.889048763772,5013.1572265625,2152681,10791728311.63379
2001-02-19 00:00:00,5049.8778849057935,5086.598058718192,4985.609707107065,5013.1572265625,2435033,12207203280.868164
2001-02-20 00:00:00,5013.1571270004415,5022.329781175235,4801.977248168956,4811.14990234375,1274585,6132219498.278809
2001-02-21 00:00:00,4884.620978873953,4884.620978873953,4636.720456619139,4682.61328125,2506475,11736853124.121094
2001-02-22 00:00:00,4644.303320871216,4680.992966063496,4506.71690913474,4671.8203125,4333514,20245398729.703125
2001-02-23 00:00:00,4682.612834485231,4829.5245143678885,4664.268013466915,4765.25634765625,2673318,12739045568.80371
2001-02-26 00:00:00,4820.353613025742,4820.353613025742,4590.798359639578,4673.44189453125,2106208,9843240705.796875
2001-02-27 00:00:00,4671.823074544303,4754.375067298202,4525.064407009495,4616.78857421875,2726245,12586496766.520996
2001-02-28 00:00:00,4655.067187705244,4838.6991087509605,4618.346520961959,4645.89453125,3061267,14222323613.996094
2001-03-01 00:00:00,4801.978442589168,5095.801920291621,4737.71073461207,5068.25439453125,6415908,32517453915.908203
2001-03-02 00:00:00,5013.158229837772,5095.801773805184,4912.169858016005,4967.2353515625,3373298,16755965076.955078
2001-03-05 00:00:00,5013.158537428385,5123.35009765625,4939.71817060003,5123.35009765625,2884805,14779865978.469238
2001-03-06 00:00:00,5123.348645576942,5123.348645576942,4958.061594346951,5077.42529296875,2111760,10722303636.679688
2001-03-07 00:00:00,5104.974743222005,5178.415110050359,5031.533891862629,5123.35009765625,1266969,6491125749.877441
2001-03-08 00:00:00,5196.788837040534,5196.788837040534,5068.252972616487,5104.97314453125,1798365,9180605029.064941
2001-03-09 00:00:00,5132.521287073942,5178.414118455755,4948.889395180689,4994.7822265625,6359493,31764282606.348633
2001-03-12 00:00:00,5040.70558339278,5040.70558339278,4921.341873796957,4994.7822265625,14402469,71937196179.81738
2001-03-13 00:00:00,4921.341713815327,4930.5138839852725,4847.90087890625,4847.90087890625,9175976,44484222115.22266
2001-03-14 00:00:00,4920.205112363085,4929.379126034039,4846.81494140625,4846.81494140625,2549348,12356217977.24414
2001-03-15 00:00:00,4600.652625450869,4793.516295776732,4600.652625450869,4738.41259765625,11134195,52758409852.76123
2001-03-16 00:00:00,4756.790582313719,4876.1414616162065,4571.6025390625,4571.6025390625,3320929,15181967448.44629
2001-03-19 00:00:00,4571.6025046538125,4655.756683698322,4507.385852871529,4525.7333984375,1720133,7784863367.854492
2001-03-20 00:00:00,4580.776184922788,4664.960896694725,4534.907077206595,4655.7568359375,8759766,40783340435.71289
2001-03-21 00:00:00,4591.479390542062,4609.857467758104,4360.299616891793,4369.4736328125,3229529,14111341811.90332
2001-03-22 00:00:00,4360.298856080124,4424.515502511708,4002.2157207293462,4049.6748046875,4967743,20117743663.262695
2001-03-23 00:00:00,4185.997793686348,4185.997793686348,4075.9120352966906,4113.9833984375,3210295,13207100334.086914
2001-03-26 00:00:00,4085.085382438406,4415.341634399777,4085.085382438406,4416.99267578125,3075234,13583286054.313477
2001-03-27 00:00:00,4415.340940139191,4646.58119471108,4360.297836298266,4628.203125,2793119,12927122084.296875
2001-03-28 00:00:00,4644.992640918321,4663.340186302596,4562.4284443877,4599.12353515625,3574576,16439916609.804688
2001-03-29 00:00:00,4571.601987156262,4793.515625,4534.906415575425,4793.515625,2247506,10773455128.28125
2001-03-30 00:00:00,4729.238197563754,4949.622926742856,4729.238197563754,4885.345703125,3008987,14699941711.208984
2001-04-02 00:00:00,4876.140810803977,4922.070971185072,4637.408069484686,4866.966796875,1974048,9607626071.4375
2001-04-03 00:00:00,4866.966843711291,4885.345401716924,4729.237905786944,4747.58544921875,2084559,9896621976.437988
2001-04-04 00:00:00,4745.904517564713,4846.815777741611,4562.428573910498,4782.599609375,2500684,11959770321.570312
2001-04-05 00:00:00,4747.586249104319,4949.623455294427,4747.586249104319,4848.6201171875,1757533,8521609860.420898
2001-04-06 00:00:00,4894.519748415008,4894.519748415008,4664.960980484016,4802.68994140625,1825082,8765302963.641602
2001-04-09 00:00:00,4811.86181640625,4811.86181640625,4646.580836988191,4811.86181640625,1526287,7344282136.177246
2001-04-10 00:00:00,4811.863964188895,4894.519755772773,4775.138341166544,4848.6201171875,2416740,11717854182.011719
2001-04-11 00:00:00,4683.306476558505,4967.969303901507,4683.306476558505,4940.44775390625,2188466,10812001934.200195
2001-04-12 00:00:00,4903.691617055281,4967.969303901507,4830.239918676441,4940.44775390625,2114587,10447006594.589355
2001-04-13 00:00:00,4901.8586212649925,4966.3810612984435,4828.468434563081,4938.55419921875,0,0.0
2001-04-16 00:00:00,4901.8586212649925,4966.3810612984435,4828.468434563081,4938.55419921875,0,0.0
2001-04-17 00:00:00,4940.449384384781,4940.449384384781,4738.412200275636,4839.41552734375,1517983,7346150500.443848
2001-04-18 00:00:00,4894.5194409351625,5059.8004834950425,4885.34591056512,5050.626953125,2750974,13894143431.746094
2001-04-19 00:00:00,4857.794616585389,5124.109564384967,4857.794616585389,5069.005859375,2539645,12873475385.732422
2001-04-20 00:00:00,5096.556934047278,5105.730949559952,4949.62342818363,5059.80078125,1529808,7740523713.5625
2001-04-23 00:00:00,5078.177745688396,5078.177745688396,4931.244271998527,4995.52197265625,1265073,6319699968.51416
2001-04-24 00:00:00,4922.072335480105,5087.3534050465205,4922.072335480105,5023.07568359375,1551762,7794617968.924805
2001-04-25 00:00:00,5004.726516129507,5041.452130908951,4866.966571340806,4995.52197265625,2691571,13445802071.464355
2001-04-26 00:00:00,5013.900756655685,5858.745089352463,4903.693366706169,4949.623046875,1579437,7817617776.287109
2001-04-27 00:00:00,4995.523066517495,5124.109025958592,4885.34619805392,5059.80078125,1046580,5295486301.640625
2001-04-30 00:00:00,5032.278831638516,5032.278831638516,4866.967262111485,4949.623046875,1189920,5889655455.9375
2001-05-01 00:00:00,4922.070668432671,4967.970296019702,4839.414896654361,4857.79296875,842681,4093569836.6992188
2001-05-02 00:00:00,4885.345168549056,4958.7963987128205,4857.793082443885,4876.140625,2530967,12341351009.234375
2001-05-03 00:00:00,4839.415590770016,4894.519284991498,4701.686158285501,4765.9638671875,1746253,8322578700.967773
2001-05-04 00:00:00,4857.794125447865,4857.794125447865,4738.4127110210975,4802.68994140625,3163103,15191402961.731934
2001-05-07 00:00:00,4855.987929088041,4855.987929088041,4736.728684179321,4800.9453125,0,0.0
2001-05-08 00:00:00,4857.793614004958,4977.175015862897,4775.137831247579,4885.345703125,2437291,11907009114.115234
2001-05-09 00:00:00,4876.139678551983,5041.451193891023,4839.41407059846,5004.7255859375,1240947,6210599201.692383
2001-05-10 00:00:00,5032.278106193958,5133.2814214061045,4958.796346829374,5078.177734375,2050316,10411869059.632812
2001-05-11 00:00:00,5105.7312583846715,5215.938663490328,5059.801087296592,5160.8349609375,1861326,9605996294.501953
2001-05-14 00:00:00,5133.28180437279,5179.181435978158,4931.24462890625,4931.24462890625,1082298,5337076199.375977
2001-05-15 00:00:00,5069.00421678723,5096.555818062819,4977.174430251229,4995.52197265625,1887488,9428987777.125
2001-05-16 00:00:00,4977.174430251229,5013.900045030673,4866.966571340806,4995.52197265625,1470907,7347948238.233887
2001-05-17 00:00:00,5050.627819633975,5133.2831354790205,4967.972019186081,4986.35009765625,1293580,6450242759.326172
2001-05-18 00:00:00,5059.800180964584,5087.352269607168,4977.174929612034,5041.45263671875,1793323,9040952966.838379
2001-05-21 00:00:00,5032.278264165047,5133.2815825478465,5023.074205026054,5105.72998046875,851728,4348693184.8046875
2001-05-22 00:00:00,5105.72998046875,5133.2815825478465,5059.799820876555,5105.72998046875,1330445,6792892923.864746
2001-05-23 00:00:00,5078.178255182882,5124.108418043764,5023.074562500452,5041.45263671875,1036445,5225188378.063965
2001-05-24 00:00:00,4986.3485891755545,5124.1080533791455,4986.3485891755545,5105.72998046875,1769065,9032368207.89795
2001-05-25 00:00:00,5114.905015235573,5114.905015235573,4995.523588801852,5023.07568359375,1990144,9996643933.25
2001-05-28 00:00:00,4984.728022991166,5122.334849209802,4984.728022991166,5103.9873046875,0,0.0
2001-05-29 00:00:00,5023.075724617061,5096.55750851821,4949.62398609259,4986.35009765625,1579359,7875236903.884277
2001-05-30 00:00:00,4995.520899257021,5013.898967682505,4912.895673948152,4940.44775390625,1942934,9598963916.288086
2001-05-31 00:00:00,4931.24497189217,5078.1784664363695,4876.141276917412,4949.623046875,1368961,6775840915.873047
2001-06-01 00:00:00,4931.244415811956,5124.1080533791455,4894.518799961456,5105.72998046875,2079792,10618856367.539062
2001-06-04 00:00:00,5105.7312583846715,5170.008977005072,5059.801087296592,5160.8349609375,941577,4859323500.014648
2001-06-05 00:00:00,5069.003874163869,5197.5587821873605,5069.003874163869,5188.38525390625,1086915,5639333758.249512
2001-06-06 00:00:00,5179.181560261643,5427.118373283228,5151.629471728073,5335.2890625,3370952,17985003335.8125
2001-06-07 00:00:00,5353.667486887569,5427.1187283304635,5298.56330621546,5399.59716796875,2195788,11856370666.259766
2001-06-08 00:00:00,5344.491555192956,5408.769243198413,5271.009810128637,5280.2138671875,2121995,11204587425.10254
2001-06-11 00:00:00,5252.663746700113,5335.288996706836,5197.5595703125,5197.5595703125,1437148,7469662341.355469
2001-06-12 00:00:00,5225.111207737523,5243.458750101669,5078.177734375,5078.177734375,2236058,11355099948.371094
2001-06-13 00:00:00,5160.834262725476,5307.76775759782,5133.282172875187,5252.6640625,1375306,7224020401.140625
2001-06-14 00:00:00,5261.837341259619,5353.667136645583,5197.559634407226,5335.2890625,1474695,7867924104.0234375
2001-06-15 00:00:00,5289.389450721327,5326.115069185459,4922.071236929604,5041.45263671875,5830352,29393443463.398438
2001-06-18 00:00:00,5353.666413704927,5197.558932546787,5041.451935991317,5087.3515625,1931227,9824830695.992188
2001-06-19 00:00:00,5151.62912548795,5206.733298851549,5078.17789378695,5105.72998046875,1204492,6149810915.634766
2001-06-20 00:00:00,5114.903873647014,5114.903873647014,4931.244766751152,5041.45263671875,1814309,9146752891.872559
2001-06-21 00:00:00,5096.55750851821,5188.38732551285,4958.798002639335,4986.35009765625,1585212,7904422011.005859
2001-06-22 00:00:00,5041.452554601944,5215.937644231451,5041.452554601944,5197.5595703125,1609718,8366605196.404297
2001-06-25 00:00:00,5041.452880355168,5234.28552639153,5151.62974107204,5170.00830078125,2094606,10829130406.86621
2001-06-26 00:00:00,5170.00889373739,5170.00889373739,4949.623647847867,4967.9716796875,2081762,10342134659.84961
2001-06-27 00:00:00,4995.52336409256,5114.90478515625,4940.450191568198,5114.90478515625,2680707,13711561061.901855
2001-06-28 00:00:00,5096.55632940118,5096.55632940118,4967.970869818022,5041.45263671875,2542956,12820192231.259766
2001-06-29 00:00:00,5059.799972265089,4967.970664906173,4793.515625,4793.515625,2650415,12704805715.234375
2001-07-02 00:00:00,4784.31147734797,4986.349151469684,4784.31147734797,4949.623046875,2418107,11968718137.009766
2001-07-03 00:00:00,4912.897426883073,5013.900756655685,4912.897426883073,4949.623046875,2443784,12095809607.984375
2001-07-04 00:00:00,4977.175815569328,4986.349831626625,4876.1419420415805,4894.52001953125,944444,4622600065.326172
2001-07-05 00:00:00,4894.520358736672,4931.245986283312,4802.690540277206,4912.8984375,2449388,12033594478.03125
2001-07-06 00:00:00,4839.415636874376,4885.345801455663,4591.478813584839,4600.65234375,3594502,16537054050.914062
2001-07-09 00:00:00,4553.256494065813,4747.587601942357,4534.908457711644,4692.48388671875,3974774,18651562948.348633
2001-07-10 00:00:00,4738.412262378134,4793.515956599616,4664.960538795618,4765.9638671875,2520048,12010457711.578125
2001-07-11 00:00:00,4729.239298085622,4765.964925732453,4600.653321748709,4646.58349609375,3585224,16659042668.199219
2001-07-12 00:00:00,6115.8548089143505,4811.86268628307,4683.307290254893,4710.859375,3964436,18675900497.1875
2001-07-13 00:00:00,4709.207849104101,4709.207849104101,4709.207849104101,4710.859375,2974078,14010463228.28125
2001-07-16 00:00:00,4683.308442860644,4701.686519002224,4628.204744411568,4655.7568359375,1847525,8601627148.31543
2001-07-17 00:00:00,4571.6025046538125,4628.204593073319,4516.559383353128,4525.7333984375,8109257,36700335241.413086
2001-07-18 00:00:00,4534.907297200032,4628.20496893098,4507.38621891747,4609.857421875,15164228,69904928992.80469
2001-07-19 00:00:00,4628.203944318226,4729.23779296875,4591.478328359609,4729.23779296875,3776981,17862241288.524902
2001-07-20 00:00:00,4710.859375,4729.237446618564,4664.959748604476,4710.859375,3135126,14769137708.90625
2001-07-23 00:00:00,4674.134857288912,4821.068359375,4674.134857288912,4821.068359375,3848970,18556147483.183594
2001-07-24 00:00:00,4738.412262378134,4839.415590770016,4619.030374651901,4765.9638671875,3317114,15809245467.341797
2001-07-25 00:00:00,4784.312474565819,4821.069116795606,4637.409479375638,4646.58349609375,3899657,18120081856.626465
2001-07-26 00:00:00,4674.133992256563,4701.68559375783,4507.079328951885,4543.7744140625,2927887,13303658037.86621
2001-07-27 00:00:00,4626.338573375828,4764.25116841123,4571.295946001242,4736.423828125,2222414,10526294625.558594
2001-07-30 00:00:00,4784.31201171875,4811.864104584864,4692.4826864954375,4784.31201171875,1447636,6925942303.396484
2001-07-31 00:00:00,4756.791050979961,4940.450190567887,4710.860879943324,4894.52001953125,2804977,13729016080.824707
2001-08-01 00:00:00,4848.619028935784,5041.452130908951,4848.619028935784,4995.52197265625,1557306,7779556341.149414
2001-08-02 00:00:00,5032.279893839239,5197.560968279639,4958.798108371304,5096.5576171875,3773061,19229622779.663086
2001-08-03 00:00:00,5087.352515461761,5546.500062589098,5023.07480524872,5170.00830078125,2429725,12561698418.615723
2001-08-06 00:00:00,5170.00839206264,5206.7340129500235,4986.349273048478,5013.90087890625,2550277,12786836091.754395
2001-08-07 00:00:00,4949.622747215875,5188.386026874356,4949.622747215875,5151.62939453125,3035339,15636941614.76709
2001-08-08 00:00:00,5050.626902022474,5261.837623449636,5124.108672573257,5215.93798828125,3129303,16322250394.54248
2001-08-09 00:00:00,5170.008122956164,5280.215509856336,5133.282019377659,5225.11181640625,4054958,21187608960.831055
2001-08-10 00:00:00,5243.459202453289,5298.562894238173,5124.108334580634,5197.5595703125,1632696,8486034720.2109375
2001-08-13 00:00:00,5197.559882799422,5280.2156677475305,5142.456187701602,5252.6640625,2424631,12735772118.523438
2001-08-14 00:00:00,5289.391216744719,5381.220558551287,5243.461038548656,5353.6689453125,3419230,18305425467.88086
2001-08-15 00:00:00,5335.623808733185,5409.110185729657,5271.342068974609,5326.44921875,2581749,13751554944.058594
2001-08-16 00:00:00,5326.447769914062,5445.836626973314,5252.991944786008,5390.7294921875,3624031,19536170792.301758
2001-08-17 00:00:00,5418.2857065561975,5464.218274239465,5354.003955754232,5399.9365234375,2187629,11813057736.831055
2001-08-20 00:00:00,5409.111440784974,5436.665264382447,5354.0042782232795,5381.5576171875,2625899,14131426765.41504
2001-08-21 00:00:00,5372.3831861328035,5436.664936934769,5354.003955754232,5399.9365234375,1910655,10317415718.188477
2001-08-22 00:00:00,5390.731709732665,5482.566794860021,5344.829190798437,5445.8388671875,2362050,12863343696.240234
2001-08-23 00:00:00,5427.459929306122,5445.839160076913,5344.829478255322,5372.38330078125,3238441,17398146348.965332
2001-08-24 00:00:00,5390.731822908748,5418.28564453125,5308.101374567207,5418.28564453125,2027285,10984409212.873535
2001-08-27 00:00:00,5416.236615284571,5416.236615284571,5416.236615284571,5418.28564453125,0,0.0
2001-08-28 00:00:00,5418.283903938523,5473.391044847455,5372.381398786508,5427.4580078125,2302094,12494518515.03711
2001-08-29 00:00:00,5418.283903938523,5500.944857618452,5381.555502660485,5427.4580078125,1576525,8556523235.766602
2001-08-30 00:00:00,5390.731859381666,5436.664911483123,5197.886607878572,5225.4404296875,2361835,12341628097.250977
2001-08-31 00:00:00,5225.440527650595,5326.450208737393,4977.48811251442,5262.16845703125,2262642,11906403361.954102
2001-09-03 00:00:00,5308.10180907579,5308.10180907579,5142.779835074349,5188.712890625,1045394,5424249323.582031
2001-09-04 00:00:00,5188.71259826994,5289.722279356738,5078.497793601217,5262.16845703125,1723851,9071194356.821777
2001-09-05 00:00:00,5252.993971759479,5252.993971759479,5170.332995367851,5234.6142578125,2095334,10968265231.279297
2001-09-06 00:00:00,5262.167984043921,5289.7218038927485,5041.76941104365,5133.6044921875,3163149,16238355915.858398
2001-09-07 00:00:00,5115.224545842891,5133.60377225047,4867.272187766652,4876.44677734375,3553799,17329911680.87744
2001-09-10 00:00:00,4940.759108902141,4940.759108902141,4674.427521035323,4858.09814453125,2684473,13041433300.344238
2001-09-11 00:00:00,4821.3705169213445,4959.108105834463,4323.875682871579,4479.83935546875,2853963,12785295766.45166
2001-09-12 00:00:00,4287.178414903139,4646.874647308091,4158.431722006136,4507.36328125,3773315,17007701479.589844
2001-09-13 00:00:00,4562.409753959204,4784.612651423545,4443.142961685138,4757.08984375,3365361,16009324633.652344
2001-09-14 00:00:00,4766.26284140094,4830.544582515099,4544.0599956860815,4562.40869140625,3325267,15171227062.046387
2001-09-17 00:00:00,4681.67649584452,4792.074498206353,4433.968806282366,4782.900390625,1949884,9326100945.273438
2001-09-18 00:00:00,4784.612186348031,4784.612186348031,4525.7119140625,4525.7119140625,3555782,16092444961.208984
2001-09-19 00:00:00,4571.582272374331,4571.582272374331,4185.95345922976,4279.53173828125,4468878,19124705235.506836
2001-09-20 00:00:00,4305.526958357181,4169.318372621699,3828.154526968333,3901.549560546875,6063491,23657010646.42993
2001-09-21 00:00:00,3782.2825236016915,4729.535134507873,3341.6075179999425,3837.32861328125,7049291,27050446057.645996
2001-09-24 00:00:00,3929.0737800783254,4158.432813550974,3552.619074304859,4160.1455078125,4200679,17475435871.612305
2001-09-25 00:00:00,4149.256152994232,4553.23366531529,4039.1635162979856,4389.74658203125,4252845,18668911802.65869
2001-09-26 00:00:00,4333.0505015268245,4571.584071751128,4314.701802635204,4527.48583984375,3044451,13783708792.598145
2001-09-27 00:00:00,4250.175229393859,4591.767504306694,4297.912571346743,4571.583984375,3388724,15491836365.867188
2001-09-28 00:00:00,4571.583984375,4571.583984375,4571.583984375,4571.583984375,3606418,16487042769.761719
2001-10-01 00:00:00,4591.7674880935165,4637.700055753411,4424.7938957907745,4507.36328125,2562657,11550826064.238281
2001-10-02 00:00:00,4553.234108788805,4580.7569071687285,4388.095379976865,4472.376953125,3030551,13553766447.669922
2001-10-03 00:00:00,4674.430057048362,4674.430057048362,4433.969993482045,4553.23681640625,3482972,15858796340.91211
2001-10-04 00:00:00,4591.766763922954,4784.611501183823,4591.766763922954,4738.70947265625,4506132,21353250393.439453
2001-10-05 00:00:00,4738.709258765177,4913.205292567469,4665.252931341687,4858.09814453125,2640696,12828760337.871094
2001-10-08 00:00:00,4747.884388688601,4858.099193184772,4628.495477151625,4720.33056640625,2459411,11609232918.655762
2001-10-09 00:00:00,4720.329760552484,4858.098363811178,4619.320096868175,4738.70947265625,3308554,15678276180.594727
2001-10-10 00:00:00,4738.711115822671,5005.042808062439,4720.331397345666,4986.66357421875,3086216,15389920909.371094
2001-10-11 00:00:00,4995.836854543962,5161.158820662848,4949.934333077192,5069.32373046875,4735115,24003830835.998535
2001-10-12 00:00:00,5041.770743850963,5133.605849271701,4913.207218008386,4986.66357421875,2758069,13753562217.481934
2001-10-15 00:00:00,4894.826003751329,4986.661556649341,4821.370161894015,4876.44677734375,1760730,8586106134.272461
2001-10-16 00:00:00,4874.642488241456,4874.642488241456,4874.642488241456,4876.44677734375,2960727,14437827637.744629
2001-10-17 00:00:00,4922.379940895953,5032.59423828125,4885.652019063271,5032.59423828125,2583980,13004122859.833984
2001-10-18 00:00:00,5005.041484964266,5151.9531892818,4858.098764122761,5133.6044921875,3197602,16415223991.427734
2001-10-19 00:00:00,5069.322519970255,5106.050440898911,4858.098082822672,4876.44677734375,2960269,14435594225.120605
2001-10-22 00:00:00,4876.445872381912,4968.281408237253,4848.922593391455,4922.37890625,1465901,7215720161.050781
2001-10-23 00:00:00,4995.836299875835,5179.506944505033,4949.933783505441,5151.953125,3004358,15478311586.71875
2001-10-24 00:00:00,5106.051520201835,5298.896287071708,5041.769769700803,5225.4404296875,4897524,25591719914.964844
2001-10-25 00:00:00,5096.8759765625,5262.167375379374,4995.835784351243,5096.8759765625,2056153,10479956829.836914
2001-10-26 00:00:00,5094.826947684727,5094.826947684727,5094.826947684727,5096.8759765625,1655924,8440039254.613281
2001-10-29 00:00:00,5151.9525933655805,5197.885636886505,5041.768827872169,5096.8759765625,1535476,7826130736.988281
2001-10-30 00:00:00,4968.28434037506,5096.8779134831775,4913.207218008386,4986.66357421875,2020607,10076087324.711426
2001-10-31 00:00:00,4922.379940895953,5216.2648639650415,4876.446897373095,5032.59423828125,2312012,11635418270.03711
2001-11-01 00:00:00,5106.051221945843,5106.051221945843,4904.001343468807,4995.83642578125,1654647,8266345754.409668
2001-11-02 00:00:00,5023.391344810171,5142.7802734375,4977.488817242103,5142.7802734375,1598101,8218682297.760742
2001-11-05 00:00:00,5106.051887054321,5280.54796806157,5106.051887054321,5252.99462890625,3033310,15933961137.807617
2001-11-06 00:00:00,5252.994126289358,5326.4499819227185,5216.265713839468,5317.275390625,3067394,16310178629.550781
2001-11-07 00:00:00,5317.275916647866,5335.625101058535,5133.605242869015,5188.712890625,2952085,15317521493.720703
2001-11-08 00:00:00,5216.264315773113,5243.78759765625,5096.875441131806,5243.78759765625,4845554,25409055968.973633
2001-11-09 00:00:00,5115.224397646941,5151.952317511534,5014.214742731356,5106.05029296875,2983767,15235264364.500488
2001-11-12 00:00:00,5161.160506067243,5161.160506067243,4738.71187757632,4913.2080078125,2626290,12903509058.83789
2001-11-13 00:00:00,4968.2833404581515,5115.2255859375,4885.652892222235,5115.2255859375,2558295,13086256040.375977
2001-11-14 00:00:00,5133.606674505167,5207.0630425237305,4867.27493945225,4913.2080078125,2744675,13485159188.842773
2001-11-15 00:00:00,5023.389710998682,5078.49686089557,4848.923718559387,5005.041015625,2734114,13684352711.394531
2001-11-16 00:00:00,5115.2255859375,5363.177994430668,4968.2833404581515,5115.2255859375,2760264,14119373036.742188
2001-11-19 00:00:00,5234.613989159286,5271.3423986437265,5124.430214605476,5179.5068359375,2831647,14666534993.461914
2001-11-20 00:00:00,5197.885636886505,5289.7211920411055,5096.8759765625,5096.8759765625,2090897,10657042688.766602
2001-11-21 00:00:00,5133.605242869015,5252.994645953062,5096.877311418945,5188.712890625,2682439,13918405817.615234
2001-11-22 00:00:00,5197.886173260796,5243.788689631189,5124.430322018549,5151.953125,2152124,11087641967.1875
2001-11-23 00:00:00,5151.9525933655805,5188.7115317171,4968.282452322643,5096.8759765625,6237585,31792197138.2666
2001-11-26 00:00:00,5133.6044921875,5188.712131885154,5078.4973371230335,5133.6044921875,3032460,15567450278.378906
2001-11-27 00:00:00,5161.158537111847,5161.158537111847,5005.04170323161,5078.49755859375,2085528,10591348856.378906
2001-11-28 00:00:00,5069.322863814576,5069.322863814576,4867.272517906211,4977.4873046875,1536432,7647570774.515625
2001-11-29 00:00:00,4913.20644759291,5106.05170611767,4876.447985669443,5060.11865234375,2273865,11506026699.411621
2001-11-30 00:00:00,4949.9335342691165,5032.594503988936,4894.826382666955,4968.28271484375,2597588,12905551560.685547
2001-12-03 00:00:00,4949.934422045156,4977.4882451046215,4821.371399841441,4867.2734375,2658593,12940099090.023438
2001-12-04 00:00:00,4885.652900891396,4885.652900891396,4729.535579059217,4747.88427734375,3664645,17399310377.546387
2001-12-05 00:00:00,4839.720470998168,4931.5555699002425,4701.982361643478,4894.82763671875,5291602,25901479712.11621
2001-12-06 00:00:00,4858.098039949517,5096.8758063414225,4858.098039949517,5014.21484375,3280055,16446900469.316406
2001-12-07 00:00:00,5069.32397342603,5069.32397342603,4940.760462738159,4949.9345703125,1904626,9427774080.916016
2001-12-10 00:00:00,4913.206124002097,4977.487872609995,4775.43798828125,4775.43798828125,1963215,9375211490.163574
2001-12-11 00:00:00,4802.990510741987,4802.990510741987,4683.601625003753,4729.53466796875,3166481,14975981664.964355
2001-12-12 00:00:00,4757.08984375,4821.371599834926,4692.777555769467,4757.08984375,1973427,9387769539.082031
2001-12-13 00:00:00,4782.89894183551,4810.421740875888,4580.757017091471,4672.50048828125,2358981,11022339874.346191
2001-12-14 00:00:00,4665.252930253884,4747.883362718619,4591.766555593765,4729.53466796875,3522575,16660140583.02002
2001-12-17 00:00:00,4766.262281923101,4986.661297179823,4757.088177456476,4940.7587890625,3530061,17441179911.676758
2001-12-18 00:00:00,5069.3232953991,5078.4974017463965,4913.205981707275,4995.83642578125,4192959,20947337304.007324
2001-12-19 00:00:00,4940.760462738159,5078.498081000372,4904.001999383764,4949.9345703125,2311812,11443318138.863281
2001-12-20 00:00:00,5041.771554321822,5041.771554321822,4894.828771014326,4913.2080078125,1852926,9103810861.083984
2001-12-21 00:00:00,4894.827984164697,5087.673272928563,4793.818285454884,4986.66357421875,1892126,9435395802.032227
2001-12-24 00:00:00,4977.487613276203,5096.876513025476,4913.20586801747,5087.671875,212352,1080377298.0
2001-12-25 00:00:00,5085.653377797025,5085.653377797025,5085.653377797025,5087.671875,0,0.0
2001-12-26 00:00:00,5085.653377797025,5085.653377797025,5085.653377797025,5087.671875,0,0.0
2001-12-27 00:00:00,5096.876502513516,5188.7120671447055,5014.215528631597,5151.953125,764613,3939250334.765625
2001-12-28 00:00:00,5161.1582476396725,5179.506944505033,5106.051093262787,5151.953125,794353,4092469420.703125
2001-12-31 00:00:00,5124.430709272806,5170.333229112062,4995.836677412214,5115.2255859375,154216,788849628.9609375
2002-01-01 00:00:00,5113.177041326658,5113.177041326658,5113.177041326658,5115.2255859375,0,0.0
2002-01-02 00:00:00,5106.052338856795,5161.159506676778,5023.391344810171,5142.7802734375,1002539,5155837792.551758
2002-01-03 00:00:00,5151.953281420872,5252.993971759479,5106.051248290007,5234.6142578125,1263935,6616212171.948242
2002-01-04 00:00:00,5216.266212942112,5262.168736448555,5179.507749716083,5252.99462890625,2280793,11980993378.646973
2002-01-07 00:00:00,5225.440805117674,5326.450491568012,5225.440805117674,5252.99462890625,1641875,8624760556.33545
2002-01-08 00:00:00,5170.3336589523415,5308.10180907579,5170.3336589523415,5188.712890625,2224445,11542006445.986328
2002-01-09 00:00:00,5161.158775944452,5271.3430487196465,5124.430846563797,5262.16845703125,1945041,10235133397.83252
2002-01-10 00:00:00,5225.438904611851,5335.623143163455,5005.040380257681,5243.78759765625,2549974,13371522035.545898
2002-01-11 00:00:00,5271.3430487196465,5335.62480042579,5225.440527650595,5262.16845703125,3838840,20200622759.589844
2002-01-14 00:00:00,5262.167808086764,5271.3423986437265,5142.77891108623,5179.5068359375,2288970,11855735762.25586
2002-01-15 00:00:00,5133.60563657514,5289.722983082198,5124.431528299484,5271.34375,2357718,12428342043.5625
2002-01-16 00:00:00,5271.342071971015,5280.546709214144,5179.506514955971,5197.8857421875,3186113,16561051335.698242
2002-01-17 00:00:00,5197.886607878572,5252.994251496428,5170.333270702867,5225.4404296875,2519538,13165695729.333984
2002-01-18 00:00:00,5216.265184497658,5243.788470964564,5179.506728518964,5207.060546875,1870142,9737942625.253906
2002-01-21 00:00:00,5234.613766764785,5308.100629868141,5170.332510350221,5298.8955078125,1193529,6324385456.543945
2002-01-22 00:00:00,5216.265071063583,5344.828553159012,5216.265071063583,5298.8955078125,2321796,12302954394.457031
2002-01-23 00:00:00,5271.3430870659095,5409.111230429081,5262.168495310772,5372.38330078125,2729850,14665800553.637695
2002-01-24 00:00:00,5372.384133972296,5510.1217668031395,5354.004900351111,5464.21923828125,3050635,16669338455.974121
2002-01-25 00:00:00,5464.217821650574,5473.392412450012,5399.936076172921,5455.01318359375,1947109,10621505264.894043
2002-01-28 00:00:00,5491.770726601155,5629.50830078125,5436.663581101544,5629.50830078125,4546990,25597317948.569336
2002-01-29 00:00:00,5647.889339167678,5647.889339167678,5473.392787735968,5482.56689453125,3005206,16476242926.84668
2002-01-30 00:00:00,5436.662524118699,5482.564539537341,5363.175682478089,5390.7294921875,3830140,20647248657.20703
2002-01-31 00:00:00,5427.459363938051,5556.053386783926,5372.382741150405,5455.01318359375,1593082,8690283312.545898
2002-02-01 00:00:00,5537.67437159078,5583.607421875,5041.769570234669,5583.607421875,2482041,13858742548.998047
2002-02-04 00:00:00,5537.673935737647,5565.2272696546315,5455.0129647203685,5510.1201171875,2083702,11481448308.423828
2002-02-05 00:00:00,5482.56689453125,5510.120716076191,5381.557216305864,5482.56689453125,3543362,19426719196.54004
2002-02-06 00:00:00,5491.772213373631,5491.772213373631,5317.275655729394,5372.38330078125,2547185,13684454158.000488
2002-02-07 00:00:00,5335.624664296961,5436.664874699428,5271.3429142308505,5418.28564453125,2447625,13261931400.6958
2002-02-08 00:00:00,5418.286150601301,5464.218722048884,5335.625162646445,5354.00439453125,1504039,8052631415.546387
2002-02-11 00:00:00,5335.62472537566,5464.218274239465,5335.62472537566,5399.9365234375,2009801,10852797824.74121
2002-02-12 00:00:00,5445.839490164079,5464.218722048884,5298.896746139169,5354.00439453125,1810664,9694303013.019531
2002-02-13 00:00:00,5381.554904699876,5427.457404751527,5298.89396020465,5390.7294921875,2992683,16132744508.868164
2002-02-14 00:00:00,5363.17576978083,5583.605281778296,5363.17576978083,5500.9443359375,626551,3446622174.6259766
2002-02-15 00:00:00,5491.77306508044,5519.296359981144,5409.112069316181,5464.21923828125,3940564,21532105618.478516
2002-02-18 00:00:00,5409.111053076926,5482.566909964142,5409.111053076926,5418.28564453125,1137607,6163879677.218262
2002-02-19 00:00:00,5409.110294206726,5427.458989907929,5262.16758452163,5298.8955078125,2468914,13082517303.77539
2002-02-20 00:00:00,5252.993877813365,5344.828958957215,5087.671927986777,5133.6044921875,2946111,15124168664.083008
2002-02-21 00:00:00,5207.061590402411,5243.78952185248,5124.431135296938,5188.712890625,2181534,11319353587.136719
2002-02-22 00:00:00,5133.604428134639,5197.886173260796,5069.323167641664,5151.953125,2075658,10693692719.53125
2002-02-25 00:00:00,5179.506512011768,5354.003035954266,5096.876076919963,5326.44921875,1873567,9979459483.425781
2002-02-26 00:00:00,5372.38330078125,5445.839160076913,5326.450247484531,5372.38330078125,3045284,16360432907.736328
2002-02-27 00:00:00,5344.828553159012,5436.664111963571,5243.788356931962,5298.8955078125,2761071,14630626718.651367
2002-02-28 00:00:00,5271.342174688806,5445.838217497597,5096.87617913533,5298.8955078125,4150252,21991751679.089844
2002-03-01 00:00:00,5409.110993334927,5528.499900694209,5289.722085975644,5491.77197265625,3134373,17213261793.25049
2002-03-04 00:00:00,5546.847819314918,5758.072267666913,5601.95545420746,5693.79052734375,2952119,16808747197.791504
2002-03-05 00:00:00,5721.345226795369,5813.180314089001,5638.684246346643,5657.0634765625,3012244,17040455514.894531
2002-03-06 00:00:00,5638.684246346643,5712.170635317244,5583.607619484726,5657.0634765625,2111478,11944765075.365234
2002-03-07 00:00:00,5675.44287109375,5758.073322041965,5464.218384063915,5675.44287109375,1835217,10415669239.560059
2002-03-08 00:00:00,5611.130096261152,5748.898712034931,5611.130096261152,5739.72412109375,2071507,11889878694.91455
2002-03-11 00:00:00,5730.519221989458,5730.519221989458,5666.237957642235,5684.6171875,1344916,7645332609.34375
2002-03-12 00:00:00,5712.169261347218,5712.169261347218,5611.129074986218,5629.50830078125,2337505,13159003800.617676
2002-03-13 00:00:00,5566.044593756776,5667.069580256688,5547.662666415547,5556.869140625,2623742,14579790952.761719
2002-03-14 00:00:00,5685.451255121839,5630.335527214703,5474.195786702544,5584.4267578125,2205578,12316888799.642578
2002-03-15 00:00:00,5566.043939299713,5722.184153090957,5556.86848724679,5676.27490234375,2509572,14245020559.22461
2002-03-18 00:00:00,5639.511627631308,5713.008799483209,5621.160236947982,5657.8935546875,1261938,7139910876.615234
2002-03-19 00:00:00,5639.511787391249,5768.124692386625,5639.511787391249,5648.71826171875,2022578,11424973284.350586
2002-03-20 00:00:00,5685.451092743026,5685.451092743026,5566.044187614746,5593.60205078125,1815525,10155324363.244629
2002-03-21 00:00:00,5575.2216796875,5657.894807539902,5538.488353813961,5575.2216796875,1975119,11011726268.762695
2002-03-22 00:00:00,5575.219393013066,5602.7772525625,5483.3703631068165,5510.92822265625,2178694,12006626253.131836
2002-03-25 00:00:00,5556.868251403414,5575.219639434676,5419.079916974561,5483.37060546875,1545117,8472449139.810059
2002-03-26 00:00:00,5492.5783750868095,5538.487634725426,5446.638579072532,5465.0205078125,2221256,12139209593.101562
2002-03-27 00:00:00,5501.753420918157,5510.928873259332,5419.080317213969,5446.6376953125,1909766,10401803484.826172
2002-03-28 00:00:00,5444.557829174308,5444.557829174308,5444.557829174308,5446.6376953125,2481210,13514251915.986328
2002-03-29 00:00:00,5444.557829174308,5444.557829174308,5444.557829174308,5446.6376953125,0,0.0
2002-04-01 00:00:00,5444.557829174308,5444.557829174308,5444.557829174308,5446.6376953125,0,0.0
2002-04-02 00:00:00,5474.196197096993,5556.869310451292,5446.638331077442,5492.578125,2016911,11078041238.671875
2002-04-03 00:00:00,5501.753014572725,5593.60156383439,5455.813229405536,5483.37060546875,1624941,8910153715.020996
2002-04-04 00:00:00,5437.462877665251,5501.754063116544,5409.9050116457,5492.578125,2173280,11936910187.5
2002-04-05 00:00:00,5501.75146484375,5575.218069011687,5465.017678055658,5501.75146484375,1743986,9594977530.166992
2002-04-08 00:00:00,5556.868908150259,5556.868908150259,5400.728682532217,5474.19580078125,1484333,8125529475.561035
2002-04-09 00:00:00,5510.929439055361,5547.662757970701,5465.020182152473,5538.4873046875,2187784,12117013909.398438
2002-04-10 00:00:00,5510.929418769603,5657.893714968176,5465.020162035708,5648.71826171875,1870055,10563413828.918457
2002-04-11 00:00:00,5621.160737286112,5731.360700313538,5602.77880859375,5602.77880859375,2206923,12364901416.598145
2002-04-12 00:00:00,5584.426600703445,5740.566336822857,5584.426600703445,5731.35986328125,3041903,17434240762.194824
2002-04-15 00:00:00,5713.007658475757,5804.856687371138,5685.450283933854,5777.298828125,3152748,18214367325.773438
2002-04-16 00:00:00,5749.740905725227,5850.765376151568,5722.1830491049095,5823.20751953125,3266304,19020366013.875
2002-04-17 00:00:00,5841.590730559185,5869.148593262256,5786.475489857339,5859.97265625,2255948,13219793593.921875
2002-04-18 00:00:00,5850.766678490705,5988.555022854623,5042.509177735696,5942.615234375,3876959,23039275616.447266
2002-04-19 00:00:00,5933.4392066534265,6025.287753630689,5354.78861059503,5960.99658203125,2898018,17275075392.66504
2002-04-22 00:00:00,5933.439119598665,6006.9057415555035,5869.147948942498,5924.26318359375,2053858,12167595333.729492
2002-04-23 00:00:00,5942.615240864899,5997.730481729797,5869.148610625492,5887.5,3295451,19401967762.5
2002-04-24 00:00:00,5915.055789341635,6135.517662995452,5869.147034217566,6117.1357421875,4384686,26821719448.86914
2002-04-25 00:00:00,6062.0217267540265,6199.810557498344,6016.112958790906,6089.57958984375,3235250,19701312368.041992
2002-04-26 00:00:00,6190.604658892875,6181.429205604074,6034.4649087748385,6043.6708984375,3246471,19620602305.32129
2002-04-29 00:00:00,6071.198794633944,6107.962653378528,5979.349735821518,6080.40478515625,1071324,6514083576.052734
2002-04-30 00:00:00,6025.287267100644,6089.578433508698,5960.99610069259,6016.11181640625,2832518,17040745009.983398
2002-05-01 00:00:00,6006.906656416711,6025.2885828891385,5951.821949743217,5970.17333984375,1141685,6816057349.499512
2002-05-02 00:00:00,5970.172214027805,6144.69384765625,5703.801553396984,6144.69384765625,2276897,13990834987.646973
2002-05-03 00:00:00,6043.66978182257,6365.125645364669,6043.66978182257,6300.83447265625,3664212,23087593284.720703
2002-05-06 00:00:00,6298.509831037511,6298.509831037511,6298.509831037511,6300.83447265625,0,0.0
2002-05-07 00:00:00,6273.278356926696,6273.278356926696,6034.4654722660725,6080.40478515625,3161207,19221418169.669434
2002-05-08 00:00:00,6107.9602990349495,6172.25146484375,5942.614122843573,6172.25146484375,1867508,11526728988.607422
2002-05-09 00:00:00,6163.075033674055,6181.426902823688,6006.904805360592,6117.1357421875,1300139,7953126746.711914
2002-05-10 00:00:00,6098.754550676217,6264.100733336799,6071.196691998045,6144.69384765625,1973642,12127425854.875977
2002-05-13 00:00:00,6163.075296470804,6264.100251372333,6089.578146467523,6254.92431640625,950294,5944017048.334961
2002-05-14 00:00:00,6254.92431640625,6319.215479783846,6181.427166402969,6254.92431640625,2539288,15883054257.558594
2002-05-15 00:00:00,6282.453289669196,6291.659278717204,6144.694991700304,6218.162109375,1740721,10824085365.19336
2002-05-16 00:00:00,6218.162265736236,6254.92611951771,6172.253010716117,6208.986328125,1909015,11853048035.185547
2002-05-17 00:00:00,6181.429207880712,6300.835639104969,6080.4042196146875,6126.3134765625,1989809,12190193692.485352
2002-05-20 00:00:00,6208.984603900121,6208.984603900121,6006.905125005195,6071.1962890625,1911668,11606111667.519531
2002-05-21 00:00:00,6080.402498110094,6107.960355966924,5988.55395854942,6016.11181640625,2385188,14349557711.15039
2002-05-22 00:00:00,5997.732517923248,6062.023717654018,5970.175130487383,5979.3505859375,2071920,12388736066.015625
2002-05-23 00:00:00,6025.288973000823,6153.871342221606,5997.731107341716,6126.3134765625,3210921,19671108594.47754
2002-05-24 00:00:00,6144.694751832699,6264.101655083675,6126.312826121759,6190.60400390625,1060637,6565983658.891113
2002-05-27 00:00:00,6153.871342221606,6254.926382157157,6126.3134765625,6126.3134765625,707531,4334556700.385742
2002-05-28 00:00:00,6107.962083024214,6181.429205604074,5979.349177476925,6043.6708984375,1753308,10596416535.597656
2002-05-29 00:00:00,6034.465079214549,6080.404389112495,5997.731274534922,6062.0224609375,1422275,8621862995.629883
2002-05-30 00:00:00,6098.757529948923,6098.757529948923,5979.3505859375,5979.3505859375,1871233,11188758134.975586
2002-05-31 00:00:00,5988.555095701183,6098.755526984751,5979.348622189157,6089.57958984375,2778643,16920767700.262207
2002-06-03 00:00:00,6087.163338898323,6087.163338898323,6087.163338898323,6089.57958984375,0,0.0
2002-06-04 00:00:00,6087.163338898323,6087.163338898323,6087.163338898323,6089.57958984375,0,0.0
2002-06-05 00:00:00,5997.730224335556,6071.197336126397,5951.8214588509345,6025.2880859375,2700532,16271483285.292969
2002-06-06 00:00:00,6043.670337176328,6163.0767572676195,5970.173169752459,6089.57958984375,2642565,16092109888.83545
2002-06-07 00:00:00,6080.402275785512,6080.402275785512,5960.995882733998,6071.1962890625,2537539,15405897360.151367
2002-06-10 00:00:00,5960.997483680196,6236.544135699135,5630.335587864734,6006.90673828125,3574695,21472859482.800293
2002-06-11 00:00:00,5951.821130595956,6208.985332289463,5915.056798006647,5960.99658203125,2160200,12876944816.503906
2002-06-12 00:00:00,5924.265558093449,5942.6169527544425,5832.416975650028,5915.05908203125,2214620,13099608144.248047
2002-06-13 00:00:00,5988.555533419244,5988.555533419244,5722.184810677255,5749.74267578125,3271850,18812295573.754883
2002-06-14 00:00:00,5639.511303576583,5749.742271538296,5373.171135933236,5593.60205078125,4512696,25242225600.152344
2002-06-17 00:00:00,5657.892331448247,5685.450190240244,5428.254979514964,5630.33447265625,2796628,15745951035.595703
2002-06-18 00:00:00,5621.159424601865,5648.71728536934,5483.37060546875,5483.37060546875,2546901,13965602078.438965
2002-06-19 00:00:00,5446.636222087351,5648.716174684739,5318.053900973081,5391.52099609375,4313640,23257080629.589844
2002-06-20 00:00:00,5318.055657813289,5492.57781271586,5308.880204922774,5373.17138671875,3763659,20222784848.166504
2002-06-21 00:00:00,5308.880432129724,5566.044685615292,5226.207319937654,5538.4873046875,3263188,18073125310.808594
2002-06-24 00:00:00,5538.485596322375,5602.776761039021,5446.636574473908,5566.04296875,3470028,19314324950.765625
2002-06-25 00:00:00,5611.953752644907,5740.566653762254,5593.602361995054,5713.0087890625,3328517,19015846875.543945
2002-06-26 00:00:00,5547.661935424808,5584.426269967328,5400.72819684481,5529.310546875,4096223,22649289036.251953
2002-06-27 00:00:00,5630.334627407692,5685.450346506558,5455.812988261624,5510.92822265625,4172818,22996100484.208008
2002-06-28 00:00:00,5575.220202379055,5713.008550720753,5483.371159138894,5685.451171875,3614023,20547351300.533203
2002-07-01 00:00:00,5639.511303576583,5722.184408371792,5455.813704357335,5593.60205078125,3128327,17498616322.714355
2002-07-02 00:00:00,5538.486990745256,5657.8934150842615,5382.346764868774,5419.08056640625,3529206,19125051649.444336
2002-07-03 00:00:00,5428.255614024722,5520.104652142722,5152.708984375,5152.708984375,5110082,26330765432.29297
2002-07-04 00:00:00,5217.030606345369,5299.673169877304,5152.708894986618,5226.20654296875,2602011,13598646913.07666
2002-07-05 00:00:00,5336.407836407944,5538.4873825482855,5226.2073934083655,5492.578125,3169597,17409259147.265625
2002-07-08 00:00:00,5474.195978805794,5501.753843726437,5336.407623611248,5354.78955078125,3007524,16104658088.923828
2002-07-09 00:00:00,5354.788662401622,5474.1950706161915,5244.557705711116,5336.40673828125,2967159,15833967281.151855
2002-07-10 00:00:00,5281.322121159119,5501.7535218461935,5180.26708984375,5180.26708984375,2531769,13115239629.786621
2002-07-11 00:00:00,5115.976426326013,5244.558797537527,4849.63623046875,4849.63623046875,3820854,18529751989.731445
2002-07-12 00:00:00,5005.775717395616,5088.418282186001,4702.6712263753,4766.96240234375,4095009,19520753940.259277
2002-07-15 00:00:00,4757.786471620305,4831.2530922563565,4379.564003135505,4434.6181640625,4404074,19530386556.27539
2002-07-16 00:00:00,4535.550940206201,4721.022546314524,4250.798326866823,4526.37548828125,5009101,22673071984.725098
2002-07-17 00:00:00,4498.84928018225,5198.649975593153,4352.038135294972,4895.5458984375,6001486,29380550171.83008
2002-07-18 00:00:00,4895.544044946851,5088.417544906034,4840.4288137273625,5042.50830078125,3323335,16757944323.776855
2002-07-19 00:00:00,4950.659162859616,5042.5081853723605,4721.021823099633,4785.31298828125,2344120,11217347882.089844
2002-07-22 00:00:00,4693.4658683076605,4941.485205098623,4572.2548828125,4572.2548828125,4318007,19743028589.768555
2002-07-23 00:00:00,4647.556243423871,4794.520528655696,4388.740137790762,4508.0244140625,3897610,17570521036.49414
2002-07-24 00:00:00,4489.673622545029,4675.114729927269,4131.514897580969,4388.74072265625,5289001,23212054070.86963
2002-07-25 00:00:00,4572.254508316515,4739.4052734375,4508.024401721951,4739.4052734375,4894366,23196384030.533203
2002-07-26 00:00:00,4691.5373414654005,4811.12744140625,4526.374867142484,4811.12744140625,2592566,12473165426.256836
2002-07-29 00:00:00,4877.163146303877,5088.41861314117,4675.114153198257,5079.24267578125,4066756,20656040627.189453
2002-07-30 00:00:00,5180.266149059762,5180.266149059762,4886.36865481575,4941.48388671875,2939468,14525333757.52539
2002-07-31 00:00:00,5014.951010486255,5180.266671196477,4923.1024601787685,5134.357421875,3972472,20396091096.390625
2002-08-01 00:00:00,5198.648845184024,5198.648845184024,4656.731999702864,4665.93798828125,3272848,15270905813.070312
2002-08-02 00:00:00,4647.555395757658,4665.9373186102175,4434.6180458987355,4498.84765625,4925913,22160932154.941406
2002-08-05 00:00:00,4489.672784053096,4563.078339461385,4370.388514162484,4408.7431640625,3134938,13821136477.259766
2002-08-06 00:00:00,4370.387976124826,4675.11328125,4278.6310431606435,4675.11328125,4245483,19848113958.621094
2002-08-07 00:00:00,4822.080115214501,4904.722714092441,4379.566250186095,4416.26904296875,9280034,40983126871.89746
2002-08-08 00:00:00,4462.1465713535545,4709.890625,4462.1465713535545,4709.890625,4773040,22480496348.75
2002-08-09 00:00:00,4766.96240234375,4785.313791165685,4684.289301183597,4766.96240234375,3693952,17608930300.0625
2002-08-12 00:00:00,4748.579900353463,4757.786372368052,4647.555422642575,4675.11328125,1881353,8795538397.019531
2002-08-13 00:00:00,4748.581123270688,4766.96305096354,4610.8233005308575,4757.78759765625,6270226,29832403497.301758
2002-08-14 00:00:00,4620.375309905531,4712.2318465441585,4620.375309905531,4666.31884765625,6544999,30541052191.59131
2002-08-15 00:00:00,4758.175860170384,4850.0319212518825,4703.05563100441,4804.08837890625,4160160,19985776310.390625
2002-08-16 00:00:00,4794.91162109375,4895.944357285774,4767.351509705013,4794.91162109375,3232295,15498568858.303223
2002-08-19 00:00:00,4905.12109375,4923.504519572026,4712.231820384836,4905.12109375,4046350,19847836737.695312
2002-08-20 00:00:00,4886.768442333535,4996.977385989853,4850.031643037553,4941.88818359375,4504797,22262203063.788574
2002-08-21 00:00:00,4987.7998046875,5052.096214455629,4923.503394919371,4987.7998046875,6632401,33081088412.40918
2002-08-22 00:00:00,5042.92236328125,5088.835377215672,4987.802606308096,5042.92236328125,2812356,14182492965.908203
2002-08-23 00:00:00,4960.239671986133,5070.479608148019,4703.054034330306,4951.06298828125,1720306,8517343365.118164
2002-08-26 00:00:00,4949.166670778028,4949.166670778028,4949.166670778028,4951.06298828125,0,0.0
2002-08-27 00:00:00,4960.239722530641,5006.183249746732,4840.823586190768,4923.50341796875,2450836,12066699422.88086
2002-08-28 00:00:00,4840.82470703125,4923.504557952855,4813.264595142763,4840.82470703125,2194675,10624036963.903809
2002-08-29 00:00:00,4804.087932714361,4813.264618682395,4647.935454893509,4739.7919921875,2560924,12138247067.800781
2002-08-30 00:00:00,4721.40966796875,4794.913342770673,4666.320449016936,4721.40966796875,2374055,11208886229.28955
2002-09-02 00:00:00,4638.75830078125,4730.614828805065,4601.99145238129,4638.75830078125,1324582,6144415747.56543
2002-09-03 00:00:00,4592.815209414072,4638.758257685315,4471.685973397666,4526.74462890625,4034882,18264880421.770508
2002-09-04 00:00:00,4572.62841796875,4657.1129860083,4490.040168244224,4572.62841796875,2833466,12956387152.948242
2002-09-05 00:00:00,4554.275390625,4592.816411090602,4425.804676081086,4554.275390625,2314823,10542341422.552734
2002-09-06 00:00:00,4682.746159610926,4765.640289819456,4453.334766180992,4691.92236328125,3200402,15016037715.29004
2002-09-09 00:00:00,4673.569911914695,4701.099495009683,4563.452549022805,4618.51123046875,2591842,11970451384.600586
2002-09-10 00:00:00,4629.552571430788,4758.175975910167,4629.552571430788,4748.96875,3354931,15932462477.40625
2002-09-11 00:00:00,4748.969109461202,4822.472773741428,4693.849359526225,4767.3525390625,2607278,12429813393.341797
2002-09-12 00:00:00,4691.921175473319,4783.991970787493,4572.627649495561,4600.15673828125,3437257,15811920949.754395
2002-09-13 00:00:00,4572.627374284119,4572.627374284119,4260.321948505618,4464.22265625,3633167,16219266435.339844
2002-09-16 00:00:00,4517.568808640669,4545.098384036197,4398.275274577107,4510.13623046875,1694636,7643039221.056641
2002-09-17 00:00:00,4611.19948767928,4684.6721196877015,4425.804337993054,4444.1572265625,2827871,12567503340.436523
2002-09-18 00:00:00,4361.569815738554,4370.746504141766,4159.3821295964335,4161.09521484375,4873517,20279168268.159668
2002-09-19 00:00:00,4232.792606747586,4269.804254787175,4012.557716396896,4041.677734375,4192715,16945602862.080078
2002-09-20 00:00:00,3985.0280557735937,4352.392130138262,3819.8518410803244,3995.764404296875,9361604,37406764030.32324
2002-09-23 00:00:00,3994.2046117148648,4085.9692857511036,3727.7816441565983,3766.108642578125,3183406,11989052849.435059
2002-09-24 00:00:00,3755.3114222507297,3810.675961222771,3525.9000733134253,3655.89990234375,5992756,21908916075.16992
2002-09-25 00:00:00,3654.3696009587084,3847.3810096911643,3562.6051757100786,3729.3720703125,6056358,22586412373.01367
2002-09-26 00:00:00,3792.3230117275034,3902.4405834804365,3764.7936793822555,3857.96533203125,7595437,29302932627.62744
2002-09-27 00:00:00,3856.55826629616,4021.734256229898,3856.55826629616,3949.821533203125,6052007,23904347567.696045
2002-09-30 00:00:00,3608.48796823999,3847.3816279884004,3580.9586362412724,3674.252685546875,5320993,19550672820.026123
2002-10-01 00:00:00,3654.3701610217745,3810.67582360994,3617.6643852968523,3775.285400390625,3721281,14048897830.051025
2002-10-02 00:00:00,3893.264293663312,4003.3816274084757,3819.8524954612503,3986.55810546875,5110693,20374074603.712402
2002-10-03 00:00:00,3957.4990382287833,4141.028153166305,3865.734601945988,4004.941162109375,5317407,21295902169.988525
2002-10-04 00:00:00,3920.7932080753194,4058.4401029180826,3801.4992002286676,3821.228759765625,4159610,15894821361.408691
2002-10-07 00:00:00,3792.3232052793874,3957.49945015305,3718.6057752049123,3922.26171875,3177844,12464335869.359375
2002-10-08 00:00:00,3920.794272277683,4021.7351781542025,3736.959236676309,3793.669677734375,4199385,15931079539.632568
2002-10-09 00:00:00,3829.029098793576,3948.323124338564,3801.499764215185,3867.14208984375,6066142,23458633051.168945
2002-10-10 00:00:00,3819.8524954612503,4021.734516366003,3792.3231620249594,3986.55810546875,4148269,16537315405.614746
2002-10-11 00:00:00,4040.08734899658,4334.039926366191,4040.08734899658,4335.63037109375,4396124,19059968729.49414
2002-10-14 00:00:00,4343.215773603837,4352.392459577087,4113.498567824588,4179.4775390625,2677603,11190981597.026367
2002-10-15 00:00:00,4205.263240004747,4629.5517578125,4205.263240004747,4629.5517578125,4537573,21006929058.35254
2002-10-16 00:00:00,4592.815562002248,4638.758613800516,4434.98054352987,4508.39208984375,5164491,23283550372.46924
2002-10-17 00:00:00,4554.274700961569,4813.264618682395,4554.274700961569,4739.7919921875,4490421,21283661497.350586
2002-10-18 00:00:00,4737.804971914479,4783.993319280071,4563.45224973178,4710.275390625,3378516,15913740771.632812
2002-10-21 00:00:00,4693.848056787727,4850.031060251148,4629.551636959522,4785.7041015625,2417455,11569224308.842773
2002-10-22 00:00:00,4831.647635752016,4886.767855132785,4666.318485957785,4785.7041015625,3571353,17091438700.22754
2002-10-23 00:00:00,4776.529335055072,4859.209204203355,4462.5107421875,4462.5107421875,4799213,21416539566.5459
2002-10-24 00:00:00,4563.4504810637445,4730.614869671288,4554.2742806863625,4712.2314453125,3467073,16337650413.793945
2002-10-25 00:00:00,4627.6867993808755,4701.0983568691245,4545.098554834638,4664.392578125,3015631,14066086854.763672
2002-10-28 00:00:00,4693.848983010207,4813.265161039384,4611.199661234382,4675.49609375,1809062,8458262314.3515625
2002-10-29 00:00:00,4666.319450185706,4666.319450185706,4462.5103246312665,4471.68701171875,2270431,10152656813.703613
2002-10-30 00:00:00,4535.921557299141,4581.804019960663,4425.8042286041455,4491.783203125,2983219,13399972995.44336
2002-10-31 00:00:00,4480.863881867512,4657.113403047914,4407.452313202425,4601.9931640625,3064862,14104473972.794922
2002-11-01 00:00:00,4592.815209414072,4647.934942641981,4471.685973397666,4526.74462890625,4497217,20357752899.77588
2002-11-04 00:00:00,4592.816253877772,4804.088495762827,4592.816253877772,4748.96875,2684084,12746631038.375
2002-11-05 00:00:00,4666.318485957785,4831.647635752016,4666.318485957785,4785.7041015625,4354208,20837951084.65625
2002-11-06 00:00:00,4804.087932714361,4895.944470008352,4739.7919921875,4739.7919921875,6798269,32222380966.936523
2002-11-07 00:00:00,4721.40966796875,4859.209789647541,4647.937016784139,4721.40966796875,4386346,20709736411.456055
2002-11-08 00:00:00,4646.039199249216,4719.450749002871,4572.627649495561,4600.15673828125,3657374,16824493650.514648
2002-11-11 00:00:00,4618.51123046875,4627.687919748424,4471.6880799462315,4618.51123046875,2943691,13595469942.529785
2002-11-12 00:00:00,4609.333910008813,4664.392578125,4526.745665462576,4664.392578125,2486064,11595978470.34375
2002-11-13 00:00:00,4601.992613704349,4620.376042543428,4480.863345995364,4554.275390625,2107919,9600043627.13086
2002-11-14 00:00:00,4554.274137644928,4657.111564824974,4490.038798045512,4581.80322265625,3207157,14694562278.16455
2002-11-15 00:00:00,4664.392439608293,4756.15688374351,4572.627995473076,4646.03955078125,6012041,27932180266.918457
2002-11-18 00:00:00,4636.862094110298,4756.156094050946,4581.803436770881,4609.3330078125,2387950,11006856756.00586
2002-11-19 00:00:00,4609.333424372388,4646.039199249216,4563.4509634044225,4600.15673828125,3985283,18332926446.407715
2002-11-20 00:00:00,4618.509625719664,4646.039199249216,4572.627649495561,4600.15673828125,2323385,10687935163.371582
2002-11-21 00:00:00,4638.758768925475,4758.175418242738,4638.758768925475,4739.7919921875,5016645,23777853798.64746
2002-11-22 00:00:00,4739.79250231623,4877.561568909489,4739.79250231623,4813.26513671875,4465307,21492706507.84619
2002-11-25 00:00:00,4868.384881953798,4914.328424977064,4804.088449763059,4813.26513671875,15656772,75360194821.1543
2002-11-26 00:00:00,4877.561396833514,4960.241254141169,4840.825080928277,4895.94482421875,4820403,23600427118.498535
2002-11-27 00:00:00,4895.94482421875,4941.88836562117,4822.472192408278,4895.94482421875,5451159,26688573692.043457
2002-11-28 00:00:00,4905.12081174252,5033.743707376572,4840.824390984026,5006.18408203125,2898612,14510985254.384766
2002-11-29 00:00:00,4941.889592373674,5079.658688305747,4923.506160425016,5042.92236328125,1851647,9337712065.202637
2002-12-02 00:00:00,5042.919530700197,5189.895771859243,4914.326711163939,4987.7998046875,2507681,12507810802.018555
2002-12-03 00:00:00,4932.6807832558,4951.064209311038,4712.231880164228,4739.7919921875,5144242,24382637037.47461
2002-12-04 00:00:00,4710.273499479246,4737.803069715773,4581.803302777671,4655.21484375,4191723,19513371130.48828
2002-12-05 00:00:00,4703.0551606415975,4804.087898438933,4611.199108746824,4666.31884765625,3685775,17199001350.720215
2002-12-06 00:00:00,4646.039825643133,4728.627587878807,4517.569111509541,4682.74560546875,3191162,14943399831.838867
2002-12-09 00:00:00,4684.672920350829,4804.089114295019,4462.51087782509,4480.86376953125,4242838,19011579074.19043
2002-12-10 00:00:00,4517.56884765625,4629.552444720958,4453.333979085088,4517.56884765625,4646718,20991868480.643555
2002-12-11 00:00:00,4554.2743126476635,4684.671368708927,4462.5093997669655,4647.93505859375,4638053,21557369142.315918
2002-12-12 00:00:00,4638.759327278191,4675.496129691389,4499.216096197422,4535.921875,4060197,18416736389.109375
2002-12-13 00:00:00,4581.8041823412905,4581.8041823412905,4241.9696243930675,4372.3671875,4562495,19948903431.132812
2002-12-16 00:00:00,4343.215500769673,4638.7584801621915,4251.145197165873,4592.8154296875,3577924,16432744553.449219
2002-12-17 00:00:00,4647.936456794383,4647.936456794383,4407.452068742522,4462.5107421875,3074001,13717762483.995117
2002-12-18 00:00:00,4471.685902085565,4508.3916718392575,4288.156568573311,4344.80615234375,3006187,13061299772.6958
2002-12-19 00:00:00,4425.803818090642,4490.039162909876,4288.156927617334,4363.18994140625,2718452,11861122422.595703
2002-12-20 00:00:00,4315.687892544699,4453.334827445052,4315.687892544699,4427.48779296875,1689637,7480847192.04834
2002-12-23 00:00:00,4425.803730365418,4601.991630340456,4425.803730365418,4592.8154296875,1414884,6498301066.417969
2002-12-24 00:00:00,4581.803865990373,4638.758846490239,4545.0980909921955,4611.19921875,511123,2356889978.2851562
2002-12-25 00:00:00,4609.333439610939,4609.333439610939,4609.333439610939,4611.19921875,0,0.0
2002-12-26 00:00:00,4609.333439610939,4609.333439610939,4609.333439610939,4611.19921875,0,0.0
2002-12-27 00:00:00,4611.198613883005,4629.551498974682,4389.097729144761,4398.2744140625,678145,2982667802.524414
2002-12-30 00:00:00,4407.451406924092,4508.39253545465,4389.098518531617,4500.95947265625,564427,2540463052.272949
2002-12-31 00:00:00,4499.216235966791,4592.816411090602,4490.040033353043,4554.275390625,295251,1344654363.3574219
2003-01-01 00:00:00,4554.275390625,4554.275390625,4554.275390625,4554.275390625,0,0.0
2003-01-02 00:00:00,4563.450869627173,4675.495533558811,4499.215522540807,4666.31884765625,2556875,11931194003.601074
2003-01-03 00:00:00,4675.495135455133,4758.174979151272,4647.93502597515,4712.2314453125,2439257,11494343538.598633
2003-01-06 00:00:00,4701.097084494055,4746.979537877856,4545.097324681672,4627.685546875,2247062,10398696340.332031
2003-01-07 00:00:00,4517.5691259382165,4638.759471382507,4453.33425341019,4554.275390625,2334580,10632320241.445312
2003-01-08 00:00:00,4526.74528352764,4535.92148506749,4416.627956586192,4482.6064453125,2876642,12894853970.05664
2003-01-09 00:00:00,4471.687301974803,4508.393083219466,4343.2165828745365,4473.39990234375,2617361,11708502441.79834
2003-01-10 00:00:00,4526.7452034931075,4629.552106249089,4462.509854874364,4611.19921875,2896995,13358621080.722656
2003-01-13 00:00:00,4611.199839929681,4730.616022586528,4453.33425341019,4554.275390625,2951700,13442854670.507812
2003-01-14 00:00:00,4572.62841796875,4638.759610741565,4517.569261656436,4572.62841796875,2155634,9856913287.139648
2003-01-15 00:00:00,4554.275115491746,4629.552450220192,4453.333984375,4453.333984375,3005308,13383640249.914062
2003-01-16 00:00:00,4453.333479642396,4508.392139990218,4352.392359966131,4409.10302734375,2134690,9412068141.44043
2003-01-17 00:00:00,4407.451481172795,4407.451481172795,4288.157462240115,4335.63037109375,2900544,12575686659.09375
2003-01-20 00:00:00,4324.863012469646,4407.450755660321,4150.204482783336,4197.830078125,2435745,10224843623.642578
2003-01-21 00:00:00,4232.791760022436,4269.803400658238,4104.321574400593,4133.533203125,3465696,14325569487.9375
2003-01-22 00:00:00,4131.851197306695,4168.557454166314,4049.263452418078,4105.9736328125,3573966,14674610160.56836
2003-01-23 00:00:00,4141.028170089769,4177.733944752897,4012.557716396896,4041.677734375,4351058,17585574239.57422
2003-01-24 00:00:00,4040.0871655371957,4186.910753227078,3985.0285019324433,4060.061279296875,3701405,15027931119.49585
2003-01-27 00:00:00,4021.7338274005624,4095.1453706544994,3856.5578550792034,3995.764404296875,5445402,21758543478.68701
2003-01-28 00:00:00,4021.7345751318408,4104.32281901945,3911.617239777636,3958.998291015625,4256040,16849655086.49414
2003-01-29 00:00:00,3957.4993361674306,3994.2051134439275,3884.087781614436,3977.381591796875,5045538,20068029961.91162
2003-01-30 00:00:00,3994.2045518724767,4131.851197306695,3966.675222785633,4105.9736328125,4991166,20493595992.990234
2003-01-31 00:00:00,4021.7352513512096,4141.029293748464,4021.7352513512096,4096.798828125,2952652,12096421253.460938
2003-02-03 00:00:00,4241.968725417544,4370.744792891016,4232.7920406072235,4344.80615234375,3548366,15416962427.567383
2003-02-04 00:00:00,4232.791755793175,4334.038731510618,4232.791755793175,4234.56591796875,3381792,14320421144.859375
2003-02-05 00:00:00,4260.32205268578,4425.8039070965615,4177.733819792123,4409.10302734375,2333091,10286838591.168457
2003-02-06 00:00:00,4352.392404285349,4434.98063801998,4159.38097536335,4207.03759765625,3915076,16470871929.68164
2003-02-07 00:00:00,4205.262985569201,4352.391938965812,4141.027645671539,4280.509765625,2800650,11988209675.097656
2003-02-10 00:00:00,4278.980430294044,4379.921540946155,4168.557246102939,4216.21337890625,2760682,11639624383.305664
2003-02-11 00:00:00,4306.510785946865,4407.451926374064,4251.146240850187,4399.92724609375,3167292,13935854367.134766
2003-02-12 00:00:00,4370.746153287438,4480.863496822578,4334.040372109058,4436.66357421875,3140476,13933235474.908203
2003-02-13 00:00:00,4434.980341788276,4611.198777685179,4361.568314069974,4545.09765625,4779788,21724603236.171875
2003-02-14 00:00:00,4535.9209559724895,4601.991538328069,4407.450756192945,4416.62744140625,1302642,5753284403.52832
2003-02-17 00:00:00,4499.217181293501,4545.0996582343605,4453.335189096674,4519.34423828125,2363342,10680756050.788086
2003-02-18 00:00:00,4517.5687372789425,4545.0983122396,4453.333870277224,4500.95947265625,2901663,13060267566.306152
2003-02-19 00:00:00,4453.334533008297,4581.804770874154,4398.275859637215,4418.2802734375,2015505,8905065982.514648
2003-02-20 00:00:00,4389.099113127303,4517.569349278621,4389.099113127303,4445.84033203125,4539377,20181345348.89502
2003-02-21 00:00:00,4407.450931677124,4434.980503669321,4196.08662218858,4363.18994140625,3036307,13247984161.421387
2003-02-24 00:00:00,4324.863185188209,4389.098045263605,4324.863185188209,4363.18994140625,1773582,7738475142.65918
2003-02-25 00:00:00,4306.509016211582,4352.391466117163,4177.732961812705,4317.24560546875,2663418,11498629656.026367
2003-02-26 00:00:00,4343.2152540902325,4389.097708980534,4196.086300693621,4280.509765625,2092181,8955601201.955078
2003-02-27 00:00:00,4214.439790227407,4389.098338560279,4205.263588779377,4262.126953125,3936922,16779661368.550781
2003-02-28 00:00:00,4306.510861800906,4444.157785763582,4251.146315729047,4445.84033203125,2858057,12706465081.844238
2003-03-03 00:00:00,4462.509991785215,4545.098230436873,4389.098439536576,4455.046875,2658732,11844775688.0625
2003-03-04 00:00:00,4453.334006529727,4453.334006529727,4251.145869888398,4308.07080078125,2872755,12376031933.29834
2003-03-05 00:00:00,4251.1454102108,4315.6866303463685,4177.7338623328405,4207.03759765625,2608790,10975277614.389648
2003-03-06 00:00:00,4205.262985569201,4306.509484075511,4177.73341568626,4280.509765625,3325136,14233277120.03125
2003-03-07 00:00:00,4223.617429370116,4251.14652466931,4085.9704986422103,4188.65478515625,3395517,14222648530.129395
2003-03-10 00:00:00,4159.381057421333,4196.08683208446,4030.910603728459,4041.677734375,2610185,10549526597.09961
2003-03-11 00:00:00,4012.5584038474717,4186.911348112159,3994.205513371604,4142.71142578125,3301824,13678504010.71875
2003-03-12 00:00:00,4086.9046293651863,4114.440018340192,3784.012199083921,3785.3583984375,5933130,22459023474.521484
2003-03-13 00:00:00,3857.4410121980814,4114.440253296557,3857.4410121980814,4051.781494140625,5099386,20661597826.279785
2003-03-14 00:00:00,4178.691441847839,4298.3187364131445,4123.620160928725,4189.61376953125,5599919,23461497750.659668
2003-03-17 00:00:00,4132.797260426271,4573.6742924335185,4041.011818987301,4373.36767578125,3336488,14591688769.832031
2003-03-18 00:00:00,4390.102446052013,4509.423749340594,4307.4953153361075,4345.80078125,5424638,23574396058.398438
2003-03-19 00:00:00,4335.031063591125,4564.494878055187,4335.031063591125,4465.244140625,5248302,23434949753.73047
2003-03-20 00:00:00,4463.531060328535,4555.3169821492775,4417.638584272959,4501.9892578125,2833342,12755675247.708984
2003-03-21 00:00:00,4527.7813666601,4676.5658569493935,4527.7813666601,4658.17822265625,3987899,18576344275.952637
2003-03-24 00:00:00,4612.2539086023435,4621.432208793304,4445.173450730982,4491.06640625,4441723,19948072951.16797
2003-03-25 00:00:00,4426.817557032554,4472.710524904289,4316.675015966233,4428.50048828125,3635260,16098750685.029297
2003-03-26 00:00:00,4435.996518042585,4593.867693687336,4408.4606392716305,4500.24609375,3323772,14957791959.515625
2003-03-27 00:00:00,4491.068089761899,4518.603485511377,4435.996813408024,4456.0673828125,2445397,10896853809.72754
2003-03-28 00:00:00,4472.709999877305,4527.781263945951,4399.281647785777,4483.63232421875,3099941,13898995670.770996
2003-03-31 00:00:00,4435.996957356469,4435.996957356469,4242.941297971389,4364.18994140625,2696931,11769919142.8667
2003-04-01 00:00:00,4362.567960081269,4472.710997643941,4316.675472213833,4456.0673828125,2696492,12015750049.214844
2003-04-02 00:00:00,4481.890222361806,4639.822532695241,4481.890222361806,4582.8544921875,2998949,13743746896.49121
2003-04-03 00:00:00,4582.852766230584,4740.877139503849,4582.852766230584,4667.38720703125,3565977,16643795430.367676
2003-04-04 00:00:00,4667.387331443127,4841.933137933866,4648.999696121193,4786.80029296875,2974320,14237475847.382812
2003-04-07 00:00:00,4906.244607436817,5025.68812266278,4832.754668178633,4933.810546875,3761666,18559347384.621094
2003-04-08 00:00:00,4841.932648714859,4979.763777491775,4814.366229017556,4915.45263671875,4430036,21775632136.958984
2003-04-09 00:00:00,4897.065379564244,5089.998816709075,4796.009509949971,4979.76416015625,4627808,23045392418.484375
2003-04-10 00:00:00,4897.066017750406,5007.331234527801,4841.933651789159,4860.3212890625,3827147,18601164040.47168
2003-04-11 00:00:00,4915.453797379072,4943.020223585491,4750.056209850389,4768.44384765625,3482397,16605614549.746582
2003-04-14 00:00:00,4777.6220703125,4823.576128883109,4658.178560940055,4777.6220703125,4065028,19421167489.23828
2003-04-15 00:00:00,4832.753626450909,4988.942320066037,4814.365993884872,4970.5546875,4582598,22778053969.828125
2003-04-16 00:00:00,5025.687302150176,5062.432023352746,4869.498600367636,4887.88671875,3879259,18961378544.691406
2003-04-17 00:00:00,4860.320689771265,5007.330617109828,4832.75426776221,4924.6318359375,2372410,11683245813.896484
2003-04-18 00:00:00,4922.765144798025,4922.765144798025,4922.765144798025,4924.6318359375,0,0.0
2003-04-21 00:00:00,4922.765144798025,4922.765144798025,4922.765144798025,4924.6318359375,0,0.0
2003-04-22 00:00:00,4924.630845732271,4988.941978967339,4878.676797957192,4952.19677734375,2377095,11771842198.439941
2003-04-23 00:00:00,5034.89636236051,5135.952228832208,4979.764005298591,4998.12109375,3725005,18618026064.82422
2003-04-24 00:00:00,4970.556230039681,5071.6426641745375,4943.020348994313,4961.37744140625,2682065,13306736787.385254
2003-04-25 00:00:00,4943.019880496009,5007.331031990724,4897.065819673349,4933.810546875,3016430,14882494147.910156
2003-04-28 00:00:00,4906.245407598796,5099.208954556121,4869.500189549468,5053.25537109375,2607173,13174710965.620605
2003-04-29 00:00:00,5099.208977424725,5145.1325000854895,4988.944231484592,5025.68896484375,2452436,12325180542.185547
2003-04-30 00:00:00,5044.0742284272665,5080.818944477707,4988.941881427469,5016.5078125,3309710,16603186072.109375
2003-05-01 00:00:00,5016.509476001634,5016.509476001634,4924.632382484455,4943.02001953125,1580911,7814474722.097168
2003-05-02 00:00:00,4998.120620996188,5007.3299526320725,4915.452396649027,4970.5546875,2342296,11642510362.3125
2003-05-05 00:00:00,4968.6574507572805,4968.6574507572805,4968.6574507572805,4970.5546875,0,0.0
2003-05-06 00:00:00,5007.3310546875,5099.208146036851,4952.19820585147,5007.3310546875,3152465,15785435893.31543
2003-05-07 00:00:00,5007.3299526320725,5117.564110475422,4970.5546875,4970.5546875,2586275,12855221324.414062
2003-05-08 00:00:00,4970.554930260909,5007.330197189078,4906.243789487884,4915.45263671875,3284148,16143073945.97461
2003-05-09 00:00:00,4943.019902901281,5034.896994250631,4897.065841870324,5007.3310546875,2800734,14024202334.11914
2003-05-12 00:00:00,5016.508884055579,5034.896518932641,4943.019436256921,4979.76416015625,1777771,8852880310.765137
2003-05-13 00:00:00,4998.122172090558,5016.50981036293,4924.632710721942,4961.37744140625,3938065,19538226853.791504
2003-05-14 00:00:00,4933.809741362673,4952.197374890234,4860.320298957533,4887.88671875,4887366,23888891361.070312
2003-05-15 00:00:00,4897.065819673349,4952.198183404596,4860.321092471698,4933.810546875,2486041,12265655305.763672
2003-05-16 00:00:00,4979.764747766442,5025.68826402328,4906.244745437659,4943.02001953125,3400060,16806564647.607422
2003-05-19 00:00:00,4924.63244315848,4933.810746438312,4841.933651789159,4860.3212890625,3560187,17303652669.143555
2003-05-20 00:00:00,4860.320897603419,4897.065623331838,4814.3668386232275,4823.576171875,3694131,17818922267.384766
2003-05-21 00:00:00,4814.365797128555,4851.1410607576745,4740.876361569731,4805.18701171875,3781918,18172823252.98535
2003-05-22 00:00:00,4841.933612685446,4841.933612685446,4759.265367842535,4814.3671875,3025883,14567711828.414062
2003-05-23 00:00:00,4814.366893703873,4860.32095320982,4676.56629175423,4740.87744140625,3347941,15872177962.059082
2003-05-26 00:00:00,4738.888566738936,4738.888566738936,4738.888566738936,4740.87744140625,0,0.0
2003-05-27 00:00:00,4750.056209850389,4777.622636056808,4639.821535739289,4768.44384765625,3112890,14843641168.930664
2003-05-28 00:00:00,4805.188438246352,4897.066017750406,4805.188438246352,4860.3212890625,2978705,14477463325.336914
2003-05-29 00:00:00,4887.887516764762,4988.943395461129,4823.576365270047,4933.810546875,2033894,10034847668.425781
2003-05-30 00:00:00,4906.244390131773,4970.55553877805,4851.14208984375,4851.14208984375,2864300,13895126287.939453
2003-06-02 00:00:00,4952.198322698001,4988.9435357880875,4897.065957416013,4943.02001953125,2810426,13891991981.411133
2003-06-03 00:00:00,4878.6783203692175,5007.331172834884,4878.6783203692175,4943.02001953125,3515279,17376094471.237793
2003-06-04 00:00:00,4952.198322698001,5007.331172834884,4915.453594462809,4943.02001953125,3391461,16764059618.459473
2003-06-05 00:00:00,4970.555898741292,5025.68826402328,4906.244745437659,4943.02001953125,3906187,19308360541.032715
2003-06-06 00:00:00,4998.122172090558,5016.50981036293,4943.020348994313,4961.37744140625,4423314,21945730295.856445
2003-06-09 00:00:00,4924.6311824339555,5007.3299526320725,4924.6311824339555,4970.5546875,1833985,9115922738.554688
2003-06-10 00:00:00,4952.198652772818,5007.331506584425,4943.020348994313,4961.37744140625,2578181,12791329053.262207
2003-06-11 00:00:00,5062.432420909108,5292.141128988527,5062.432420909108,5264.57470703125,10528354,55427306175.07129
2003-06-12 00:00:00,5292.141660058234,5411.585177149615,5264.575235334649,5310.529296875,4397087,23350859334.408203
2003-06-13 00:00:00,5319.70759992693,5411.585177149615,5255.396932282719,5310.529296875,2281110,12113901484.394531
2003-06-16 00:00:00,5282.963256879979,5402.406782669763,5237.009191993051,5347.2744140625,1826734,9768047979.498047
2003-06-17 00:00:00,5402.404720982423,5466.715853622271,5356.451158487402,5384.01708984375,3732862,20097792802.02832
2003-06-18 00:00:00,5356.452444036255,5448.329530082957,5328.886021209225,5429.94189453125,3444431,18703060189.722168
2003-06-19 00:00:00,5448.32990492513,5448.32990492513,5292.141660058234,5310.529296875,2352396,12492467875.851562
2003-06-20 00:00:00,5328.886698668462,5365.631428587302,5273.754330860302,5356.453125,2751342,14737434453.84375
2003-06-23 00:00:00,5328.885791784552,5356.452213424764,5218.651135933139,5246.18701171875,2781173,14590553669.942871
2003-06-24 00:00:00,5209.4423828125,5273.753529288051,5181.875960670857,5209.4423828125,2726507,14203581122.83496
2003-06-25 00:00:00,5227.830017907033,5264.574742240941,5181.875960670857,5209.4423828125,2489884,12970907237.886719
2003-06-26 00:00:00,5191.085293573124,5218.651230859922,5163.518871431481,5209.4423828125,8582029,44707585603.12598
2003-06-27 00:00:00,5246.185706148362,5264.573336332463,5172.696277105954,5200.26220703125,3235159,16823675081.437012
2003-06-30 00:00:00,5191.083907290056,5264.573336332463,5154.308162067138,5200.26220703125,3661215,19039277996.315918
2003-07-01 00:00:00,5089.99853515625,5209.442033040578,5044.0750268586235,5089.99853515625,3511031,17871142646.888184
2003-07-02 00:00:00,5200.262673309035,5273.752593795577,5163.517955493143,5255.3955078125,3147121,16539365565.942383
2003-07-03 00:00:00,5301.319982369051,5310.529316167344,5145.131736934747,5181.87646484375,10825021,56093921551.339355
2003-07-04 00:00:00,5181.875642800804,5218.650910733976,5117.564500270269,5163.5185546875,1498335,7736680573.637695
2003-07-07 00:00:00,5200.263691701594,5264.57483936358,5172.69775390625,5172.69775390625,2697888,13955359197.890625
2003-07-08 00:00:00,5181.876564553546,5209.4429899077095,5117.565410583336,5145.1318359375,3763340,19362880443.45703
2003-07-09 00:00:00,5135.952967502162,5209.442908439883,5117.5653305523365,5154.31005859375,2437364,12562929781.654297
2003-07-10 00:00:00,5172.698261291664,5181.876564553546,5108.387107321454,5145.1318359375,2208232,11361644764.335938
2003-07-11 00:00:00,5117.564908605856,5200.263691701594,5117.564908605856,5172.69775390625,1940218,10036161290.688477
2003-07-14 00:00:00,5218.651180468213,5347.2734721773295,5172.697608530612,5292.14111328125,3126258,16544598492.524414
2003-07-15 00:00:00,5264.574691405791,5384.0181961564285,5264.574691405791,5292.14111328125,2886953,15278162663.410645
2003-07-16 00:00:00,5310.527656986226,5448.328222483598,5310.527656986226,5384.01708984375,5029698,27079979988.75293
2003-07-17 00:00:00,5328.886248220111,5384.018611367957,5255.396794594461,5301.31982421875,2548252,13509098844.705078
2003-07-18 00:00:00,5319.706635174194,5347.2730548984855,5264.574280580414,5282.9619140625,1362050,7195658275.048828
2003-07-21 00:00:00,5282.960966516565,5374.838510597789,5200.26220703125,5200.26220703125,2473379,12862219337.364746
2003-07-22 00:00:00,5218.651013201784,5338.064453125,5218.651013201784,5338.064453125,2041060,10895309832.695312
2003-07-23 00:00:00,5347.273300788343,5420.763231245905,5310.528577986973,5338.064453125,2015357,10758105562.05664
2003-07-24 00:00:00,5365.630324440667,5448.3291015625,5356.452022742089,5448.3291015625,4446587,24226469354.729492
2003-07-25 00:00:00,5411.585391451176,5429.942483136875,5347.274236405321,5393.19775390625,1359662,7332926044.47168
2003-07-28 00:00:00,5448.328212454876,5485.072928816002,5393.195864988923,5411.58349609375,1338208,7241824327.140625
2003-07-29 00:00:00,5411.585492808161,5485.074952645841,5356.453125,5356.453125,1522421,8154776723.015625
2003-07-30 00:00:00,5393.196963799842,5420.763385576575,5319.70703125,5319.70703125,1911082,10166396352.695312
2003-07-31 00:00:00,5319.7074837877335,5457.508573684297,5301.319847372403,5374.84033203125,2229489,11983147397.02002
2003-08-01 00:00:00,5384.0181961564285,5384.0181961564285,5292.14111328125,5292.14111328125,1632816,8641092684.023438
2003-08-04 00:00:00,5292.141018863965,5466.716879396067,5264.574597480319,5328.8857421875,3268857,17419365460.549805
2003-08-05 00:00:00,5264.576069623163,5282.963709353858,5044.076637314154,5071.64306640625,12193863,61842920736.657715
2003-08-06 00:00:00,5080.81987177029,5089.998658423406,4943.019282541926,4998.12109375,6586838,32921813948.914062
2003-08-07 00:00:00,5053.253457698118,5089.998176979234,4897.06476408299,4970.5546875,3713632,18458810945.25
2003-08-08 00:00:00,4979.763534281108,5071.641090264154,4961.375901715071,4970.5546875,2789733,13866520440.023438
2003-08-11 00:00:00,5025.6880473397405,5053.25447121965,4906.2445339039505,5044.07568359375,3085571,15563853651.10205
2003-08-12 00:00:00,2021.301404102078,5117.56447059222,5025.687392998671,5089.99853515625,1885074,9595023898.661133
2003-08-13 00:00:00,5081.265598284943,5081.265598284943,4970.9912109375,4970.9912109375,2669172,13268430552.480469
2003-08-14 00:00:00,4961.811427466168,5026.12821053957,4915.883891085135,4952.6318359375,3522797,17447116573.745117
2003-08-15 00:00:00,4952.6314639449365,5053.696669177027,4943.452358003051,5016.9482421875,2607781,13083102303.95996
2003-08-18 00:00:00,5062.876355933503,5072.086496359358,4998.5595703125,4998.5595703125,1516089,7578261180.395508
2003-08-19 00:00:00,5007.769512379573,5062.876155391936,4906.674235921435,4952.6318359375,3475226,17211514924.677734
2003-08-20 00:00:00,4952.632803060754,4970.991989703173,4823.9996966925155,4842.3583984375,5987649,28994342422.0459
2003-08-21 00:00:00,4842.357926979948,4961.811913294234,4842.357926979948,4925.06396484375,3603952,17749694126.226562
2003-08-22 00:00:00,4915.884463763796,5026.128796061205,4915.884463763796,4934.2431640625,8980024,44309622035.11719
2003-08-25 00:00:00,4932.37679398644,4932.37679398644,4932.37679398644,4934.2431640625,0,0.0
2003-08-26 00:00:00,183.58711720292425,4941.555790070165,183.58711720292425,4858.94140625,2270272,11031118624.25
2003-08-27 00:00:00,4897.495017967956,4934.242965623412,4842.357822217422,4860.7470703125,2848102,13843903452.451172
2003-08-28 00:00:00,4879.106350465806,4925.064444353658,4823.9996966925155,4842.3583984375,2795586,13537229345.654297
2003-08-29 00:00:00,4869.926259173611,4897.495099959108,4741.293165958661,4814.7890625,4029104,19399285870.875
2003-09-01 00:00:00,4851.568851989731,4860.748446818159,4768.862792493877,4796.431640625,3260600,15639245007.421875
2003-09-02 00:00:00,4796.431640625,4842.3591935154645,4722.904691060061,4796.431640625,4696102,22524532220.402344
2003-09-03 00:00:00,4842.357896335609,4915.884341306634,4768.86151500237,4787.22021484375,6059110,29006293875.961914
2003-09-04 00:00:00,4796.4300522177255,4796.4300522177255,4658.586827005921,4676.97607421875,5158906,24128079931.143555
2003-09-05 00:00:00,4704.543683648711,4814.787988772952,4695.334029682135,4805.6083984375,4218841,20274097741.27246
2003-09-08 00:00:00,4823.998342168775,4943.452306571927,4787.219367031816,4879.10498046875,4465066,21785525758.72168
2003-09-09 00:00:00,4897.494619329954,4915.883865928215,4860.746674665645,4869.92578125,3545461,17266131930.316406
2003-09-10 00:00:00,4860.746067712459,4879.104763486087,4805.6083984375,4805.6083984375,4186368,20118045219.75
2003-09-11 00:00:00,4805.6083984375,4851.566477377007,4796.429292999324,4805.6083984375,3873083,18612520192.645508
2003-09-12 00:00:00,4833.177233074979,4869.925173150635,4787.219154135472,4805.6083984375,3118036,14984059988.230469
2003-09-15 00:00:00,4842.357038758847,4915.883470708411,4842.357038758847,4879.10498046875,2345565,11444257873.513184
2003-09-16 00:00:00,4879.105966094528,4952.632412897134,4879.105966094528,4934.2431640625,2085163,10288701278.706055
2003-09-17 00:00:00,45.896721332859094,4996.6338218587525,45.896721332859094,4950.73681640625,3277587,16226470629.874512
2003-09-18 00:00:00,4970.991215896815,5007.769710738355,4943.452925117352,4998.5595703125,3489838,17444163133.740234
2003-09-19 00:00:00,4998.559565325681,5026.128404611221,4925.063672783087,4970.9912109375,6235809,30998151732.08496
2003-09-22 00:00:00,4952.632721553962,4980.201564704786,4860.747568726208,4943.45361328125,4031116,19927634955.75586
2003-09-23 00:00:00,4970.9912109375,5016.948812728106,4961.811619054384,4970.9912109375,4243273,21093272788.6084
2003-09-24 00:00:00,5007.770594847599,5026.129296975971,4943.453797871628,4961.8125,2331903,11570465454.1875
2003-09-25 00:00:00,4915.884273436681,4943.453113801988,4833.178237238136,4888.31591796875,3107075,15188364180.822754
2003-09-26 00:00:00,4888.316492325352,4897.495600749127,4787.2207112284395,4842.3583984375,2879091,13941590483.71582
2003-09-29 00:00:00,4869.926966288194,4879.10656000363,4750.472963213667,4759.68310546875,2334267,11110371203.553223
2003-09-30 00:00:00,4814.788750897319,4814.788750897319,4658.586827005921,4676.97607421875,2860037,13376324620.380371
2003-10-01 00:00:00,4713.72386257886,4869.92578125,4676.97591791455,4869.92578125,4905354,23888709910.757812
2003-10-02 00:00:00,4906.674726289737,4980.201171875,4860.74718531875,4980.201171875,5755958,28665828776.86328
2003-10-03 00:00:00,4970.993069939299,5035.339943196122,4943.454768888813,4989.38232421875,6797571,33915680595.021973
2003-10-06 00:00:00,4989.380265687205,4989.380265687205,4906.674235921435,4952.6318359375,2875350,14240549949.46289
2003-10-07 00:00:00,4961.811427466168,4970.991018994837,4897.4946443927665,4952.6318359375,3696107,18305457197.231445
2003-10-08 00:00:00,4961.812005495183,5053.697637493889,4925.064056361845,4934.2431640625,3690452,18209587553.30078
2003-10-09 00:00:00,4970.991515790896,5044.517961376159,4915.884382373841,4980.201171875,2143934,10677222619.222656
2003-10-10 00:00:00,4998.5614346372195,5026.130284232679,4925.065514609362,4989.38232421875,2001609,9986792564.597168
2003-10-13 00:00:00,4989.380868203167,5053.697659043443,4980.201275565974,5044.51806640625,2487816,12549832757.894531
2003-10-14 00:00:00,5062.876355933503,5090.445195246547,4961.811624004541,4998.5595703125,2844396,14217882847.558594
2003-10-15 00:00:00,5035.339541302067,5118.015050047212,5016.950288490348,5053.69873046875,3818066,19295355297.0459
2003-10-16 00:00:00,5016.950103335702,5099.656157571048,5007.770993988623,5035.33935546875,3356396,16900592871.33789
2003-10-17 00:00:00,5062.876661370908,5081.265909901079,4970.991515790896,4980.201171875,2518462,12542447403.722656
2003-10-20 00:00:00,4970.99200711702,5044.518459969538,4952.6328204102865,5007.7705078125,1556063,7792406399.698242
2003-10-21 00:00:00,5026.128712845988,5062.876661370908,4970.991515790896,4980.201171875,2129815,10606907158.876953
2003-10-22 00:00:00,4989.380240154169,5016.948593336786,4823.998730001336,4869.92578125,8419255,41001146983.41797
2003-10-23 00:00:00,4741.293650776358,4879.106350465806,4741.293650776358,4842.3583984375,5628529,27255354673.999023
2003-10-24 00:00:00,4851.568055399612,4869.926757144597,4796.430853087984,4842.3583984375,1242469,6016480196.948242
2003-10-27 00:00:00,4823.9981276368035,4860.746067712459,4778.040048697297,4805.6083984375,1784075,8573565803.442383
2003-10-28 00:00:00,4833.179104301701,4842.358698191149,4704.545505073299,4768.8623046875,5431980,25904364661.816406
2003-10-29 00:00:00,4796.430657089787,4823.999499567762,4704.545021607174,4741.29345703125,3155887,14962986384.22998
2003-10-30 00:00:00,4759.683199277995,4869.927062270251,4704.545508614278,4851.568359375,6431480,31202764871.953125
2003-10-31 00:00:00,4842.357325662564,4860.746571871935,4805.608896878064,4833.177734375,4148819,20051979614.751953
2003-11-03 00:00:00,4787.2204199515945,4823.999403177866,4667.796977811748,4732.11376953125,4987935,23603475895.026855
2003-11-04 00:00:00,4741.293650776358,4860.747648720821,4722.9039155956025,4842.3583984375,3640607,17629123881.86035
2003-11-05 00:00:00,4842.358200562549,4851.567857148323,4722.903722601961,4741.29345703125,2688959,12749143712.925293
2003-11-06 00:00:00,4796.43074442031,4796.43074442031,4686.155857398004,4722.90380859375,4553785,21507088520.01709
2003-11-07 00:00:00,4722.903722601961,4814.789358084574,4722.903722601961,4741.29345703125,4210007,19960878643.15576
2003-11-10 00:00:00,4713.724709604677,4787.220612140031,4713.724709604677,4778.04150390625,2427196,11597243226.115234
2003-11-11 00:00:00,4759.68310546875,4778.041808002167,4713.725009607185,4759.68310546875,2332647,11102660516.922363
2003-11-12 00:00:00,4768.862308276888,4851.568359375,4750.473056841388,4851.568359375,2934858,14238664212.058594
2003-11-13 00:00:00,4906.674610196833,4934.242965623412,4860.7470703125,4860.7470703125,6788755,32998420977.319336
2003-11-14 00:00:00,4869.927062270251,4934.243861932861,4842.358701835857,4851.568359375,4299387,20858769933.908203
2003-11-17 00:00:00,4833.178310902941,4833.178310902941,4768.861521846774,4814.7890625,2260388,10883291419.40625
2003-11-18 00:00:00,4833.177734375,4860.746571871935,4805.608896878064,4833.177734375,2567581,12409575320.404297
2003-11-19 00:00:00,4805.609470117443,4851.567559305882,4787.220221714502,4814.7890625,2746340,13223047793.90625
2003-11-20 00:00:00,4860.747144712158,4860.747144712158,4722.903425879892,4787.22021484375,1992225,9537219792.51709
2003-11-21 00:00:00,4796.431059075232,4796.431059075232,4722.904118425166,4759.68310546875,2238792,10655940459.058594
2003-11-24 00:00:00,4768.862308276888,4869.927062270251,4768.862308276888,4851.568359375,1709659,8294527509.720703
2003-11-25 00:00:00,4879.10498046875,4925.063061452096,4860.746283878678,4879.10498046875,4022867,19627990415.46338
2003-11-26 00:00:00,4925.0645472042825,5007.770594847599,4879.106452356684,4961.8125,4590183,22775627386.6875
2003-11-27 00:00:00,4970.992093512908,5007.770594847599,4934.243655819747,4961.8125,2335897,11590282933.3125
2003-11-28 00:00:00,4980.201750667346,5007.770594847599,4915.884953691375,4961.8125,2361701,11718317543.0625
2003-12-01 00:00:00,5007.770117116214,5072.08690795649,4998.559975942962,5044.51806640625,3010320,15185613625.664062
2003-12-02 00:00:00,4989.380265687205,5099.654648776672,4915.883891085135,4952.6318359375,5177176,25640646677.851562
2003-12-03 00:00:00,4952.633483757016,5044.5191356232635,4943.454374071652,5026.1298828125,3609208,18140348182.085938
2003-12-04 00:00:00,5016.9482421875,5035.33748749865,4952.6314639449365,5016.9482421875,2167379,10873628264.204102
2003-12-05 00:00:00,5007.771178544272,5035.339541040399,4970.9926729227445,5026.1298828125,2334833,11735173912.676758
2003-12-08 00:00:00,4980.201750667346,4970.992093512908,4906.675296536937,4961.8125,2573966,12771536673.375
2003-12-09 00:00:00,4989.381157874924,5016.94951612832,4925.064363300566,4943.45361328125,2780449,13745020655.594238
2003-12-10 00:00:00,4888.3169844022195,4925.064940129717,4851.56854377724,4897.49609375,3246994,15902140431.429688
2003-12-11 00:00:00,4851.567478083623,4925.063858291911,4823.999122657045,4860.7470703125,3451527,16776999753.354492
2003-12-12 00:00:00,4897.49609375,4925.064940129717,4869.927247370283,4897.49609375,2930063,14349972096.941406
2003-12-15 00:00:00,4952.63232086676,4980.201161787156,4906.674716350828,4925.06396484375,2052244,10107432971.466797
2003-12-16 00:00:00,4897.494225588581,4925.063061452096,4869.925389725065,4879.10498046875,2954787,14416715967.924316
2003-12-17 00:00:00,4906.675113319881,4952.632721553962,4851.5679755560695,4943.45361328125,2939907,14533293881.86084
2003-12-18 00:00:00,4943.453711954356,5007.7705078125,4925.064461606616,5007.7705078125,3205495,16052383323.94043
2003-12-19 00:00:00,4989.380265687205,4998.559372318534,4925.063482613803,4952.6318359375,2078563,10294357286.801758
2003-12-22 00:00:00,4952.63233089876,4989.380764321068,4925.063974819909,4980.201171875,1286800,6408522867.96875
2003-12-23 00:00:00,5016.950103335702,5035.33935546875,4970.9924897225255,5035.33935546875,1468568,7394738246.582031
2003-12-24 00:00:00,5016.94922485601,5053.697659043443,5007.770117116214,5044.51806640625,439694,2218044326.6904297
2003-12-25 00:00:00,5042.529017280595,5042.529017280595,5042.529017280595,5044.51806640625,0,0.0
2003-12-26 00:00:00,5042.529017280595,5042.529017280595,5042.529017280595,5044.51806640625,0,0.0
2003-12-29 00:00:00,4989.381741855575,5044.5189497133115,4989.381741855575,5035.33935546875,728526,3668375639.2822266
2003-12-30 00:00:00,5035.33935546875,5062.877653304951,4998.560851202653,5035.33935546875,1019430,5133175999.145508
2003-12-31 00:00:00,5035.33935546875,5062.877653304951,5026.1296975802625,5035.33935546875,248381,1250682624.4506836
2004-01-01 00:00:00,5033.350790892291,5033.350790892291,5033.350790892291,5035.33935546875,0,0.0
2004-01-02 00:00:00,5062.877839891492,5099.656345513019,4998.561035418872,5026.1298828125,1410234,7088019249.158203
2004-01-05 00:00:00,5044.519135885408,5081.26709296631,4998.561035678629,5053.69873046875,2606216,13171030490.527344
2004-01-06 00:00:00,5044.516805490213,5108.833580254013,5016.947970831016,5090.4443359375,2934008,14935404405.195312
2004-01-07 00:00:00,5118.015049781247,5118.015049781247,5026.1298828125,5026.1298828125,2196753,11041165898.458008
2004-01-08 00:00:00,5053.69873046875,5090.446687549652,5044.519135885408,5053.69873046875,2251038,11376067882.836914
2004-01-09 00:00:00,5053.696795592399,5154.761033557949,5053.696795592399,5108.833984375,4046226,20671496897.26172
2004-01-12 00:00:00,5108.833984375,5136.402336317642,5072.086041363546,5108.833984375,2373953,12128131763.708984
2004-01-13 00:00:00,5127.2236328125,5163.971578709952,5090.445138381809,5127.2236328125,2576440,13209984056.523438
2004-01-14 00:00:00,5099.654532778922,5265.03604001629,5081.2652865048385,5255.85693359375,4124669,21678670162.4292
2004-01-15 00:00:00,5228.2880959998,5265.03604001629,5209.898849725718,5255.85693359375,3193245,16783238873.913574
2004-01-16 00:00:00,5246.647372790132,5283.425869397368,5209.8994247179435,5265.03662109375,3051169,16064516522.145996
2004-01-19 00:00:00,5265.037199542723,5265.037199542723,5191.541295323639,5246.64794921875,2410125,12645077388.61084
2004-01-20 00:00:00,5145.5830078125,5255.857893429604,5136.403414816235,5145.5830078125,2582007,13285931345.25293
2004-01-21 00:00:00,5090.445802452118,5145.583002757799,5062.87695985057,5118.01416015625,3855571,19732866973.487793
2004-01-22 00:00:00,5145.584293480381,5182.332253389648,5099.65673828125,5099.65673828125,2539739,12951797104.825684
2004-01-23 00:00:00,5118.014956552761,5136.404209028549,5053.698638149211,5072.087890625,3026784,15352114473.9375
2004-01-26 00:00:00,5108.833580254013,5108.833580254013,5035.3372151475305,5090.4443359375,2558403,13023408060.395508
2004-01-27 00:00:00,5062.876766783238,5127.224106159573,5035.338473769058,5044.51806640625,3608698,18204142257.2041
2004-01-28 00:00:00,5007.769261512135,5136.402336317642,5007.769261512135,5108.833984375,2328707,11896977461.251953
2004-01-29 00:00:00,5044.5191356232635,5044.5191356232635,5007.771178544272,5026.1298828125,2619950,13168208986.47461
2004-01-30 00:00:00,4989.380265687205,5035.33786570327,4952.6318359375,4952.6318359375,4230710,20953149034.61914
2004-02-02 00:00:00,4934.242976946256,5007.76990585797,4879.105781069196,4915.88427734375,2667390,13112580562.543945
2004-02-03 00:00:00,4897.494833497547,4970.9912109375,4860.74688722625,4970.9912109375,4679746,23262976235.41992
2004-02-04 00:00:00,4952.632032112268,5016.94881773327,4925.063677696582,4998.5595703125,3601863,18004126769.604492
2004-02-05 00:00:00,4998.559954628521,5007.770095762501,4925.064056361845,4934.2431640625,2729490,13467967373.876953
2004-02-06 00:00:00,4970.99200711702,5035.338866616171,4998.560365920691,5007.7705078125,1890734,9468361963.31836
2004-02-09 00:00:00,5035.33748749865,5081.265020430063,4980.200300095275,5016.9482421875,2528892,12687320274.082031
2004-02-10 00:00:00,5016.94912039992,5026.128712845988,4952.63233089876,4980.201171875,2973779,14810017660.697266
2004-02-11 00:00:00,5007.771578498202,5007.771578498202,4952.633879307283,4989.38232421875,2948087,14709133168.059082
2004-02-12 00:00:00,4989.380844040289,4989.380844040289,4879.105963270772,4906.6748046875,4108948,20161271625.371094
2004-02-13 00:00:00,4952.6318359375,4980.2006741585365,4915.883891085135,4952.6318359375,2545629,12607563227.885742
2004-02-16 00:00:00,4980.201750667346,4980.201750667346,4897.495703024029,4961.8125,2037174,10108075417.875
2004-02-17 00:00:00,5026.1290024824375,5081.266202714873,4970.9918022500015,5062.876953125,6267365,31730897815.322266
2004-02-18 00:00:00,5072.086496359358,5090.445195246547,4998.5595703125,4998.5595703125,3999820,19993338540.527344
2004-02-19 00:00:00,5108.835166039954,5320.174315350408,5062.87707279882,5292.60595703125,8804364,46598029354.271484
2004-02-20 00:00:00,5283.425369750262,5338.532497276989,5209.8989320241435,5237.46728515625,5607407,29368610717.056152
2004-02-23 00:00:00,5255.858091098656,5301.785151652264,5219.109654091679,5246.64794921875,2531190,13280262822.583008
2004-02-24 00:00:00,5237.467202422339,5292.60487761024,5228.2880959998,5255.85693359375,2790579,14666883985.891113
2004-02-25 00:00:00,5228.289068979694,5283.42626953125,5209.899819283389,5283.42626953125,2675013,14133233955.537598
2004-02-26 00:00:00,5265.037019834945,5301.784970690194,5246.647770138639,5283.42626953125,3110694,16435122396.073242
2004-02-27 00:00:00,5301.784558322569,5329.353398902778,5209.8994140625,5209.8994140625,4577987,23850851788.885742
2004-03-01 00:00:00,5246.647863790116,5347.743158566992,5246.647863790116,5292.60595703125,1849836,9790453033.13086
2004-03-02 00:00:00,5347.743063110986,5356.922656139168,5228.289068979694,5283.42626953125,2379006,12569302795.77246
2004-03-03 00:00:00,5246.646610566112,5338.5322265625,5246.646610566112,5338.5322265625,2931216,15648391079.015625
2004-03-04 00:00:00,5338.533694906646,5421.239742651649,5329.3541013824515,5393.6708984375,2228548,12020054493.371094
2004-03-05 00:00:00,5384.490321550299,5412.059160729585,5329.353128089085,5366.10107421875,3477708,18661732634.61914
2004-03-08 00:00:00,5366.102054223351,5430.4188512783985,5356.922945596601,5393.6708984375,1325325,7148366883.47168
2004-03-09 00:00:00,5375.312196286556,5430.4188512783985,5347.743352072407,5393.6708984375,2752303,14845016594.782227
2004-03-10 00:00:00,5284.495980277708,5312.070404737574,5210.9546434713975,5302.8583984375,4572325,24246392026.635742
2004-03-11 00:00:00,5256.923022674681,5256.923022674681,5128.263367640627,5137.4443359375,5702388,29295700931.91797
2004-03-12 00:00:00,5119.050853266176,5220.1666234163185,5155.806247537446,5174.19970703125,2870053,14850227391.76416
2004-03-15 00:00:00,5192.593851742329,5201.774821200103,5054.72265625,5054.72265625,2723975,13768938147.558594
2004-03-16 00:00:00,5073.114993416157,5174.200218840135,5054.7220170986375,5137.4443359375,2137106,10979263114.998047
2004-03-17 00:00:00,5137.444286306826,5229.348542546082,5100.688888754954,5210.95556640625,2971460,15484146027.353516
2004-03-18 00:00:00,5210.9554297324885,5220.16695242686,5109.870207936331,5128.26318359375,2667092,13677549710.857422
2004-03-19 00:00:00,5174.2000331446425,5183.381001112023,5091.477232278913,5128.26318359375,2780856,14260961443.675781
2004-03-22 00:00:00,5091.475884125674,5119.0498204492715,5036.357596206304,5082.29443359375,2851454,14491928791.848633
2004-03-23 00:00:00,5100.6887835521975,5137.444180345982,5063.90283203125,5063.90283203125,2602660,13179617344.814453
2004-03-24 00:00:00,5073.114372961921,5091.476792305583,4981.21012707493,5027.14697265625,2450383,12318435480.29834
2004-03-25 00:00:00,5036.357596206304,5082.29443359375,5017.964625419093,5082.29443359375,1787845,9086354691.628418
2004-03-26 00:00:00,5109.868854912886,5119.0498204492715,5045.5390467382285,5082.29443359375,2165014,11003238600.85254
2004-03-29 00:00:00,5109.870577317687,5165.0189535495065,5073.115178072873,5146.6259765625,2141489,11021442915.922852
2004-03-30 00:00:00,5146.625789230058,5155.8067575269315,5091.477415005588,5137.4443359375,1692191,8693537068.274414
2004-03-31 00:00:00,5128.2641048080795,5146.626529037036,5073.11572265625,5073.11572265625,2319271,11765930175.200684
2004-04-01 00:00:00,5091.477232278913,5155.806572491558,5073.114811348485,5128.26318359375,2261212,11596090249.90039
2004-04-02 00:00:00,5165.018831755211,5210.95568354356,5174.2002851654615,5192.59326171875,2674396,13887050648.767578
2004-04-05 00:00:00,5192.593384163268,5201.77435279432,5109.870577317687,5146.6259765625,2683425,13810584811.157227
2004-04-06 00:00:00,5146.624697712764,5183.38008782448,5119.050273950784,5155.8056640625,1908369,9839179699.32129
2004-04-07 00:00:00,5146.623054155255,5183.37843252926,5109.86767578125,5109.86767578125,1923250,9827553007.44629
2004-04-08 00:00:00,5174.199518455998,5183.380485510128,5128.262673474541,5165.01806640625,1682667,8691005454.745605
2004-04-09 00:00:00,5162.906395484238,5162.906395484238,5162.906395484238,5165.01806640625,0,0.0
2004-04-12 00:00:00,5162.906395484238,5162.906395484238,5162.906395484238,5165.01806640625,0,0.0
2004-04-13 00:00:00,5201.774324543364,5201.774324543364,5146.625948611057,5183.38134765625,1580717,8193459013.723145
2004-04-14 00:00:00,5174.199121474743,5183.38008782448,5119.050273950784,5155.8056640625,2036824,10501468715.898438
2004-04-15 00:00:00,5155.806572491558,5165.018580181596,5091.477232278913,5128.26318359375,1456651,7470089694.64502
2004-04-16 00:00:00,5137.441605742003,5155.80401757308,5100.686227367998,5109.86767578125,2165742,11066655039.881836
2004-04-19 00:00:00,5137.443827764344,5183.380674419983,5091.476911379275,5174.19970703125,2447440,12663543330.976562
2004-04-20 00:00:00,5201.773211598235,5293.677451908069,5183.380238646389,5266.10302734375,4495624,23674419156.19922
2004-04-21 00:00:00,5229.34912109375,5275.285976931694,5192.593719475453,5229.34912109375,3215981,16817487415.8042
2004-04-22 00:00:00,5256.9227356631,5275.28515625,5201.773879453902,5275.28515625,1651008,8709537995.25
2004-04-23 00:00:00,5293.67735763505,5358.00717223494,5247.7099609375,5247.7099609375,2262303,11871909987.75879
2004-04-26 00:00:00,5275.285247026426,5339.6150721382255,5238.529365498058,5293.67822265625,3723665,19711884318.967285
2004-04-27 00:00:00,5293.67822265625,5321.25216623968,5266.103794077154,5293.67822265625,2030026,10746304427.625977
2004-04-28 00:00:00,5266.103234241428,5302.858626866691,5238.52880859375,5238.52880859375,2471419,12946599629.605957
2004-04-29 00:00:00,5256.923553488133,5302.859924330343,5201.774688699368,5229.34912109375,2924386,15292635358.838867
2004-04-30 00:00:00,5220.167301430478,5229.348755007368,5183.38134765625,5183.38134765625,2353371,12198419345.515137
2004-05-03 00:00:00,5181.269676383006,5181.269676383006,5181.269676383006,5183.38134765625,0,0.0
2004-05-04 00:00:00,5201.773211598235,5302.8584185249465,5183.380238646389,5266.10302734375,3871620,20388349802.72461
2004-05-05 00:00:00,5082.294769449252,5091.476220587919,4962.816595736334,4971.998046875,35143518,174733502856.3164
2004-05-06 00:00:00,5017.965520486606,5063.902366067927,4981.21012707493,5027.14697265625,18821406,94617974194.03418
2004-05-07 00:00:00,5054.721491400172,5082.295433146835,5017.965612320204,5045.5400390625,7751144,39108707400.53906
2004-05-10 00:00:00,4999.572173480666,5036.358118872683,4962.81678281072,5008.7841796875,6454693,32330164183.13965
2004-05-11 00:00:00,5054.721835691067,5128.26318359375,5017.965954107554,5128.26318359375,5121666,26265251186.463867
2004-05-12 00:00:00,5128.260642324178,5155.80401757308,5100.686227367998,5109.86767578125,4360064,22279350097.9375
2004-05-13 00:00:00,5137.444522935746,5155.806945193553,5082.296146703926,5146.6259765625,5332368,27443703665.390625
2004-05-14 00:00:00,5128.263766549714,5146.626189567492,5082.29635704648,5119.0517578125,4785148,24495420280.79297
2004-05-17 00:00:00,5073.1156348932445,5082.296604351019,5017.966768699716,5054.72265625,4695341,23733646531.51953
2004-05-18 00:00:00,5082.294623344032,5109.869045692673,5027.146263642304,5091.47607421875,2456867,12509079548.037598
2004-05-19 00:00:00,5063.901911422405,5165.017670129426,5063.901911422405,5155.8056640625,3400740,17533554554.003906
2004-05-20 00:00:00,5155.80715857852,5155.80715857852,5109.8707888014715,5119.0517578125,2299446,11770983088.294922
2004-05-21 00:00:00,5137.4443359375,5165.0187655475775,5082.29596171303,5137.4443359375,2502116,12854481672.058594
2004-05-24 00:00:00,5128.263885519688,5174.200741358141,5091.4779291698105,5100.689453125,1799185,9177083953.720703
2004-05-25 00:00:00,5109.870907344749,5109.870907344749,5063.903496775122,5100.689453125,2503224,12768168255.609375
2004-05-26 00:00:00,5155.807498653637,5165.019507998472,5036.359834470104,5073.11572265625,2748500,13943458563.720703
2004-05-27 00:00:00,5063.903713311415,5119.052095463244,5063.903713311415,5073.11572265625,2390053,12125015452.281738
2004-05-28 00:00:00,5109.869668853541,5128.262642570531,4999.572451003519,5036.3583984375,3189066,16061279332.271484
2004-05-31 00:00:00,5033.7573669523135,5033.7573669523135,5033.7573669523135,5036.3583984375,0,0.0
2004-06-01 00:00:00,5073.114088037961,5073.114088037961,4990.391298966617,4999.572265625,1755796,8778228985.695312
2004-06-02 00:00:00,5036.358586724827,5100.688407551458,5027.147064657877,5045.5400390625,2984229,15057046905.231445
2004-06-03 00:00:00,5073.114839772903,5073.114839772903,4999.573006462502,5063.90283203125,2011278,10184916360.202148
2004-06-04 00:00:00,5054.722743694813,5100.689671234288,5027.148310121022,5073.11572265625,2336031,11850955594.712402
2004-06-07 00:00:00,5082.296474950061,5155.80727818747,5082.296474950061,5100.689453125,2143019,10930874411.146484
2004-06-08 00:00:00,5128.263367640627,5183.381187137008,5128.263367640627,5137.4443359375,3319274,17052585410.72461
2004-06-09 00:00:00,5091.47607421875,5146.624433920478,5063.901651870108,5091.47607421875,4167488,21218665441.59375
2004-06-10 00:00:00,5119.051876568766,5146.626308963453,5091.4779291698105,5100.689453125,2715064,13848698309.359375
2004-06-11 00:00:00,5100.687404380961,5109.868854912886,5063.901462806539,5082.29443359375,1007522,5120523452.323242
2004-06-14 00:00:00,5100.688407551458,5100.688407551458,5027.147064657877,5045.5400390625,2646330,13352163971.572266
2004-06-15 00:00:00,5036.358586724827,5082.295433146835,5017.965612320204,5045.5400390625,2819833,14227580304.969727
2004-06-16 00:00:00,5036.357596206304,5128.261825700097,5036.357596206304,5082.29443359375,2742923,13940342294.67627
2004-06-17 00:00:00,5073.113657464869,5128.262017166596,5063.901651870108,5091.47607421875,2914941,14841352359.259277
2004-06-18 00:00:00,5082.296692272851,5128.2641048080795,5073.11572265625,5073.11572265625,3019172,15316608942.603516
2004-06-21 00:00:00,5109.870236566688,5109.870236566688,5036.358957983449,5063.90283203125,2338080,11839809933.515625
2004-06-22 00:00:00,5045.53966334898,5054.721115002962,4971.998325931617,4999.572265625,5228013,26137828799.126953
2004-06-23 00:00:00,5017.964957023461,5027.146408162126,4962.816595736334,4971.998046875,3132212,15573351946.398438
2004-06-24 00:00:00,5017.964573129308,5027.146023565557,4916.879379152489,4953.634765625,6132437,30377853121.20508
2004-06-25 00:00:00,4926.061616310733,4971.998460555887,4916.88016440815,4944.45458984375,3631821,17957374012.940918
2004-06-28 00:00:00,4935.242449588655,5036.358211694999,4916.8800312762905,4999.572265625,3021154,15104477748.582031
2004-06-29 00:00:00,4981.209982186321,4981.209982186321,4889.306223968162,4944.45458984375,5149467,25461305743.398926
2004-06-30 00:00:00,4935.24321598526,4962.817644956288,4861.732421875,4861.732421875,4758650,23135282989.35547
2004-07-01 00:00:00,4889.306285154524,4926.061677957064,4806.5830078125,4806.5830078125,4966458,23871692631.814453
2004-07-02 00:00:00,4824.976466571309,4852.550407356367,4760.646647988095,4806.5830078125,5252241,25245332343.536133
2004-07-05 00:00:00,4806.583683410751,4852.551089415652,4788.190707062301,4815.76513671875,1945613,9369615254.946777
2004-07-06 00:00:00,4834.158354988454,4843.339808755931,4733.073124335757,4751.435546875,5527002,26261193770.44922
2004-07-07 00:00:00,4760.646901371625,4815.764716147137,4696.28652463901,4705.498046875,4219941,19856924133.427734
2004-07-08 00:00:00,4696.286961186141,4788.190733988943,4779.009765625,4779.009765625,5257710,25126647434.82422
2004-07-09 00:00:00,4769.82761500996,4806.5830078125,4733.07222220742,4806.5830078125,3079414,14801459006.419922
2004-07-12 00:00:00,4797.402275513987,4843.339122581569,4733.072453783295,4742.25390625,2564223,12160196538.246094
2004-07-13 00:00:00,4779.009765625,4797.402742076885,4742.254367449541,4779.009765625,2509699,11993876029.779297
2004-07-14 00:00:00,4769.828312265369,4788.190733988943,4705.498484278394,4779.009765625,3495386,16704483828.628906
2004-07-15 00:00:00,4769.827492005888,4779.0089437866,4659.53076171875,4659.53076171875,4177984,19467444969.96875
2004-07-16 00:00:00,4677.924128333951,4696.286548443707,4631.956726110486,4668.74267578125,3834903,17904175293.581543
2004-07-19 00:00:00,4668.743564273184,4723.861389817355,4641.169131637509,4650.3505859375,2928825,13620063054.858398
2004-07-20 00:00:00,4641.167355089543,4714.678615826465,4613.593418004369,4696.28564453125,2506453,11771019242.592285
2004-07-21 00:00:00,4733.072453783295,4779.0093008508775,4714.679479120186,4742.25390625,4147184,19666999523.9375
2004-07-22 00:00:00,4705.497195850763,4705.497195850763,4622.7744140625,4622.7744140625,3996423,18474561992.1709
2004-07-23 00:00:00,4648.145429615243,4712.413644558232,4574.695763968658,4620.6015625,6383219,29494311685.179688
2004-07-26 00:00:00,4602.239560284325,4629.783429878483,4583.877142220083,4593.05859375,3314164,15222149441.296875
2004-07-27 00:00:00,4622.774508676656,4687.10432036591,4613.593542638677,4641.16748046875,3466317,16087757737.395996
2004-07-28 00:00:00,4677.924381145319,4769.828150837779,4659.531405315916,4733.07275390625,5335019,25251033070.472168
2004-07-29 00:00:00,4742.254367449541,4824.9771718884,4742.254367449541,4779.009765625,3200024,15292945946.234375
2004-07-30 00:00:00,4779.009603886677,4788.190571939904,4714.6797780768475,4733.07275390625,2419892,11453524892.595703
2004-08-02 00:00:00,4714.678787266241,4788.189565680683,4696.2858153022025,4769.8271484375,2250555,10734758338.051758
2004-08-03 00:00:00,4749.138477381524,4758.319928085121,4565.514313265061,4620.6015625,11915135,55055091398.39844
2004-08-04 00:00:00,4604.3821853372365,4714.679407177799,4595.201218006267,4687.10498046875,5971016,27986778832.058594
2004-08-05 00:00:00,4687.1047950928605,4714.679220711336,4641.16795054305,4677.923828125,3465010,16209052843.691406
2004-08-06 00:00:00,4638.964396412809,4638.964396412809,4574.696175685758,4593.05859375,5833368,26793001022.90625
2004-08-09 00:00:00,4593.05859375,4638.964396412809,4537.970854561684,4593.05859375,2561383,11764582200.035156
2004-08-10 00:00:00,4629.783429878483,4629.783429878483,4547.152306091601,4593.05859375,2911444,13372432884.421875
2004-08-11 00:00:00,4575.207379193627,4575.207379193627,4501.442947772026,4503.7998046875,5082251,22889441061.17285
2004-08-12 00:00:00,4492.262771038154,4538.4797885820535,4492.262771038154,4494.61962890625,4222110,18976778481.401367
2004-08-13 00:00:00,4492.262145850379,4529.297162059205,4464.715191041379,4485.4365234375,3442973,15443236843.40918
2004-08-16 00:00:00,4483.080396084884,4604.898276989419,4464.715918237717,4566.02685546875,4773553,21796171194.003418
2004-08-17 00:00:00,4566.026503633975,4595.715926468342,4538.479546460856,4575.208984375,4397085,20117582797.060547
2004-08-18 00:00:00,4556.842949332554,4595.71484375,4538.478477227002,4595.71484375,4028820,18515307876.796875
2004-08-19 00:00:00,4623.293104902202,4678.448137310616,4623.293104902202,4632.4755859375,4891727,22660805900.57129
2004-08-20 00:00:00,4632.474722817461,4696.811739223965,4632.474722817461,4678.447265625,2195862,10273224569.589844
2004-08-23 00:00:00,4706.024291641099,4733.60180270708,4678.447265625,4678.447265625,2351661,11002121975.126953
2004-08-24 00:00:00,4678.447387329019,4733.601925845876,4669.264907765725,4706.0244140625,2618309,12321826077.55957
2004-08-25 00:00:00,4715.20751953125,4751.967030707551,4687.630004087183,4715.20751953125,2681374,12643234847.475586
2004-08-26 00:00:00,4724.38842794012,4797.9384765625,4706.023955652296,4797.9384765625,3887464,18651813101.851562
2004-08-27 00:00:00,4797.940073637131,4825.517591913841,4770.36255536042,4807.1220703125,2540529,12212633026.168945
2004-08-30 00:00:00,4804.765697367495,4804.765697367495,4804.765697367495,4807.1220703125,0,0.0
2004-08-31 00:00:00,4788.725044674808,4797.938080723963,4733.60107421875,4733.60107421875,2698892,12775478070.40039
2004-09-01 00:00:00,4761.1805586850505,4816.304552037878,4751.967518809089,4807.1220703125,3344904,16079361841.476562
2004-09-02 00:00:00,4797.938861925666,4889.853390218305,4788.725824376441,4862.27587890625,3314664,16116810813.878906
2004-09-03 00:00:00,4843.881601884022,4889.85415226626,4825.517125259222,4880.64111328125,3114411,15200322370.255371
2004-09-06 00:00:00,4871.45751953125,4908.217507580409,4853.09304710192,4871.45751953125,2347803,11437222578.728027
2004-09-07 00:00:00,4862.275167677216,4908.217146031942,4834.697660399059,4899.03466796875,2267026,11106238967.186523
2004-09-08 00:00:00,4862.2760036056825,4935.79501682823,4853.0935239638275,4889.853515625,3150869,15407287856.923828
2004-09-09 00:00:00,4761.1789738464395,4807.120470181488,4733.601464749368,4797.9384765625,12515794,60050009597.33008
2004-09-10 00:00:00,4797.9384765625,4816.302948850324,4779.543446134264,4797.9384765625,3684502,17678013912.771484
2004-09-13 00:00:00,4797.939112248647,4825.5166249995045,4751.966566632367,4788.72607421875,3660548,17529361653.529297
2004-09-14 00:00:00,4779.544296709214,4797.939330411058,4751.966782704406,4770.36181640625,3042863,14515557467.755371
2004-09-15 00:00:00,4779.54465270509,4853.094234844825,4761.18017578125,4761.18017578125,4018515,19132873954.07959
2004-09-16 00:00:00,4788.726291962244,4797.939330411058,4751.966782704406,4770.36181640625,4829016,23036153537.214844
2004-09-17 00:00:00,4761.179604662265,4834.69861983503,4733.602091911406,4788.72607421875,6391865,30608890588.38623
2004-09-20 00:00:00,4761.179604662265,4807.121107084172,4751.966566632367,4788.72607421875,4046181,19376052455.708496
2004-09-21 00:00:00,4797.93922204119,4853.093763755111,4770.3617086592685,4834.69873046875,4958581,23973245265.626465
2004-09-22 00:00:00,4843.880495271533,4935.794531840125,4825.516022842203,4871.45751953125,7492070,36497300738.35449
2004-09-23 00:00:00,4853.094155819069,4899.0361480536785,4843.881601884022,4880.64111328125,5507782,26881507272.19043
2004-09-24 00:00:00,4880.640720802727,4963.372775929264,4880.640720802727,4945.00830078125,4268872,21109607474.972656
2004-09-27 00:00:00,4935.794531840125,4954.1895624101035,4843.880495271533,4871.45751953125,2742948,13362154660.283203
2004-09-28 00:00:00,4862.275167677216,4908.217146031942,4843.880138462251,4899.03466796875,2006445,9829643614.372559
2004-09-29 00:00:00,4917.4305425944185,4954.190049205691,4889.853515625,4889.853515625,2783990,13613303288.964844
2004-09-30 00:00:00,4926.613663663488,4935.795659450907,4862.27663665645,4880.64111328125,4464358,21788929199.206055
2004-10-01 00:00:00,4899.035539577578,4990.950070778343,4889.853544930593,4963.37255859375,5589287,27741713717.904785
2004-10-04 00:00:00,4990.950181946315,5036.922242592689,4981.767702044897,5009.34521484375,3768341,18876920956.24951
2004-10-05 00:00:00,5018.528218060917,5082.865251437273,4990.951184770965,5064.47021484375,5262445,26651495959.753418
2004-10-06 00:00:00,5073.682399652172,5101.259428294454,5018.527372267749,5092.046875,3340460,17009778904.0625
2004-10-07 00:00:00,5110.442028073699,5138.019057361262,5064.469479812433,5119.6240234375,4586259,23479921754.106445
2004-10-08 00:00:00,5092.046994149937,5165.596571698765,5082.864513736195,5119.6240234375,3084415,15791045132.250977
2004-10-11 00:00:00,5138.018432182071,5138.018432182071,5082.8638952680485,5110.44140625,2137549,10923818917.488281
2004-10-12 00:00:00,5092.04671004588,5110.441742943315,4990.950181946315,5009.34521484375,3785760,18964178740.546875
2004-10-13 00:00:00,5000.132203678443,5064.469224473527,4972.55517578125,4972.55517578125,3141003,15618810724.794434
2004-10-14 00:00:00,4954.190078896862,5018.527097913034,4954.190078896862,4963.37255859375,3636480,18049205041.875
2004-10-15 00:00:00,4945.007824490171,4963.372297869363,4899.035282232795,4926.61279296875,3182411,15678506745.084473
2004-10-18 00:00:00,4917.4306640625,4954.19017158179,4880.640598398806,4917.4306640625,2568842,12632102421.93164
2004-10-19 00:00:00,4954.190215879687,5000.132203678443,4945.00822097882,4972.55517578125,3012305,14978852818.781738
2004-10-20 00:00:00,4945.007824490171,4945.007824490171,4880.640250711374,4926.61279296875,3294103,16228769981.156738
2004-10-21 00:00:00,4935.79501682823,4963.372528847547,4853.0935239638275,4889.853515625,3689082,18039070587.128906
2004-10-22 00:00:00,4880.64111328125,4917.431182826107,4880.64111328125,4880.64111328125,2844512,13883042214.421875
2004-10-25 00:00:00,4862.276243850672,4862.276243850672,4797.93922204119,4834.69873046875,2778671,13434037156.090332
2004-10-26 00:00:00,4853.094390317692,4871.458867829853,4816.304318995161,4843.8818359375,2108464,10213150471.328125
2004-10-27 00:00:00,4871.458632443869,4899.0361480536785,4834.69912104664,4880.64111328125,2083232,10167507747.703125
2004-10-28 00:00:00,4908.218366809966,4981.767943824771,4889.853891165762,4954.1904296875,2752857,13638177803.698242
2004-10-29 00:00:00,4945.008820452642,4972.555778594537,4908.21875,4908.21875,2767977,13585836610.96875
2004-11-01 00:00:00,4935.79515634861,5036.922242592689,4917.430681595689,5009.34521484375,2354491,11794458224.242676
2004-11-02 00:00:00,5036.92333984375,5055.288303647236,5009.346306087387,5036.92333984375,2628955,13241844798.898926
2004-11-03 00:00:00,5082.863634400316,5092.046113225488,5046.104131058409,5073.681640625,2353383,11940316120.458984
2004-11-04 00:00:00,5046.10573640088,5073.683254740844,5018.528218060917,5064.47021484375,2356667,11935269827.805176
2004-11-05 00:00:00,5092.045984915679,5101.258536599788,5036.9215253124585,5046.10400390625,2723532,13743225729.966797
2004-11-08 00:00:00,5055.288563108345,5055.288563108345,4945.009525423974,4981.76904296875,3334406,16611240587.489258
2004-11-09 00:00:00,4972.55539038164,5000.132419468974,4935.7953958973,4954.1904296875,4742529,23495391784.31543
2004-11-10 00:00:00,4963.374005119993,5046.106080735315,4963.374005119993,4981.76904296875,3421064,17042950729.214844
2004-11-11 00:00:00,4990.9512691827495,5064.470300498961,4972.556232278112,5036.92333984375,2779214,13998687863.020508
2004-11-12 00:00:00,5036.922377138803,5082.864365917778,5000.132310361198,5018.52734375,3186528,15991677899.625
2004-11-15 00:00:00,5027.7096895966715,5073.6822352929585,4981.767702044897,5009.34521484375,2952779,14791489354.141113
2004-11-16 00:00:00,5009.346563190538,5027.711042886557,4963.374005119993,4981.76904296875,3371350,16795287063.012695
2004-11-17 00:00:00,4990.950816481124,5018.527847736126,4954.190819107296,5000.1328125,3977267,19886863230.773438
2004-11-18 00:00:00,5000.131464756659,5055.286482500041,4972.554440934811,5046.10400390625,2901192,14639716567.300781
2004-11-19 00:00:00,5027.7096895966715,5092.04671004588,5009.34521484375,5009.34521484375,3962343,19848743946.61963
2004-11-22 00:00:00,5000.1328125,5027.710328804977,4935.795783871171,5000.1328125,3103559,15518207191.429688
2004-11-23 00:00:00,5046.104610097627,5046.104610097627,4945.008084249877,4963.37255859375,3873070,19223489355.512695
2004-11-24 00:00:00,4972.555256028233,4990.950289321418,4899.035754095911,4945.00830078125,5265087,26035898919.33545
2004-11-25 00:00:00,4935.796484898204,4990.951525341781,4926.614487575216,4981.76904296875,2133192,10627069868.308594
2004-11-26 00:00:00,4972.556487493023,4990.951525341781,4926.614487575216,4981.76904296875,1584367,7892950473.30127
2004-11-29 00:00:00,4954.190215879687,5064.469224473527,4954.190215879687,4972.55517578125,2600103,12929155630.214355
2004-11-30 00:00:00,4972.555131319144,5009.345196982838,4917.4306640625,4917.4306640625,4006231,19700363166.717773
2004-12-01 00:00:00,4935.794453469329,5073.681512777941,4926.612459925382,5046.10400390625,4626255,23344563878.59131
2004-12-02 00:00:00,5073.682249517496,5128.836790219919,5064.469211445736,5101.25927734375,3690206,18824697592.80957
2004-12-03 00:00:00,5119.623400496564,5183.96041670703,5064.4688635825405,5110.44140625,5067021,25894713924.73828
2004-12-06 00:00:00,5110.441757270911,5128.836790219919,5055.2872165684885,5101.25927734375,2268753,11573497289.251465
2004-12-07 00:00:00,5128.8378063707605,5147.202284813629,5046.10573640088,5064.47021484375,3134613,15875154173.562012
2004-12-08 00:00:00,5036.922025254756,5073.68201636887,5009.344998695737,5027.70947265625,3319845,16691216154.250488
2004-12-09 00:00:00,5082.8638952680485,5147.200911478515,5082.8638952680485,5110.44140625,5851055,29901473742.246094
2004-12-10 00:00:00,5147.202501664547,5174.780021166347,5119.624982162746,5138.02001953125,3330125,17110248917.541504
2004-12-13 00:00:00,5119.623795636311,5285.087904199012,5119.623795636311,5266.69287109375,7714756,40631250427.427734
2004-12-14 00:00:00,5303.452850402137,5312.665889370789,5165.596800845404,5193.17431640625,4001469,20780326038.6958
2004-12-15 00:00:00,5220.75,5312.664518740349,5183.959940012043,5220.75,3780651,19737833708.25
2004-12-16 00:00:00,5239.115099971806,5229.93310546875,5202.355593716441,5229.93310546875,3466195,18127967980.510254
2004-12-17 00:00:00,5257.510617221059,5257.510617221059,5183.960561517082,5229.93310546875,4645567,24296004646.973145
2004-12-20 00:00:00,5257.510876138507,5285.087904199012,5202.3558499176615,5266.69287109375,2121599,11173810328.619629
2004-12-21 00:00:00,5275.875718330543,5294.2707527162065,5229.933727061887,5239.11572265625,2780089,14565207990.283691
2004-12-22 00:00:00,5257.510634795907,5349.424679813245,5257.510634795907,5321.84716796875,3176963,16907311544.291504
2004-12-23 00:00:00,5321.8485357142845,5340.213499601476,5275.87646484375,5275.87646484375,4646200,24512777230.95703
2004-12-24 00:00:00,5303.4521357079,5340.21212713604,5294.270141174151,5321.84716796875,581773,3096106992.4506836
2004-12-27 00:00:00,5319.276403519259,5319.276403519259,5319.276403519259,5321.84716796875,0,0.0
2004-12-28 00:00:00,5319.276403519259,5319.276403519259,5319.276403519259,5321.84716796875,0,0.0
2004-12-29 00:00:00,5275.874886596357,5358.60693359375,5275.874886596357,5358.60693359375,1470837,7881637346.38623
2004-12-30 00:00:00,5358.60693359375,5377.001965079463,5340.211902108037,5358.60693359375,1040999,5578304459.26416
2004-12-31 00:00:00,5358.60693359375,5358.60693359375,5331.029422911327,5358.60693359375,379671,2034507653.0844727
2005-01-03 00:00:00,5356.005126060542,5356.005126060542,5356.005126060542,5358.60693359375,0,0.0
2005-01-04 00:00:00,5349.42566523815,5441.340212237086,5349.42566523815,5413.7626953125,3424002,18536734296.27539
2005-01-05 00:00:00,5386.184584402079,5395.3670646646015,5321.847561422785,5367.78955078125,2786174,14955595683.858398
2005-01-06 00:00:00,5386.183959226297,5413.76146990872,5349.42445439704,5358.60693359375,2619635,14037594274.484863
2005-01-07 00:00:00,5340.212894893267,5432.126953125,5340.212894893267,5432.126953125,3517396,19106941616.414062
2005-01-10 00:00:00,5441.340212237086,5441.340212237086,5404.580214037338,5413.7626953125,2127545,11518023753.598633
2005-01-11 00:00:00,5432.126330739308,5459.703843388904,5404.579376234062,5422.9443359375,2919598,15832817437.314453
2005-01-12 00:00:00,5422.944304210086,5432.126298958175,5294.270264760906,5349.4248046875,3927632,21010572044.484375
2005-01-13 00:00:00,5367.789153930639,5377.002191657741,5285.087661590506,5321.84716796875,3316017,17647335680.38623
2005-01-14 00:00:00,5303.45263671875,5312.665675316196,5229.933617017008,5303.45263671875,4761272,25251180542.535156
2005-01-17 00:00:00,5321.846943714617,5377.001965079463,5303.451912228904,5358.60693359375,2523997,13525107824.569824
2005-01-18 00:00:00,5358.60715939689,5358.60715939689,5266.692629329656,5321.84716796875,2218996,11809157578.333984
2005-01-19 00:00:00,5340.212482879859,5358.607516366113,5303.452489002913,5312.66552734375,3304114,17553652546.213867
2005-01-20 00:00:00,5294.270493857496,5321.847522489167,5266.692980175896,5312.66552734375,1799077,9557894358.937012
2005-01-21 00:00:00,5349.426422866518,5349.426422866518,5303.453863781507,5340.2138671875,2627175,14029676366.52832
2005-01-24 00:00:00,5312.665552312931,5386.1845703125,5294.270518740222,5386.1845703125,2394253,12895888566.024414
2005-01-25 00:00:00,5367.788701417831,5422.94372045717,5358.6067076581385,5395.3662109375,3511320,18944857283.789062
2005-01-26 00:00:00,5395.3672992136735,5395.3672992136735,5303.45275835529,5331.0302734375,2651860,14137145940.917969
2005-01-27 00:00:00,5303.452382040191,5386.1844363664795,5285.087907069812,5377.00244140625,21808557,117264664232.54736
2005-01-28 00:00:00,5404.579469481734,5413.761949491883,5340.212375175742,5377.00244140625,4638110,24939128793.510742
2005-01-31 00:00:00,5413.762084123713,5422.944564362215,5386.1845703125,5386.1845703125,3227171,17382138645.95996
2005-02-01 00:00:00,5404.579376234062,5422.9443359375,5395.3668232879045,5422.9443359375,3911013,21209205796.12793
2005-02-02 00:00:00,5422.9443359375,5432.126330739308,5367.789310638309,5422.9443359375,5783202,31361982529.48242
2005-02-03 00:00:00,5413.7620982854305,5422.944578547954,5340.21252194783,5367.78955078125,4499184,24150672862.242188
2005-02-04 00:00:00,5395.3670646646015,5395.3670646646015,5340.21252194783,5367.78955078125,3676194,19733035739.844727
2005-02-07 00:00:00,5413.7626953125,5413.7626953125,5367.790142738489,5413.7626953125,3537048,19148738513.929688
2005-02-08 00:00:00,5413.762084123713,5432.126559550787,5358.607541551219,5386.1845703125,3769098,20301057491.595703
2005-02-09 00:00:00,5386.1844363664795,5404.579469481734,5377.00244140625,5377.00244140625,3866174,20788427036.901367
2005-02-10 00:00:00,5377.001619906528,5542.435145139253,5367.788583159074,5496.4931640625,6427429,35328319560.99707
2005-02-11 00:00:00,5524.0417240882,5625.168825539686,5597.59130859375,5597.59130859375,4368673,24454046014.888184
2005-02-14 00:00:00,5588.408961139619,5643.532948367949,5570.013441582096,5606.7734375,3985798,22347466353.640625
2005-02-15 00:00:00,5588.40932852052,5597.591324779355,5542.436775777988,5579.1962890625,2735452,15261623647.308594
2005-02-16 00:00:00,5579.196035048396,5579.196035048396,5505.677011826605,5542.4365234375,6151557,34094614192.807617
2005-02-17 00:00:00,5533.253541415014,5606.773043028309,5533.253541415014,5560.8310546875,4929564,27412472577.26953
2005-02-18 00:00:00,5551.618624183626,5625.168691993016,5533.25414710506,5588.4091796875,5945808,33227608007.859375
2005-02-21 00:00:00,5625.168841805032,5625.168841805032,5560.831811494843,5579.1962890625,1392581,7769482747.418945
2005-02-22 00:00:00,5570.013908480512,5533.25439453125,5505.677362056864,5533.25439453125,3271579,18102478878.806152
2005-02-23 00:00:00,5496.49453093585,5542.4365234375,5478.099496056499,5542.4365234375,4325772,23975316724.86328
2005-02-24 00:00:00,5570.013033447178,5597.5905466392105,5441.339475764137,5468.91650390625,8839164,48340649880.333984
2005-02-25 00:00:00,5478.099503839774,5505.6770196490625,5413.762476367363,5432.126953125,5167354,28069722939.73828
2005-02-28 00:00:00,5450.521133816541,5505.676156791138,5450.521133816541,5459.70361328125,4700795,25664947446.794434
2005-03-01 00:00:00,5478.099860940634,5533.254411104604,5459.704824836031,5514.859375,4352209,24001820605.609375
2005-03-02 00:00:00,5533.253079729309,5533.253079729309,5459.703511157754,5524.04052734375,3506299,19368937776.984863
2005-03-03 00:00:00,5505.677748954702,5505.677748954702,5459.705192150206,5487.2822265625,2652977,14557633539.579102
2005-03-04 00:00:00,5524.040114834397,5524.040114834397,5432.125594540684,5496.4931640625,4538823,24947609592.38965
2005-03-07 00:00:00,5524.040618074569,5524.040618074569,5450.521121388085,5478.0986328125,3360292,18408011011.05078
2005-03-08 00:00:00,5496.493677326428,5505.676156791138,5441.339139401722,5459.70361328125,3959469,21617527205.975098
2005-03-09 00:00:00,5350.66143062041,5350.66143062041,5277.0948555570985,5295.494140625,6802596,36023107259.03906
2005-03-10 00:00:00,5258.724533575166,5277.093247838565,5221.9560546875,5221.9560546875,5081997,26537965004.05371
2005-03-11 00:00:00,5267.909994820541,5267.909994820541,5194.373988570156,5203.55810546875,4364724,22712094948.333984
2005-03-14 00:00:00,5221.957584559057,5267.910191460166,5175.974897612044,5258.72607421875,5860986,30821319898.831055
2005-03-15 00:00:00,5267.910191460166,5313.893363569211,5240.326304203921,5258.72607421875,3676594,19334200732.11621
2005-03-16 00:00:00,5249.509368663542,5286.3079275883,5203.556775225121,5221.9560546875,4406875,23012507588.500977
2005-03-17 00:00:00,5231.1414021678165,5231.1414021678165,5157.57435383932,5175.97412109375,4216097,21822408964.020996
2005-03-18 00:00:00,5175.97412109375,5203.557519049804,5157.57435383932,5175.97412109375,3071972,15900447572.72461
2005-03-21 00:00:00,5175.975001088947,5194.3742863095795,5148.39111328125,5148.39111328125,2846707,14655961020.915527
2005-03-22 00:00:00,5148.390103126972,5175.973985522495,5102.437504323447,5157.57421875,6350149,32751364767.621094
2005-03-23 00:00:00,5102.4366301428145,5139.20462186205,5084.037351684541,5130.0205078125,5204018,26696719063.02539
2005-03-24 00:00:00,5130.0213867189705,5175.973985522495,5120.806220731448,5157.57421875,2776735,14321216848.300781
2005-03-25 00:00:00,5155.186736817569,5155.186736817569,5155.186736817569,5157.57421875,0,0.0
2005-03-28 00:00:00,5155.186736817569,5155.186736817569,5155.186736817569,5157.57421875,0,0.0
2005-03-29 00:00:00,5148.390103126972,5175.973985522495,5120.806220731448,5157.57421875,156443,806866383.5039062
2005-03-30 00:00:00,5139.20703125,5148.391634767382,5111.623625810391,5139.20703125,2126716,10929633820.671875
2005-03-31 00:00:00,5130.0213867189705,5221.956664366624,5130.0213867189705,5157.57421875,4890644,25223859407.484375
2005-04-01 00:00:00,5148.39111328125,5194.3742863095795,5120.807225473553,5148.39111328125,3628563,18681261503.181152
2005-04-04 00:00:00,5139.2058262737355,5148.390427637628,5065.6392603970735,5093.22314453125,2769213,14104219743.736816
2005-04-05 00:00:00,5111.622589937368,5120.806706431495,5065.6394215698665,5102.43798828125,3251132,16588699421.716797
2005-04-06 00:00:00,5120.8053434037765,5148.389221073461,5093.221950895953,5130.0205078125,2917082,14964690482.970703
2005-04-07 00:00:00,5130.022036387629,5194.373924951261,5120.8068692330935,5166.7900390625,3337525,17244290925.12207
2005-04-08 00:00:00,5194.373988570156,5231.141991695349,5175.974704404163,5203.55810546875,3791728,19730476968.132812
2005-04-11 00:00:00,5166.789349566066,5175.973950288519,5093.222788827198,5111.6220703125,5331042,27250271944.96289
2005-04-12 00:00:00,5093.22353468467,5111.6228188643845,5038.086327397146,5065.6396484375,5221682,26451159370.73242
2005-04-13 00:00:00,5093.223241129651,5130.0218073681435,5074.854523215459,5120.806640625,4274391,21888329817.427734
2005-04-14 00:00:00,5093.222616466879,5102.437296917895,5038.085419119615,5047.27001953125,5249240,26494331677.32422
2005-04-15 00:00:00,5010.502764633167,5038.0861648282635,4973.704197461154,5001.28759765625,3836824,19189060285.589844
2005-04-18 00:00:00,4936.935092021353,4946.150257844144,4872.583212757634,4927.7509765625,8865012,43684571540.23828
2005-04-19 00:00:00,4946.150844389538,4982.9188461110025,4909.352277462446,4955.3349609375,6266531,31052760148.098633
2005-04-20 00:00:00,4964.519497358342,4973.70409894751,4872.583726498934,4918.56689453125,6558962,32260693355.688477
2005-04-21 00:00:00,4900.167936863133,4946.151107950443,4890.983819825785,4909.3525390625,4842024,23771202818.601562
2005-04-22 00:00:00,4946.150224354146,4964.518940309415,4927.750943197083,4936.93505859375,2656299,13113975659.20752
2005-04-25 00:00:00,4946.15087890625,4955.334995518303,4909.352311722359,4946.15087890625,2282932,11291726118.283203
2005-04-26 00:00:00,4955.3351257833465,4955.3351257833465,4845.000551742899,4881.7685546875,6308153,30794942953.557617
2005-04-27 00:00:00,4863.40026225141,4890.984150761138,4789.833199543043,4845.0009765625,4311490,20889173260.439453
2005-04-28 00:00:00,4863.3994140625,4872.583530119534,4780.648248127375,4863.3994140625,5035865,24491422890.29785
2005-04-29 00:00:00,4835.815787364114,4881.768390781343,4799.047785654004,4817.41650390625,3754953,18089172553.592285
2005-05-02 00:00:00,4815.059101777736,4815.059101777736,4815.059101777736,4817.41650390625,0,0.0
2005-05-03 00:00:00,4854.213911464124,4900.16650390625,4808.23075382368,4900.16650390625,3367487,16501246999.739746
2005-05-04 00:00:00,4909.351695280856,4936.935092021353,4872.583212757634,4927.7509765625,3063328,15095317543.53125
2005-05-05 00:00:00,4936.935615143258,5028.8713860510015,4927.751498711248,4973.7041015625,4829179,24018907399.479492
2005-05-06 00:00:00,4973.704197461154,5010.502764633167,4964.519595690067,5001.28759765625,2760347,13805289216.327637
2005-05-09 00:00:00,5028.871158601462,5028.871158601462,4955.334674250929,5010.50244140625,2780699,13932699128.315918
2005-05-10 00:00:00,5019.686784457005,5038.086067688252,4936.935615143258,4973.7041015625,4229720,21037375712.460938
2005-05-11 00:00:00,4973.70523813205,5001.288644098547,4918.568021087083,4982.919921875,4452033,22184123928.54492
2005-05-12 00:00:00,5001.288341418021,5074.855406658671,5001.288341418021,5038.0869140625,4852558,24447608959.529297
2005-05-13 00:00:00,5019.686492689854,5047.270375911798,4992.103094629871,5028.87109375,2399799,12068279821.910156
2005-05-16 00:00:00,5019.686881242256,5028.871483013343,4973.704197461154,5001.28759765625,2060537,10305338142.611816
2005-05-17 00:00:00,5019.686881242256,5019.686881242256,4982.918879276073,5001.28759765625,1916142,9583177219.948242
2005-05-18 00:00:00,5019.687627740261,5047.271517199466,5001.288341418021,5038.0869140625,3175183,15996847922.05371
2005-05-19 00:00:00,5047.27001953125,5074.853900805535,5019.686138256965,5047.27001953125,3466740,17497572867.509766
2005-05-20 00:00:00,5019.68701171875,5028.871613728572,4992.10361080668,5019.68701171875,3352001,16825995882.968262
2005-05-23 00:00:00,5010.5029263119895,5074.854815711772,5010.5029263119895,5065.6396484375,3069368,15548312236.445312
2005-05-24 00:00:00,5056.454689445995,5102.437367053056,5056.454689445995,5084.0380859375,2228061,11327546981.791992
2005-05-25 00:00:00,5084.038119342544,5093.222719940773,5047.270122071571,5074.85400390625,2012512,10213204581.109375
2005-05-26 00:00:00,4992.103382169084,5010.502665390658,4890.9834948824955,4918.56689453125,9168800,45097356142.578125
2005-05-27 00:00:00,4918.566993540254,4946.15087890625,4881.768426356363,4946.15087890625,3718365,18391594312.84424
2005-05-30 00:00:00,4943.640650731355,4943.640650731355,4943.640650731355,4946.15087890625,0,0.0
2005-05-31 00:00:00,4964.519597292355,4973.704199066406,4927.751595314305,4946.15087890625,3163079,15645065975.899902
2005-06-01 00:00:00,4946.150911569439,4992.103515625,4946.150911569439,4992.103515625,3785512,18897667763.640625
2005-06-02 00:00:00,4982.918913790296,5010.502799338449,4973.704231911551,4992.103515625,2989746,14925121517.425781
2005-06-03 00:00:00,4989.562237065485,4989.562237065485,4989.562237065485,4992.103515625,2598139,12970178835.982422
2005-06-06 00:00:00,4973.704164357413,4973.704164357413,4918.566959216036,4955.3349609375,2180933,10807253542.362305
2005-06-07 00:00:00,4955.334674250929,5019.686557422873,4955.334674250929,5010.50244140625,3764293,18860999266.668457
2005-06-08 00:00:00,5001.2877590377175,5111.6228188643845,4973.704357952561,5065.6396484375,6830440,34600547680.27344
2005-06-09 00:00:00,5074.853900805535,5084.038016055244,5038.085419119615,5047.27001953125,2822051,14243653405.888184
2005-06-10 00:00:00,5074.853900805535,5111.621897329529,5047.27001953125,5047.27001953125,3082944,15560450823.09375
2005-06-13 00:00:00,5047.270929464602,5084.038932617214,5028.871645284888,5065.6396484375,1960268,9930011302.363281
2005-06-14 00:00:00,5056.454791058934,5120.80618587301,5047.270190336482,5111.6220703125,2605633,13319011149.93457
2005-06-15 00:00:00,5111.622589937368,5175.974476455113,5093.223306581676,5102.43798828125,4319741,22041210577.936035
2005-06-16 00:00:00,5148.389998448195,5148.389998448195,5056.4547226698005,5074.85400390625,3022265,15337553636.115723
2005-06-17 00:00:00,5065.638906619443,5157.574183641274,5065.638906619443,5111.6220703125,4380353,22390709070.55957
2005-06-20 00:00:00,5093.222686475381,5102.437367053056,5028.870807792558,5084.0380859375,2615207,13295811990.610352
2005-06-21 00:00:00,5084.038704925559,5130.02187329306,5074.854588431432,5102.43798828125,2861971,14603029551.759277
2005-06-22 00:00:00,5102.437504323447,5185.158101145524,5093.22282349787,5157.57421875,4048051,20878123473.785156
2005-06-23 00:00:00,5166.789652792596,5258.7254203718585,5166.789652792596,5249.51025390625,7423988,38972301130.87695
2005-06-24 00:00:00,5212.742902109706,5277.094793863614,5212.742902109706,5258.72607421875,9445896,49673379589.55859
2005-06-27 00:00:00,5221.957424687241,5249.510745891998,5157.574969696486,5194.3740234375,3784619,19658726622.208008
2005-06-28 00:00:00,5185.158821302756,5221.957389634743,5175.974704404163,5203.55810546875,3187057,16584036284.940918
2005-06-29 00:00:00,5212.742742519999,5221.957424687241,5157.574969696486,5194.3740234375,2748307,14275734489.231445
2005-06-30 00:00:00,5175.973985522495,5203.557382756074,5148.390103126972,5157.57421875,3527800,18194890328.90625
2005-07-01 00:00:00,5157.574969696486,5231.142026809498,5157.574969696486,5194.3740234375,3866906,20086156077.47461
2005-07-04 00:00:00,5203.557519049804,5212.742120075344,5166.78952006821,5175.97412109375,1698433,8791045254.411621
2005-07-05 00:00:00,5185.158757796726,5212.742643685487,5139.206153173738,5166.7900390625,2732295,14117194589.780273
2005-07-06 00:00:00,5185.158856108243,5212.742742519999,5148.390852736245,5194.3740234375,3433555,17835168900.043945
2005-07-07 00:00:00,5194.373693058915,5194.373693058915,4964.5194697481065,5120.806640625,7729214,39579810378.01172
2005-07-08 00:00:00,5166.790102343557,5203.55810546875,5130.022099218365,5203.55810546875,7493494,38992831441.981445
2005-07-11 00:00:00,5231.142054865501,5267.910058434696,5212.742770477322,5240.326171875,2364248,12389430671.203125
2005-07-12 00:00:00,5240.326304203921,5286.309476312965,5221.957584559057,5258.72607421875,2957838,15554459813.91504
2005-07-13 00:00:00,5286.30866132708,5341.44586213118,5267.909379310884,5323.07666015625,4018732,21392018512.623047
2005-07-14 00:00:00,5350.661775224249,5433.382392917627,5341.4470920737085,5415.013671875,7583065,41062400649.7168
2005-07-15 00:00:00,5424.197556559928,5424.197556559928,5313.893064120788,5369.02978515625,6940171,37261984813.07764
2005-07-18 00:00:00,5369.029720734542,5378.2448877160605,5313.893000360652,5332.26171875,3250142,17330607767.101562
2005-07-19 00:00:00,5359.845902113844,5359.845902113844,5240.3262373717325,5277.0947265625,7334781,38706334135.59082
2005-07-20 00:00:00,5286.309476312965,5304.678195957828,5221.957584559057,5258.72607421875,5778978,30390062290.936523
2005-07-21 00:00:00,5286.308950993144,5313.892835508279,5212.742384100464,5267.90966796875,3892552,20505612313.871094
2005-07-22 00:00:00,5249.510839658044,5295.4940111806445,5240.3262373717325,5277.0947265625,2338408,12340000525.351562
2005-07-25 00:00:00,5295.493552483885,5313.892835508279,5231.141667124858,5267.90966796875,2051910,10809276526.801758
2005-07-26 00:00:00,5249.51025390625,5286.308819036475,5240.325652644776,5249.51025390625,1947868,10225353039.25586
2005-07-27 00:00:00,5231.1416015625,5240.325717776152,5185.158434599282,5231.1416015625,4388385,22956263337.17285
2005-07-28 00:00:00,5231.140654400144,5267.908648125921,5203.556775225121,5221.9560546875,3962084,20689828532.98047
2005-07-29 00:00:00,5240.3254838391085,5240.3254838391085,5148.39020438331,5185.158203125,5491524,28474420716.257812
2005-08-01 00:00:00,5194.373470373286,5231.141469830459,5175.974188042826,5212.7421875,2809199,14643630140.382812
2005-08-02 00:00:00,5212.742770477322,5267.910058434696,5194.374051296306,5240.326171875,3841035,20128276237.58789
2005-08-03 00:00:00,5258.725353305257,5258.725353305257,5166.789586898488,5212.7421875,3726572,19425659079.15625
2005-08-04 00:00:00,5093.22443601506,5120.807841981557,4927.752624779906,4982.919921875,20009423,99705352491.92383
2005-08-05 00:00:00,4982.918141732971,5074.853900805535,4946.150145208977,5047.27001953125,8873122,44785042650.243164
2005-08-08 00:00:00,5047.27020466499,5074.854086951051,4946.150326633642,4964.51904296875,6603134,32781384486.274414
2005-08-09 00:00:00,4973.704164357413,4973.704164357413,4881.768392288945,4955.3349609375,9136403,45273937203.11426
2005-08-10 00:00:00,4919.15670457989,5084.648320466191,4900.755215007896,4909.94091796875,4263417,20933125578.663574
2005-08-11 00:00:00,4891.5686909622455,4937.526306703379,4863.981505796622,4900.75390625,6492410,31817703668.476562
2005-08-12 00:00:00,4909.940638010276,4974.300237146958,4909.940638010276,4937.52734375,5124932,25304491884.859375
2005-08-15 00:00:00,4919.156095052337,4983.515689883989,4909.940309583115,4928.341796875,3399100,16751926601.757812
2005-08-16 00:00:00,4946.74365234375,4983.516060797756,4946.74365234375,4946.74365234375,3287719,16263503093.939941
2005-08-17 00:00:00,4928.341952112001,4983.515846858903,4909.940464240492,4919.15625,3811957,18751612101.28125
2005-08-18 00:00:00,5011.103968004695,5093.834499240451,4992.702476713824,5001.8876953125,9325939,46647299531.33496
2005-08-19 00:00:00,5029.4736328125,5057.060821024137,5011.102714988548,5029.4736328125,3374782,16973377085.490234
2005-08-22 00:00:00,5029.475130057669,5047.876622225301,5011.1042067648,5038.69091796875,3075516,15496574537.267578
2005-08-23 00:00:00,5038.690604349126,5066.247230183358,5001.887622304563,5057.06201171875,3422445,17307516596.696777
2005-08-24 00:00:00,5047.875119502117,5075.462307713754,5029.4736328125,5029.4736328125,3561125,17910584290.649414
2005-08-25 00:00:00,5011.102934730403,5011.102934730403,4937.527068391137,4965.1142578125,3443379,17096770167.952148
2005-08-26 00:00:00,4955.928832272764,4983.516023232626,4937.52734375,4937.52734375,2282956,11272157674.578125
2005-08-29 00:00:00,4935.047383623435,4935.047383623435,4935.047383623435,4937.52734375,0,0.0
2005-08-30 00:00:00,4937.52734375,4983.516023232626,4928.342126533042,4937.52734375,2373264,11718055893.9375
2005-08-31 00:00:00,4937.527068391137,4974.299959737323,4919.156149761601,4965.1142578125,4742348,23546299670.308594
2005-09-01 00:00:00,4974.3001718749465,4992.70166015625,4955.92876724182,4992.70166015625,3121289,15583664772.127441
2005-09-02 00:00:00,4992.701763304093,5001.886980590289,4928.342163682277,4946.74365234375,3819813,18895635710.890137
2005-09-05 00:00:00,4955.928887888392,4992.701781698017,4946.743670568357,4974.30029296875,2606305,12964543725.065918
2005-09-06 00:00:00,4992.702476713824,5029.474890422258,4965.115281604066,5001.8876953125,3493836,17475775297.839844
2005-09-07 00:00:00,5029.475130057669,5057.062326481852,5011.1042067648,5038.69091796875,3030648,15270498553.160156
2005-09-08 00:00:00,5029.474766091813,5038.6905533359795,5001.8875716640205,5020.2890625,2124754,10666879266.703125
2005-09-09 00:00:00,5020.2890625,5038.6905533359795,4983.516649700593,5020.2890625,1516618,7613860757.390625
2005-09-12 00:00:00,5020.289505890889,5029.475210293982,4974.301301785647,4983.51708984375,2215263,11039801018.998535
2005-09-13 00:00:00,4992.701725669723,4992.701725669723,4909.940638010276,4937.52734375,6713939,33150257396.76953
2005-09-14 00:00:00,4946.743284166884,4955.928500769442,4900.754607760452,4928.341796875,4596240,22651841700.46875
2005-09-15 00:00:00,4919.15625,4928.341952112001,4900.75476212849,4919.15625,2554509,12566028913.03125
2005-09-16 00:00:00,4900.755530832621,4919.157021590482,4891.5703125,4891.5703125,7279785,35609580187.38281
2005-09-19 00:00:00,4900.75476212849,4928.341952112001,4882.3532742569805,4919.15625,4177836,20551428070.875
2005-09-20 00:00:00,4928.3427251432995,4928.3427251432995,4873.1683365219415,4891.5703125,5680383,27785992846.429688
2005-09-21 00:00:00,4863.983351910264,4882.354274678451,4781.222250221642,4827.2109375,7221535,34859872737.53906
2005-09-22 00:00:00,4799.62201226767,4863.981599121536,4781.220527256767,4854.7958984375,4060128,19711092761.53125
2005-09-23 00:00:00,4882.353127133757,4882.353127133757,4817.993532214245,4836.39501953125,4141947,20032091841.962402
2005-09-26 00:00:00,4900.754607760452,4946.743284166884,4891.569391157896,4928.341796875,6787450,33450873529.19922
2005-09-27 00:00:00,4909.9406750208045,4965.114572136283,4900.754972514467,4946.74365234375,4455203,22038747160.152832
2005-09-28 00:00:00,4946.744673796611,4983.51708984375,4946.744673796611,4983.51708984375,3354773,16718568578.046387
2005-09-29 00:00:00,4983.515689883989,4992.7013917066515,4919.156095052337,4928.341796875,4351026,21443343295.089844
2005-09-30 00:00:00,4955.928500769442,4974.299904414767,4900.754607760452,4928.341796875,3946876,19451553957.882812
2005-10-03 00:00:00,4937.527709333505,4974.300605453196,4919.156788319234,4955.92919921875,3644299,18060887824.78369
2005-10-04 00:00:00,4955.92876724182,4992.70166015625,4928.342061864086,4992.70166015625,4174977,20844414599.01416
2005-10-05 00:00:00,4974.300237146958,4983.516023232626,4928.342126533042,4937.52734375,3487781,17221014056.51172
2005-10-06 00:00:00,4928.342019615437,4928.342019615437,4854.796719637182,4863.982421875,3563829,17334401610.56836
2005-10-07 00:00:00,4854.796719637182,4900.754829254063,4845.580933751446,4863.982421875,3480558,16929372930.316406
2005-10-10 00:00:00,4863.982595712918,4919.156493187442,4863.982595712918,4882.353515625,2842188,13876566573.867188
2005-10-11 00:00:00,4882.353725435903,4992.702010347126,4873.168022475049,4909.94091796875,4550594,22343147681.663086
2005-10-12 00:00:00,4900.754669933279,4919.156157458611,4863.982263749665,4873.16748046875,3938673,19193813179.800293
2005-10-13 00:00:00,4882.353127133757,4882.353127133757,4799.622613763945,4836.39501953125,3277558,15851565187.424805
2005-10-14 00:00:00,4845.58154296875,4863.983033405857,4790.407155309129,4845.58154296875,3768286,18259537090.22754
2005-10-17 00:00:00,4873.166377756577,4873.166377756577,4762.849184168586,4799.62158203125,4203507,20175242917.419434
2005-10-18 00:00:00,4808.809197952254,4817.9949023997715,4735.264365502292,4762.8515625,2455754,11696391776.015625
2005-10-19 00:00:00,4753.63429403301,4762.850565426557,4634.100797058751,4661.68798828125,6785272,31630820979.621094
2005-10-20 00:00:00,4726.046328281703,4744.448299183989,4661.687224299944,4689.27392578125,4575721,21456809176.949707
2005-10-21 00:00:00,4670.904514470236,4744.4498283960365,4661.688726836765,4726.0478515625,5023099,23739406237.135742
2005-10-24 00:00:00,4753.634156366211,4790.406563828174,4726.046965942645,4772.03564453125,2725273,13005099897.078613
2005-10-25 00:00:00,4790.40673828125,4827.210201171735,4753.63432948014,4790.40673828125,3768785,18054013059.1333
2005-10-26 00:00:00,4808.80908203125,4817.994786257337,4753.635174586098,4808.80908203125,2895713,13924930973.355957
2005-10-27 00:00:00,4781.222120443388,4781.222120443388,4716.862512143777,4744.44970703125,2361564,11204321627.935547
2005-10-28 00:00:00,4744.449989498665,4744.449989498665,4643.317476545643,4716.86279296875,3020834,14248859498.33496
2005-10-31 00:00:00,4744.449112107243,4799.623009743523,4726.0471380519275,4790.40673828125,3237510,15508989719.25293
2005-11-01 00:00:00,4781.22124565958,4854.796627895388,4744.448838975411,4817.99365234375,3733148,17986283367.259766
2005-11-02 00:00:00,4827.210394460826,4946.743897112738,4817.99412262952,4909.94091796875,7224249,35470635766.694824
2005-11-03 00:00:00,4937.528086494307,5001.8876953125,4919.157164076744,5001.8876953125,6214184,31082650486.007812
2005-11-04 00:00:00,5001.888013429693,5020.289505890889,4955.929892979462,4983.51708984375,4329414,21575708658.00879
2005-11-07 00:00:00,5001.8875716640205,5029.474766091813,4983.516649700593,5020.2890625,3467847,17409594364.523438
2005-11-08 00:00:00,5038.689417980096,5075.462307713754,4992.701228298932,5029.4736328125,4249008,21370273701.609375
2005-11-09 00:00:00,5029.474067850548,5047.875556131851,4974.3001718749465,4992.70166015625,2441375,12189057015.563965
2005-11-10 00:00:00,5011.103968004695,5038.690677894242,4983.516772894936,5001.8876953125,3440294,17207964226.85742
2005-11-11 00:00:00,5047.875421897843,5121.420235330722,5047.875421897843,5103.04931640625,7410780,37817575813.03711
2005-11-14 00:00:00,5103.04931640625,5112.2350184785455,5057.061123970138,5103.04931640625,3868868,19743024202.666016
2005-11-15 00:00:00,5084.647674254479,5130.636350514585,5075.4624576811475,5112.23486328125,3747021,19155651389.646973
2005-11-16 00:00:00,5121.4208984375,5139.822388612039,5066.246996785335,5121.4208984375,4157678,21293218998.17383
2005-11-17 00:00:00,5121.420079854582,5158.192485454684,5112.23486328125,5112.23486328125,4489693,22952365080.029785
2005-11-18 00:00:00,5130.637865271944,5194.997478900197,5121.42159189095,5149.0087890625,3395882,17485426264.61914
2005-11-21 00:00:00,5158.19311783249,5231.768992139531,5158.19311783249,5194.99658203125,4154540,21582821099.91211
2005-11-22 00:00:00,5194.99654516198,5213.367465650583,5158.193081224416,5185.7802734375,2443358,12670717717.345703
2005-11-23 00:00:00,5185.7802734375,5231.768955009285,5176.595055803278,5185.7802734375,2342302,12146663506.033203
2005-11-24 00:00:00,5194.996214750833,5194.996214750833,5121.420345645524,5176.5947265625,2357485,12203744418.950195
2005-11-25 00:00:00,5185.780310241362,5204.18179973066,5158.19311783249,5194.99658203125,1854134,9632219792.62793
2005-11-28 00:00:00,5204.181993525837,5231.76918696201,5112.235680396047,5121.4208984375,3604338,18459331958.23242
2005-11-29 00:00:00,5112.236043729634,5176.595653217557,5057.062138156184,5139.82275390625,3922941,20163221414.03174
2005-11-30 00:00:00,5139.821293540041,5139.821293540041,5047.875,5047.875,5033027,25406091167.625
2005-12-01 00:00:00,5084.64707138016,5158.191873860335,5057.060370844381,5130.6357421875,3942056,20225253411.304688
2005-12-02 00:00:00,5130.637535211992,5149.008457820724,5084.648848332801,5139.82275390625,4224005,21710637011.61377
2005-12-05 00:00:00,5139.82172312269,5149.007425194985,5093.833530686578,5103.04931640625,3081845,15726807020.52002
2005-12-06 00:00:00,5139.820959178313,5240.952947443957,5139.820959178313,5222.58203125,6860351,35828745860.66797
2005-12-07 00:00:00,5231.7688840528535,5268.541293401428,5204.181692213925,5240.9541015625,6652462,34865248004.38867
2005-12-08 00:00:00,5112.235128595499,5250.139541579526,5093.833640407165,5176.5947265625,8609881,44569864580.930664
2005-12-09 00:00:00,5185.779571290317,5185.779571290317,5130.636248420737,5158.1923828125,4985314,25715208700.728516
2005-12-12 00:00:00,5158.19311783249,5231.768992139531,5158.19311783249,5194.99658203125,5367310,27883157104.70215
2005-12-13 00:00:00,5213.367343263742,5231.768832190458,5167.40923164095,5204.181640625,4560931,23735913374.35742
2005-12-14 00:00:00,5231.768938226986,5296.128540080924,5204.181746102397,5277.72705078125,6102910,32209493195.4834
2005-12-15 00:00:00,5296.128151823253,5296.128151823253,5213.367066736834,5231.7685546875,4738409,24790259205.448242
2005-12-16 00:00:00,5250.139788852996,5342.086581609037,5222.583165964787,5332.90087890625,8677456,46276012729.07031
2005-12-19 00:00:00,5342.086248008322,5351.302033785047,5305.313355844114,5323.71484375,2711720,14436424016.09375
2005-12-20 00:00:00,5314.530775221862,5351.303190111851,5286.943579225685,5342.08740234375,5225634,27915793560.65918
2005-12-21 00:00:00,5351.302677161145,5461.620396476798,5332.901187042887,5434.033203125,8191347,44512051576.31836
2005-12-22 00:00:00,5415.66259765625,5452.435011165545,5388.075402695888,5415.66259765625,2641371,14304774131.233887
2005-12-23 00:00:00,5443.248046875,5443.248046875,5406.475159939183,5443.248046875,554246,3016898456.9882812
2005-12-26 00:00:00,5440.553619920753,5440.553619920753,5440.553619920753,5443.248046875,0,0.0
2005-12-27 00:00:00,5440.553619920753,5440.553619920753,5440.553619920753,5443.248046875,0,0.0
2005-12-28 00:00:00,5443.249792616611,5489.20742467484,5397.261106465031,5415.66259765625,2211001,11974035419.080566
2005-12-29 00:00:00,5443.249792616611,5461.620714934687,5397.261106465031,5415.66259765625,1081440,5856714159.609375
2005-12-30 00:00:00,5434.032941461617,5434.032941461617,5351.302419481461,5369.67333984375,720063,3866503094.10791
2006-01-03 00:00:00,5415.662415025248,5516.79443359375,5406.476711565872,5516.79443359375,7465265,41184332397.302246
2006-01-04 00:00:00,5544.380581551251,5608.740175707635,5516.793392726152,5571.96728515625,6968367,38827512954.9624
2006-01-05 00:00:00,5571.967172456283,5581.152873996776,5498.42236328125,5498.42236328125,7115019,39121379584.770996
2006-01-06 00:00:00,5507.608085974797,5525.97900390625,5489.206113957409,5525.97900390625,3834897,21191560304.143066
2006-01-09 00:00:00,5525.980910448517,5525.980910448517,5452.4355903967435,5489.2080078125,5903676,32406505574.73047
2006-01-10 00:00:00,5498.421933880316,5516.7928503065295,5424.846561585448,5443.248046875,4961152,27004780934.25
2006-01-11 00:00:00,5489.207239563705,5535.19592416442,5480.022021324522,5516.79443359375,4507302,24865858584.125977
2006-01-12 00:00:00,5525.979103224272,5544.380590352296,5461.619508965726,5480.02099609375,3169360,17368159344.179688
2006-01-13 00:00:00,5480.021151219641,5507.608340869457,5452.4339615698245,5470.83544921875,3838857,21001754960.081543
2006-01-16 00:00:00,5470.836502356764,5470.836502356764,5388.075402695888,5415.66259765625,2753996,14914713131.294922
2006-01-17 00:00:00,5369.673376713108,5397.260568925928,5351.302456224679,5378.8896484375,5982977,32181773052.13965
2006-01-18 00:00:00,5323.715176203463,5342.086581609037,5286.942766963027,5332.90087890625,4042685,21559238389.641113
2006-01-19 00:00:00,5351.303190111851,5397.261309115876,5342.08740234375,5342.08740234375,3745262,20007516948.676758
2006-01-20 00:00:00,5342.086897957561,5360.488388102278,5305.314001319349,5314.5302734375,6908226,36713976212.74805
2006-01-23 00:00:00,5268.541068781685,5314.529747769055,5231.76866100087,5305.3134765625,3596834,19082331893.158203
2006-01-24 00:00:00,5332.901181865576,5332.901181865576,5213.36767578125,5213.36767578125,5325831,27765515182.07373
2006-01-25 00:00:00,5240.9544696906505,5286.943153868984,5231.7692515358285,5259.3564453125,4906550,25805295366.748047
2006-01-26 00:00:00,5286.943153868984,5342.086972550497,5259.3564453125,5259.3564453125,5784762,30424125309.29883
2006-01-27 00:00:00,5286.942011495588,5378.8887911130705,5286.942011495588,5360.4873046875,6715253,35997028454.26465
2006-01-30 00:00:00,5342.08740234375,5360.4888942258885,5305.314502233535,5342.08740234375,4098317,21893567616.51123
2006-01-31 00:00:00,5342.086248008322,5378.889223820093,5305.313355844114,5323.71484375,3745618,19940602145.617188
2006-02-01 00:00:00,5314.530046377726,5415.662058284454,5277.727067660673,5378.8896484375,5495468,29559515938.51953
2006-02-02 00:00:00,5397.260142858295,5434.032549802381,5314.52962684096,5323.71484375,5515157,29361123186.51172
2006-02-03 00:00:00,5332.90087890625,5388.074777201702,5259.356060425377,5332.90087890625,5514972,29410799025.94336
2006-02-06 00:00:00,5332.900270855599,5397.259864515638,5332.900270855599,5351.3017578125,3871614,20718174803.771484
2006-02-07 00:00:00,5332.900116871717,5378.8887911130705,5286.942011495588,5360.4873046875,4550449,24392624095.12793
2006-02-08 00:00:00,5342.08740234375,5369.6741131196995,5305.314502233535,5342.08740234375,3278603,17514583783.586426
2006-02-09 00:00:00,5360.487661059716,5516.793557650233,5360.487661059716,5470.83544921875,7035447,38489772848.69971
2006-02-10 00:00:00,5452.434184529542,5498.422863708842,5406.47607421875,5406.47607421875,4653164,25157219835.416016
2006-02-13 00:00:00,5434.032873706539,5434.032873706539,5388.074761893885,5424.84765625,3753569,20362539992.222656
2006-02-14 00:00:00,5452.434693243259,5480.021886595057,5397.2607917598425,5434.033203125,4366684,23728705843.554688
2006-02-15 00:00:00,5443.248967373166,5452.434184529542,5378.889368660979,5406.47607421875,4076080,22037228996.601562
2006-02-16 00:00:00,5443.249145252736,5452.434362709275,5397.260464570575,5424.84765625,3720183,20181426028.371094
2006-02-17 00:00:00,5434.0324739209,5507.608340869457,5424.8472571401235,5470.83544921875,4031598,22056209255.399414
2006-02-20 00:00:00,5461.619663570716,5507.608340869457,5452.4339615698245,5470.83544921875,1899654,10392694444.450195
2006-02-21 00:00:00,5498.4226039705145,5553.565928832783,5461.61962890625,5461.61962890625,4889395,26704015705.476074
2006-02-22 00:00:00,5452.433953349712,5581.153145316472,5443.248736582785,5562.7822265625,4668418,25969392676.564453
2006-02-23 00:00:00,5553.565737614263,5709.872113050942,5544.380521208047,5627.1416015625,10960868,61678356312.03516
2006-02-24 00:00:00,5663.914760925544,5755.861555153598,5663.914760925544,5691.501953125,7474230,42539594643.10547
2006-02-27 00:00:00,5801.819182612423,5811.03545433235,5663.914760925544,5691.501953125,6544707,37249212673.13086
2006-02-28 00:00:00,5939.753415615031,5967.340116822363,5838.621424917138,5847.806640625,15068776,88119288358.89062
2006-03-01 00:00:00,5893.766804770446,5948.940711699782,5875.395881710252,5921.353515625,6849533,40558506309.93945
2006-03-02 00:00:00,5939.754127526485,5976.526534069107,5811.034934973514,5875.39453125,7356296,43221141288.65625
2006-03-03 00:00:00,5884.5796932357225,5884.5796932357225,5774.262474635614,5838.6220703125,3684724,21513710869.410156
2006-03-06 00:00:00,5856.993043545013,5912.166937792622,5847.807341516137,5875.39453125,4903206,28808269717.992188
2006-03-07 00:00:00,5847.807738955623,5902.981636953062,5829.40625,5829.40625,6265629,36524896852.78125
2006-03-08 00:00:00,5693.089238471466,5693.089238471466,5601.116801486836,5674.6826171875,5538764,31430727791.503906
2006-03-09 00:00:00,5720.68342501698,5720.68342501698,5637.899255751277,5665.494140625,4850133,27478400092.751953
2006-03-10 00:00:00,5637.900271759435,5702.27783203125,5591.929820755628,5702.27783203125,5146808,29348529164.121094
2006-03-13 00:00:00,5702.27783203125,5729.872721877858,5647.088537693586,5702.27783203125,4492010,25614689044.262695
2006-03-14 00:00:00,5693.089306235409,5702.277085611341,5647.087798497875,5656.306640625,4822328,27276565889.671875
2006-03-15 00:00:00,5683.901041503989,5693.089306235409,5601.116868156047,5656.306640625,4682407,26485129808.208984
2006-03-16 00:00:00,5683.901623544425,5729.87255859375,5610.305707391565,5729.87255859375,5579602,31970408387.674805
2006-03-17 00:00:00,5720.68522853022,5785.062797496315,5674.684193914202,5693.0908203125,5868645,33410728977.17285
2006-03-20 00:00:00,5693.089678420731,5757.467234474295,5628.7121223671675,5637.89990234375,4444095,25055362766.506348
2006-03-21 00:00:00,5656.306894073656,5656.306894073656,5573.522231660798,5619.4931640625,4933756,27725208115.152344
2006-03-22 00:00:00,5619.492845375462,5693.089238471466,5582.710180202871,5674.6826171875,3920527,22247746417.114258
2006-03-23 00:00:00,5693.089025498722,5766.654353091899,5647.087520029607,5665.494140625,6407683,36302690491.48242
2006-03-24 00:00:00,5665.493340588911,5729.870880168336,5665.493340588911,5720.6826171875,5455830,31211071843.33008
2006-03-27 00:00:00,5739.059844849315,5757.466952008153,5628.71184621786,5647.087890625,4894951,27642218517.302734
2006-03-28 00:00:00,5637.89990234375,5702.277458397314,5628.7121223671675,5637.89990234375,6051337,34116832281.34912
2006-03-29 00:00:00,5637.899466659427,5729.871903644057,5619.492845375462,5674.6826171875,8152251,46261437040.649414
2006-03-30 00:00:00,5803.4384765625,5849.439993601863,5757.468022280611,5803.4384765625,7808105,45313856986.04004
2006-03-31 00:00:00,5794.249834018552,5812.656456507429,5729.872278725739,5739.06005859375,3098422,17782029944.868164
2006-04-03 00:00:00,5785.0614755814895,5785.0614755814895,5711.465564209161,5748.27880859375,3815277,21931275928.015137
2006-04-04 00:00:00,5720.6826171875,5739.058657793777,5674.6816035697475,5720.6826171875,4008219,22929748759.180664
2006-04-05 00:00:00,5748.278524928022,5748.278524928022,5665.494352565446,5674.6826171875,4314756,24484870870.60547
2006-04-06 00:00:00,5711.465282360091,5711.465282360091,5647.087731281481,5674.6826171875,3016519,17117787933.71582
2006-04-07 00:00:00,5674.682777309662,5693.089399113006,5647.087890625,5647.087890625,5234367,29558930500.78711
2006-04-10 00:00:00,5665.495231329767,5683.90185546875,5591.929889574004,5683.90185546875,4820681,27400277680.52295
2006-04-11 00:00:00,5674.683715886769,5729.873013028757,5591.930104897261,5610.30615234375,7493184,42039056295.84375
2006-04-12 00:00:00,5619.4931640625,5656.306894073656,5555.115609332975,5619.4931640625,3642674,20469981641.908203
2006-04-13 00:00:00,5628.7109375,5656.305819729652,5582.709436438629,5628.7109375,1913004,10767746538.28125
2006-04-18 00:00:00,5637.899807448165,5637.899807448165,5555.115630081614,5564.33447265625,2819770,15690143415.961914
2006-04-19 00:00:00,5601.117071389682,5665.4946255704735,5555.115561983007,5582.71044921875,5824702,32517624718.98535
2006-04-20 00:00:00,5601.117140052207,5610.305405229655,5545.927850259676,5564.33447265625,5611094,31222003773.51465
2006-04-21 00:00:00,5582.710517655634,5591.9293602302705,5555.115630081614,5564.33447265625,4133348,22999330763.884766
2006-04-24 00:00:00,5564.334470300249,5573.522250118296,5481.55029296875,5481.55029296875,4377549,23995755003.43506
2006-04-25 00:00:00,5499.95523067228,5536.737886785808,5453.953734811831,5472.3603515625,4921592,26932724927.367188
2006-04-26 00:00:00,5490.738719009814,5564.33512518507,5490.738719009814,5536.740234375,3358428,18594743431.851562
2006-04-27 00:00:00,5564.334239343314,5573.522018780007,5472.361800655725,5527.52099609375,4515846,24961433580.125977
2006-04-28 00:00:00,5527.521225522691,5536.739582737913,5453.955405406413,5481.55029296875,5575711,30563540265.559082
2006-05-02 00:00:00,5509.145552790419,5582.710892522081,5509.145552790419,5545.92822265625,5741692,31843011708.59961
2006-05-03 00:00:00,5555.116281529341,5582.711172339411,5536.740234375,5536.740234375,3691632,20439607424.90625
2006-05-04 00:00:00,5564.334798310978,5610.305733574849,5555.115955196806,5591.9296875,4693872,26247802186.125
2006-05-05 00:00:00,5601.116055270348,5647.086978940451,5555.114554208977,5628.7109375,3691133,20776320688.867188
2006-05-08 00:00:00,5665.493755228514,5683.900374571792,5573.521327940926,5601.1162109375,3742654,20963039991.33008
2006-05-09 00:00:00,5601.116858844854,5628.711745033457,5545.927571823134,5573.52197265625,3465239,19313585707.00537
2006-05-10 00:00:00,5601.117516154617,5628.712405581573,5536.739956861831,5545.92822265625,3654308,20266529871.478516
2006-05-11 00:00:00,5564.334681557639,5564.334681557639,5472.362235560725,5490.73828125,3709920,20370199764.375
2006-05-12 00:00:00,5490.738734112987,5490.738734112987,5361.984094075341,5371.171875,5385787,28927987659.140625
2006-05-15 00:00:00,5343.576235347568,5371.170634504927,5187.226255178082,5325.19970703125,5838509,31091226416.299316
2006-05-16 00:00:00,5306.793364995804,5352.794872275866,5270.010699751188,5316.01220703125,4175308,22195988296.115234
2006-05-17 00:00:00,5343.576280444389,5352.794636718685,5049.2834233318645,5141.25537109375,5284346,27168172255.217773
2006-05-18 00:00:00,5159.631468160818,5343.576336318912,5058.471740460925,5178.03857421875,6551322,33922998028.12793
2006-05-19 00:00:00,5168.8510050019195,5361.983678109102,5132.068336044773,5187.22705078125,4310183,22357897851.41748
2006-05-22 00:00:00,5178.039923353894,5260.824114670532,5067.660839813178,5159.6328125,5883635,30357396202.773438
2006-05-23 00:00:00,5159.631152789958,5279.198464594967,5141.255110605061,5233.2275390625,7038007,36831492052.51465
2006-05-24 00:00:00,5178.03927056935,5242.416342916213,5150.444381824103,5187.22705078125,6628120,34381563359.82422
2006-05-25 00:00:00,5187.2269579802605,5242.416249127871,5150.444289681166,5196.44580078125,6283910,32653997731.987305
2006-05-26 00:00:00,5224.039769866527,5325.199986315813,5205.63314854652,5316.01220703125,4313441,22930305010.309082
2006-05-30 00:00:00,5297.606237543773,5334.388907314234,5150.444495707228,5205.6337890625,5469212,28470714786.746094
2006-05-31 00:00:00,5159.632367086597,5343.577267292093,5159.632367086597,5279.19970703125,6082152,32108895056.51953
2006-06-01 00:00:00,5279.1982220964055,5417.171661785606,5224.039035327494,5407.9833984375,7468690,40390551528.07617
2006-06-02 00:00:00,5453.95556640625,5647.088236935654,5407.984632495255,5453.95556640625,6870154,37469514650.368164
2006-06-05 00:00:00,5463.143622956415,5472.361980091279,5380.390023743475,5444.767578125,3558992,19377884252.40625
2006-06-06 00:00:00,5389.577360661468,5407.983981377462,5352.794696623876,5398.765625,4629292,24992462517.6875
2006-06-07 00:00:00,5426.3603515625,5463.143014525752,5343.576184172329,5426.3603515625,6319014,34289247030.56836
2006-06-08 00:00:00,5325.19970703125,5417.172139372401,5306.793086676593,5325.19970703125,5214887,27770314724.601074
2006-06-09 00:00:00,5361.981805834105,5481.548613921611,5325.198664365214,5472.3603515625,7963141,43577177082.30176
2006-06-12 00:00:00,5463.143014525752,5518.332297667382,5407.983823422173,5426.3603515625,5651281,30665887153.938477
2006-06-13 00:00:00,5297.606119207752,5453.955637966871,5159.632160868273,5270.01123046875,9476363,49940539433.998535
2006-06-14 00:00:00,5260.823357331911,5270.011137379438,5141.2560242781165,5196.44580078125,8514426,44244753233.762695
2006-06-15 00:00:00,5224.040504747142,5316.01295484989,5224.040504747142,5279.19970703125,6487821,34250502722.47119
2006-06-16 00:00:00,5371.170916200474,5426.36068812058,5279.198964391234,5316.01220703125,10309543,54805656436.913574
2006-06-19 00:00:00,5371.170634504927,5371.170634504927,5306.793086676593,5325.19970703125,2501549,13321248001.924316
2006-06-20 00:00:00,5288.417043715732,5325.19970703125,5251.603803006417,5325.19970703125,2827846,15058844690.729492
2006-06-21 00:00:00,5334.3879078259815,5371.170570704585,5132.067487941497,5343.576171875,3635406,19426068876.691406
2006-06-22 00:00:00,5380.389639446957,5398.765682965855,5288.417204312815,5297.60546875,2673742,14164430241.226562
2006-06-23 00:00:00,5288.418065007985,5334.389001359508,5224.040504747142,5279.19970703125,4543436,23985706000.115234
2006-06-26 00:00:00,5297.606119207752,5306.793899417572,5251.604607295099,5270.01123046875,4960080,26139677304.023438
2006-06-27 00:00:00,5297.606003091866,5306.793783100303,5242.416226823542,5251.6044921875,3163282,16612305961.25586
2006-06-28 00:00:00,5224.040295954577,5288.4178536424015,5214.821938346277,5270.01123046875,3782250,19932499976.44043
2006-06-29 00:00:00,5316.011982215712,5361.98291015625,5297.605361674125,5361.98291015625,4470917,23972980546.72705
2006-06-30 00:00:00,5389.577803481429,5472.361980091279,5380.390023743475,5444.767578125,5593531,30455476236.03711
2006-07-03 00:00:00,5472.36218933839,5472.36218933839,5426.361163384841,5453.95556640625,1985523,10828954218.077637
2006-07-04 00:00:00,5435.5491535254405,5472.362400812331,5398.766483637809,5463.14404296875,1949407,10649891239.371582
2006-07-05 00:00:00,5453.954321858305,5453.954321858305,5380.389001712909,5407.9833984375,2574500,13922853259.277344
2006-07-06 00:00:00,5407.985073649427,5463.144277504805,5389.5784492157745,5417.17333984375,3133591,16975205623.174316
2006-07-07 00:00:00,5417.17339049172,5426.361656771948,5361.984094075341,5371.171875,2919758,15682522051.40625
2006-07-10 00:00:00,5371.1707399454735,5407.983981377462,5352.794696623876,5398.765625,1966353,10615878983.015625
2006-07-11 00:00:00,5389.577190840603,5407.983810976621,5316.011865083397,5343.576171875,1686325,9011006088.03711
2006-07-12 00:00:00,5361.984288678013,5380.390913951791,5251.605206483694,5288.41845703125,4337554,22938800631.969727
2006-07-13 00:00:00,5279.19933304398,5279.19933304398,5178.039109530557,5214.82177734375,3662159,19097506505.29541
2006-07-14 00:00:00,5178.03929410856,5233.228586494412,5113.661736113508,5132.068359375,2889753,14830409937.708984
2006-07-17 00:00:00,5132.067592213509,5187.2262989553965,5076.8783080775665,5141.25537109375,3646348,18746806239.876953
2006-07-18 00:00:00,5113.662109375,5159.632562108547,5076.8794375657635,5113.662109375,3701308,18927238474.726562
2006-07-19 00:00:00,5141.255956361847,5233.228399949115,5104.473288548655,5214.82177734375,5262513,27443067395.95459
2006-07-20 00:00:00,5224.040297136883,5279.199497228891,5168.8510050019195,5187.22705078125,3624909,18803226021.42041
2006-07-21 00:00:00,5178.038894576754,5178.038894576754,5076.878675262753,5122.84912109375,3387757,17354967969.9292
2006-07-24 00:00:00,5132.068176435691,5251.604445156943,5122.849333756483,5214.82177734375,2736228,14268941362.177734
2006-07-25 00:00:00,5214.82177734375,5242.41617987527,5178.039109530557,5214.82177734375,3141615,16382962318.029785
2006-07-26 00:00:00,5233.2275390625,5279.198464594967,5205.6326557149305,5233.2275390625,4076884,21335261622.36328
2006-07-27 00:00:00,5288.417321071197,5334.388250955858,5260.822920466626,5316.01220703125,2971036,15794063643.529297
2006-07-28 00:00:00,5306.794312303393,5417.17339049172,5270.011640492759,5371.171875,4164847,22370109070.078125
2006-07-31 00:00:00,5352.795294647414,5389.57796279443,5316.012626500399,5334.388671875,2885779,15393866807.134766
2006-08-01 00:00:00,5352.795411330225,5352.795411330225,5205.633672780926,5270.01123046875,2950773,15550606848.563965
2006-08-02 00:00:00,5288.417899378407,5334.388834290152,5260.82349575629,5306.7939453125,2544506,13503169034.611328
2006-08-03 00:00:00,5304.252138372461,5304.252138372461,5304.252138372461,5306.7939453125,3527688,18720713319.351562
2006-08-04 00:00:00,5260.822920466626,5343.5765155959025,5224.039769866527,5316.01220703125,4993780,26546995439.228516
2006-08-07 00:00:00,5279.19970703125,5325.2007354269235,5260.823660521632,5279.19970703125,2708732,14299937180.826172
2006-08-08 00:00:00,5325.2005225912235,5343.577053721926,5270.01123046875,5270.01123046875,4911026,25881162173.124023
2006-08-09 00:00:00,5316.012626500399,5334.388671875,5214.8218246710785,5334.388671875,4087775,21805780653.17383
2006-08-10 00:00:00,5279.19938095557,5343.576937240061,5242.416227453034,5334.388671875,3092019,16494031126.822266
2006-08-11 00:00:00,5352.794754096147,5352.794754096147,5288.417204312815,5297.60546875,2800898,14838052562.210938
2006-08-14 00:00:00,5361.98372138756,5398.766390641593,5325.200566777992,5389.578125,2710842,14610294743.53125
2006-08-15 00:00:00,5389.577203243795,5453.9547504555885,5352.7945402805435,5426.3603515625,3983222,21614397932.271484
2006-08-16 00:00:00,5399.504423015427,5436.292120603479,5335.118064130697,5371.90576171875,3919289,21054051160.940918
2006-08-17 00:00:00,5399.5044345958495,5427.103095951718,5353.52721519593,5417.91357421875,2735117,14818627521.376465
2006-08-18 00:00:00,5417.913112126989,5436.2916686035405,5381.125417597646,5390.314453125,2862836,15431586267.726562
2006-08-21 00:00:00,5399.5029296875,5427.101583351282,5344.3061077816865,5399.5029296875,2406455,12993660822.661133
2006-08-22 00:00:00,5408.723010854812,5463.889741363498,5390.313874777209,5427.10205078125,3220752,17479349784.257812
2006-08-23 00:00:00,5445.510829842147,5454.699863781125,5381.124487440352,5408.72265625,2754603,14898883655.074219
2006-08-24 00:00:00,5427.101694971478,5427.101694971478,5362.715352569682,5408.72265625,2739586,14817660866.945312
2006-08-25 00:00:00,5427.101583351282,5463.889270765049,5371.904276023718,5399.5029296875,2704839,14604786104.833008
2006-08-29 00:00:00,5436.29150390625,5463.8901620721135,5417.912947986493,5436.29150390625,3182168,17299192862.402344
2006-08-30 00:00:00,5454.70107320425,5519.087429881868,5427.102898275501,5491.48876953125,3684466,20233203660.719727
2006-08-31 00:00:00,5509.898000352432,5528.276556414348,5417.912989894368,5454.70068359375,4014272,21896652222.53125
2006-09-01 00:00:00,5491.48876953125,5519.087429881868,5445.512037227868,5491.48876953125,2821472,15494081801.546875
2006-09-04 00:00:00,5491.4887150031,5555.875071041389,5491.4887150031,5546.68603515625,2406329,13347151460.291504
2006-09-05 00:00:00,5555.875629351503,5555.875629351503,5509.898892884447,5537.4970703125,3079240,17051282478.789062
2006-09-06 00:00:00,5537.4970703125,5574.284769971011,5528.277451923451,5537.4970703125,4063842,22503513169.21289
2006-09-07 00:00:00,5509.896567995233,5528.275119279447,5436.290132733875,5473.1083984375,4206506,23022663316.677734
2006-09-08 00:00:00,5491.486949721713,5509.896567995233,5454.6992655856875,5473.1083984375,2143298,11730502284.154297
2006-09-11 00:00:00,5454.6992655856875,5482.2979167904605,5417.911581449662,5473.1083984375,2030331,11112221647.708008
2006-09-12 00:00:00,5491.489266843027,5555.875629351503,5454.701567184516,5537.4970703125,3884118,21508292045.748047
2006-09-13 00:00:00,5565.095201417174,5583.4737587001055,5519.08740234375,5519.08740234375,2635491,14545505177.090332
2006-09-14 00:00:00,5528.2769236961485,5574.284237347707,5491.488742130839,5519.08740234375,2985879,16479327173.822754
2006-09-15 00:00:00,5528.27587890625,5546.6850142876165,5500.707805481015,5528.27587890625,5293819,29265691884.995605
2006-09-18 00:00:00,5546.68571067278,5574.283883712987,5500.70849609375,5500.70849609375,2022207,11123571225.760254
2006-09-19 00:00:00,5509.897172243943,5509.897172243943,5390.31352137933,5408.72265625,5552438,30031597208.023438
2006-09-20 00:00:00,5427.102094243719,5473.109401308797,5381.124883330048,5445.51123046875,5847519,31842730384.879395
2006-09-21 00:00:00,5463.89013671875,5509.8979321662,5427.102443474624,5463.89013671875,5015325,27403184799.938965
2006-09-22 00:00:00,5436.290728910455,5436.290728910455,5371.90438650866,5408.72265625,4734538,25607802947.476562
2006-09-25 00:00:00,5445.512235574619,5463.89079361867,5390.314912862881,5417.91357421875,5382464,29161724768.34375
2006-09-26 00:00:00,5445.511580884273,5491.488309334723,5427.102443474624,5463.89013671875,3815191,20845784474.598145
2006-09-27 00:00:00,5491.488351683438,5519.087009934072,5463.890178854635,5482.29931640625,3882308,21283974494.478516
2006-09-28 00:00:00,5482.299679117961,5555.875071041389,5473.110157810958,5546.68603515625,4603142,25532183449.24121
2006-09-29 00:00:00,5565.093642152583,5666.267666304778,5565.093642152583,5629.47998046875,7765498,43715715529.37012
2006-10-02 00:00:00,5657.079709949102,5657.079709949102,5565.094701640603,5592.693359375,5008242,28009561775.54297
2006-10-03 00:00:00,5574.284570144605,5611.07275390625,5519.087731845278,5611.07275390625,5076176,28482792847.632812
2006-10-04 00:00:00,5629.481872844288,5703.057269249041,5629.481872844288,5684.6787109375,6374733,36238308973.01074
2006-10-05 00:00:00,5730.653874036968,5795.040210885968,5684.676670471001,5721.46435546875,6366167,36423797571.461426
2006-10-06 00:00:00,5712.246622371735,5776.663562008034,5703.057100776482,5730.65576171875,4591941,26314833149.12256
2006-10-09 00:00:00,5712.245556647821,5776.662484265964,5712.245556647821,5767.4423828125,3914895,22578931347.260742
2006-10-10 00:00:00,5785.8510082737075,5795.04052734375,5721.464667908673,5795.04052734375,7091449,41095234352.59131
2006-10-11 00:00:00,5785.8510082737075,5813.449661632076,5749.063321267042,5795.04052734375,4415570,25588407101.323242
2006-10-12 00:00:00,5804.230556095478,5859.427872275492,5785.852000226236,5841.04931640625,4015213,23453057148.87549
2006-10-13 00:00:00,5841.049221347479,5933.033743922397,5813.4505637066195,5877.8369140625,4527149,26609843507.661133
2006-10-16 00:00:00,5868.647418473004,5896.21549465613,5841.049246136839,5850.23828125,4083302,23888289674.304688
2006-10-17 00:00:00,5859.427384651192,5859.427384651192,5730.654692560275,5767.4423828125,4805466,27715248277.564453
2006-10-18 00:00:00,5804.230073064725,5804.230073064725,5721.465172679496,5767.4423828125,3670737,21170764149.958008
2006-10-19 00:00:00,5749.063007320001,5758.252525888219,5693.866189039219,5721.46435546875,3565574,20400304547.786133
2006-10-20 00:00:00,5739.842907183466,5749.063007320001,5666.267537187968,5721.46435546875,3719039,21278349075.098145
2006-10-23 00:00:00,5739.84423828125,5785.852034084965,5693.867509474775,5739.84423828125,2362794,13562069527.145508
2006-10-24 00:00:00,5739.84423828125,5776.662998807485,5703.056544752256,5739.84423828125,3260261,18713390316.143066
2006-10-25 00:00:00,5730.655203003769,5749.064340555971,5675.458371922574,5739.84423828125,2955213,16962462310.943848
2006-10-26 00:00:00,5767.444054169738,5767.444054169738,5675.45951109648,5693.86865234375,3762315,21422127438.742676
2006-10-27 00:00:00,5712.246161478795,5739.844334772423,5666.268946477576,5703.056640625,3492276,19916647832.695312
2006-10-30 00:00:00,5675.459092913382,5712.246791115759,5666.269571046664,5684.6787109375,1916344,10893799939.632812
2006-10-31 00:00:00,5693.866189039219,5730.653874036968,5675.457055756186,5721.46435546875,2718592,15554327225.0625
2006-11-01 00:00:00,5721.465727011712,5785.852079295332,5712.246110086781,5758.25390625,3595300,20702650269.140625
2006-11-02 00:00:00,5739.844266716404,5739.844266716404,5675.4584000387595,5712.24609375,3884888,22191436302.65625
2006-11-03 00:00:00,5730.656353256743,5739.845390378641,5666.269988552654,5693.86865234375,3818837,21743956282.71045
2006-11-06 00:00:00,5739.843727019266,5785.851518724954,5730.654692560275,5767.4423828125,3923621,22629258049.493164
2006-11-07 00:00:00,5767.441873985381,5822.638695280372,5758.252840337084,5795.04052734375,4187800,24268470720.410156
2006-11-08 00:00:00,5767.441873985381,5850.237348638741,5758.252840337084,5795.04052734375,5363769,31083258734.31006
2006-11-09 00:00:00,5804.230703710965,5813.450806166219,5703.056656420433,5749.064453125,4025745,23144267476.845703
2006-11-10 00:00:00,5739.84423828125,5767.442896532764,5712.246065451568,5739.84423828125,2513471,14426932037.437012
2006-11-13 00:00:00,5739.84423828125,5795.041554784278,5703.056544752256,5739.84423828125,3875242,22243285465.645508
2006-11-14 00:00:00,5739.842907183466,5767.441559034717,5684.676670471001,5721.46435546875,3964969,22685428804.038574
2006-11-15 00:00:00,5749.0643854788805,5767.442941599283,5721.465727011712,5758.25390625,3132611,18038369527.51172
2006-11-16 00:00:00,5758.253852595563,5831.829239542904,5739.844229649216,5813.45068359375,4485096,26073884407.183594
2006-11-17 00:00:00,5822.639093582591,5859.427268527526,5813.450059305711,5831.82861328125,5792838,33782838400.50293
2006-11-20 00:00:00,5804.229560992047,5831.828214350416,5767.441873985381,5795.04052734375,4034958,23382745136.129883
2006-11-21 00:00:00,5804.230073064725,5804.230073064725,5749.06382847273,5767.4423828125,4431630,25559170686.94336
2006-11-22 00:00:00,5785.851518724954,5795.041038605734,5739.843727019266,5767.4423828125,4704949,27135522271.57129
2006-11-23 00:00:00,5776.663562008034,5776.663562008034,5703.057100776482,5730.65576171875,3419046,19593375659.481445
2006-11-24 00:00:00,5730.655299340468,5730.655299340468,5666.268946477576,5703.056640625,4258336,24285531402.8125
2006-11-27 00:00:00,5721.465382880052,5721.465382880052,5647.859418098714,5666.2685546875,4187083,23725136738.7666
2006-11-28 00:00:00,5675.458031596574,5721.465339219652,5620.260718403426,5647.859375,3750532,21182477317.4375
2006-11-29 00:00:00,5693.868232804218,5721.466409139877,5638.6709092891115,5684.6787109375,4338872,24665093287.882812
2006-11-30 00:00:00,5721.465407227057,5721.465407227057,5620.260785207875,5638.669921875,5786490,32628107116.23047
2006-12-01 00:00:00,5675.45911410661,5675.45911410661,5583.474092045638,5611.07275390625,4625709,25955189737.398926
2006-12-04 00:00:00,5629.481333030641,5638.670368594324,5592.693638355853,5620.26123046875,3212902,18057348547.895508
2006-12-05 00:00:00,5657.079543963933,5666.268578799622,5592.693195279,5638.669921875,4801292,27072900786.539062
2006-12-06 00:00:00,5749.0647576806605,5896.216027895063,5749.0647576806605,5868.64794921875,13390461,78583901486.74365
2006-12-07 00:00:00,5877.837113424194,6061.806650235643,5877.837113424194,5988.2001953125,10506918,62917528419.73242
2006-12-08 00:00:00,5960.63218006204,6052.61669921875,5951.412078333951,6052.61669921875,6153263,37243342388.48486
2006-12-11 00:00:00,6052.616562714805,6135.381463698642,6043.396946616448,6070.9951171875,5096699,30942034742.774414
2006-12-12 00:00:00,6043.396946616448,6089.404253233101,6015.798290623603,6070.9951171875,5616073,34095151760.768555
2006-12-13 00:00:00,6089.404163501341,6126.192338899329,6070.995027727012,6107.783203125,5988846,36578573004.90234
2006-12-14 00:00:00,6117.002979542146,6144.601635852243,6034.207496033653,6061.80615234375,6843237,41482376148.54639
2006-12-15 00:00:00,6098.593727028511,6135.381417268412,6070.9950712445225,6126.1923828125,9317059,57078095876.01465
2006-12-18 00:00:00,6126.192338899329,6144.601474673658,6080.184547538842,6107.783203125,4376171,26728703727.802734
2006-12-19 00:00:00,6080.184707027711,6089.404323232049,6052.616632290871,6061.80615234375,4359635,26427262264.973145
2006-12-20 00:00:00,6098.593910721208,6107.783430875702,6052.61669921875,6052.61669921875,3087408,18686897218.101562
2006-12-21 00:00:00,6052.617145631051,6080.18522270602,6006.60934916168,6034.2080078125,2743578,16555320337.658203
2006-12-22 00:00:00,6006.60934916168,6043.397528644769,5988.20021134313,6034.2080078125,837458,5053395769.806641
2006-12-27 00:00:00,6080.18465747314,6126.192449665483,6034.207446853805,6117.0029296875,3764417,23026949817.56543
2006-12-28 00:00:00,6135.3814842216725,6153.790620328852,6107.783313558303,6117.0029296875,1696849,10379630304.237305
2006-12-29 00:00:00,6089.404163501341,6126.192338899329,6061.805993336968,6107.783203125,2288607,13978315393.154297
2007-01-02 00:00:00,6126.193246211716,6254.965470986308,6098.594586538091,6236.5869140625,3560006,22202286833.583984
2007-01-03 00:00:00,6254.964814967692,6374.548476871271,6245.77578018046,6356.169921875,5427629,34498932196.896484
2007-01-04 00:00:00,6319.3510274721,6392.957476018074,6319.3510274721,6374.54833984375,6704298,42736871685.71777
2007-01-05 00:00:00,6346.949776912217,6383.73746822826,6319.351120320892,6337.7607421875,5992188,37977053866.20703
2007-01-08 00:00:00,6346.950585248741,6438.935116040621,6346.950585248741,6383.73828125,6842192,43678762998.0625
2007-01-09 00:00:00,6402.14606520041,6466.532407682305,6383.736930306837,6392.95703125,8016309,51247918986.22266
2007-01-10 00:00:00,6346.950221022465,6374.54887954493,6273.3748332421455,6319.3515625,5519213,34877847295.32031
2007-01-11 00:00:00,6356.169878632306,6365.358913357023,6199.7679446526745,6337.7607421875,6197046,39275394856.33008
2007-01-12 00:00:00,6337.7607421875,6337.7607421875,6236.586217542286,6337.7607421875,4566620,28942144960.48828
2007-01-15 00:00:00,6356.170462786729,6365.3594983559515,6300.97314453125,6300.97314453125,3719163,23434346183.134277
2007-01-16 00:00:00,6282.563035238832,6310.161690100384,6199.767556075948,6227.3662109375,6206061,38647414574.41699
2007-01-17 00:00:00,6172.199482786048,6227.3662109375,6144.601313346268,6227.3662109375,6282922,39126056168.75586
2007-01-18 00:00:00,6236.586340018914,6291.7530727113835,6190.5790315010745,6199.76806640625,4957540,30735598179.93164
2007-01-19 00:00:00,6172.200945992415,6282.564524608424,6144.602770010102,6273.37548828125,6854936,43003587476.13672
2007-01-22 00:00:00,6291.752554809389,6300.972170529826,6227.3662109375,6227.3662109375,3488744,21725686504.210938
2007-01-23 00:00:00,6245.776408453147,6300.973242141852,6199.768610476014,6264.185546875,8452997,52951141635.177734
2007-01-24 00:00:00,6300.972833895345,6457.344192963429,6300.972833895345,6438.9345703125,7159337,46098502509.81738
2007-01-25 00:00:00,6438.935116040621,6457.344740251847,6374.549245354983,6383.73828125,5103431,32578967840.41797
2007-01-26 00:00:00,6356.17043635673,6392.958130900722,6328.57177734375,6328.57177734375,5343694,33817951035.161133
2007-01-29 00:00:00,6310.1625271323055,6356.170323387705,6291.753389399371,6319.3515625,3046504,19251929812.5625
2007-01-30 00:00:00,6319.351120320892,6356.169878632306,6300.972565449654,6337.7607421875,2673298,16942723116.56836
2007-01-31 00:00:00,6300.973242141852,6328.5719016971325,6236.58688731972,6264.185546875,4386066,27475131244.839844
2007-02-01 00:00:00,6310.1631860126245,6328.572325667762,6254.965863204225,6273.37548828125,5088636,31922924351.185547
2007-02-02 00:00:00,6291.75244140625,6310.161576365436,6273.3738880181645,6291.75244140625,5376706,33828903102.223633
2007-02-05 00:00:00,6291.753485774042,6300.973102858668,6236.586749459798,6282.56396484375,3687339,23165943127.56299
2007-02-06 00:00:00,6291.752949151369,6383.73746822826,6291.752949151369,6337.7607421875,4702627,29804124785.750977
2007-02-07 00:00:00,6328.571265095914,6356.169921875,6310.162128525865,6356.169921875,4707533,29921879660.833984
2007-02-08 00:00:00,6337.760785304952,6383.7375116585035,6319.351163313098,6356.169921875,4630561,29432632549.60742
2007-02-09 00:00:00,6374.54887954493,6383.737914912625,6310.1625271323055,6319.3515625,3895453,24616737002.195312
2007-02-12 00:00:00,6291.75345971757,6337.761256487164,6282.563938825335,6310.16259765625,2766026,17454073809.344727
2007-02-13 00:00:00,6310.162016120246,6356.1698086498245,6310.162016120246,6346.94970703125,2666094,16921564532.217773
2007-02-14 00:00:00,6346.95007485145,6411.33642578125,6346.95007485145,6411.33642578125,4375857,28055091378.109863
2007-02-15 00:00:00,6402.14687742916,6448.1546724254,6383.737740200054,6438.9345703125,3754471,24174793115.135742
2007-02-16 00:00:00,6438.935072509188,6530.920088101054,6429.746036676295,6484.94287109375,4909394,31837139621.69043
2007-02-19 00:00:00,6484.942288023831,6567.707193342181,6484.942288023831,6521.72998046875,3433454,22392059888.36035
2007-02-20 00:00:00,6540.13999814162,6659.692603129832,6521.730374597537,6558.5185546875,7236467,47460503089.88379
2007-02-21 00:00:00,6586.1169225185085,6641.314242357824,6466.533732428846,6484.94287109375,6074268,39391280963.71289
2007-02-22 00:00:00,6512.540483359729,6549.328173194349,6475.7222119527705,6494.13134765625,3589888,23313204195.375
2007-02-23 00:00:00,6494.132772555188,6521.730948668753,6429.746413113405,6475.7236328125,3496488,22642289973.445312
2007-02-26 00:00:00,6494.131885846769,6512.541023075875,6438.9345703125,6438.9345703125,4258776,27421980013.617188
2007-02-27 00:00:00,6420.556789913701,6420.556789913701,6282.563980270648,6328.57177734375,6464568,40911482597.51953
2007-02-28 00:00:00,6236.586008926388,6291.752738690125,6153.79052734375,6153.79052734375,9226913,56780489816.0249
2007-03-01 00:00:00,6264.184874133612,6457.343917855717,6208.988046372763,6337.7607421875,18043771,114357103484.82129
2007-03-02 00:00:00,6429.745305007638,6466.5329965739575,6337.760785304952,6356.169921875,8755000,55648267666.015625
2007-03-05 00:00:00,6236.58612590954,6402.146510607779,6227.3665097467165,6374.54833984375,8826567,56265378016.36963
2007-03-06 00:00:00,6420.5567577498105,6613.71533203125,6374.548960907186,6613.71533203125,13715768,90712185112.1836
2007-03-07 00:00:00,6496.129298616774,6514.544097980009,6422.531283125649,6431.72314453125,8862476,57000992007.052734
2007-03-08 00:00:00,6459.330599093288,6486.93726117944,6385.701503536746,6468.5224609375,5324722,34443083855.24805
2007-03-09 00:00:00,6468.5224609375,6486.93726117944,6413.308651194047,6468.5224609375,4592051,29703785035.270508
2007-03-12 00:00:00,6523.736212247806,6523.736212247806,6376.509584578095,6413.30859375,3713397,23815160892.10547
2007-03-13 00:00:00,6431.723669199779,6431.723669199779,6256.889401063411,6275.3046875,6279022,39402776189.515625
2007-03-14 00:00:00,6109.662442353001,6118.884895001645,5953.242983395973,5990.0419921875,14070409,84282340757.25293
2007-03-15 00:00:00,6100.47066841437,6128.077818133444,6008.457356726461,6091.2783203125,8514548,51864481639.66016
2007-03-16 00:00:00,6072.862732500214,6091.277531733433,5962.465710042975,6017.64892578125,8852846,53273319222.006836
2007-03-19 00:00:00,6100.470582051358,6118.885383407869,5980.850607908993,6026.87255859375,4113600,24792142957.03125
2007-03-20 00:00:00,6026.871505061643,6155.683319087515,6017.6485677179135,6128.07666015625,8806727,53968298181.06787
2007-03-21 00:00:00,6164.8755530418985,6293.687850290096,6146.491346218489,6220.08935546875,7060284,43915597354.98633
2007-03-22 00:00:00,6321.294362648597,6404.115307160631,6293.687704858634,6302.91015625,8112147,51130133715.29297
2007-03-23 00:00:00,6321.294647314418,6339.709931090985,6229.281838245025,6293.68798828125,5118952,32217086714.98828
2007-03-26 00:00:00,6256.889032787972,6256.889032787972,6146.492007043514,6183.291015625,5208730,32207093411.816406
2007-03-27 00:00:00,6238.50405053062,6238.50405053062,6128.076447495511,6155.68310546875,4047265,24913680783.85498
2007-03-28 00:00:00,6118.883583484409,6146.490724691773,6082.053991605137,6109.6611328125,3671194,22429751292.814453
2007-03-29 00:00:00,6128.075928752136,6174.0973803281,6091.276442277047,6109.6611328125,5060982,30920885019.26367
2007-03-30 00:00:00,6146.49192141372,6146.49192141372,6036.063820654953,6082.05517578125,4298661,26144693383.979004
2007-04-02 00:00:00,6109.66301651624,6137.26968066413,6072.863518695295,6091.2783203125,3032904,18474262382.789062
2007-04-03 00:00:00,6146.490861773158,6146.490861773158,6026.870920150241,6063.669921875,5329804,32318172204.289062
2007-04-04 00:00:00,6109.662562262168,6128.077362510231,6072.86306717727,6100.47021484375,3138012,19143348739.822266
2007-04-05 00:00:00,6109.662867774205,6164.8766802969685,6036.0643594952835,6137.26953125,6388647,39208848579.01172
2007-04-10 00:00:00,6164.875451514611,6220.089253032166,6118.88410144965,6155.68310546875,7337578,45167804929.65918
2007-04-11 00:00:00,6174.098917812251,6201.6754749115535,6128.0774547759465,6164.87646484375,7393801,45581869770.63818
2007-04-12 00:00:00,6183.291289310964,6229.282647113668,6174.098941718551,6210.8984375,5165249,32080836943.398438
2007-04-13 00:00:00,6192.484406367835,6229.283421150689,6164.877254748395,6201.67626953125,3481605,21591787108.381348
2007-04-16 00:00:00,6238.504352496736,6440.914665459157,6229.281900597743,6348.90185546875,8433993,53546593806.71045
2007-04-17 00:00:00,6385.700797350643,6385.700797350643,6275.30378105476,6293.68798828125,5314183,33445809714.628418
2007-04-18 00:00:00,6284.496457920581,6293.688805512994,6174.098941718551,6210.8984375,6222481,38647197520.27344
2007-04-19 00:00:00,6174.09814453125,6192.482837342281,6137.268548093369,6174.09814453125,3252880,20083600372.382812
2007-04-20 00:00:00,6201.675498924632,6275.304595899326,6118.885130911638,6210.8984375,5891004,36588427538.90625
2007-04-23 00:00:00,6247.696499467718,6247.696499467718,6118.88420221952,6220.08935546875,4255690,26470772069.174805
2007-04-24 00:00:00,6275.304571601154,6284.496433586817,6100.470306693806,6164.87646484375,6335300,39056341867.72461
2007-04-25 00:00:00,6082.054681288134,6201.674633807712,6026.871469162085,6118.88427734375,13672830,83662464513.79395
2007-04-26 00:00:00,6155.683929946332,6183.2910771882825,5999.264955895878,6036.06396484375,8823493,53259168141.351074
2007-04-27 00:00:00,5980.850770541953,6008.45743504971,5907.252259511855,5944.0517578125,5917876,35176161240.31641
2007-04-30 00:00:00,5934.859626749807,6008.4576549016965,5907.252475660702,5916.44482421875,5952528,35217803476.61719
2007-05-01 00:00:00,5916.443717509907,5916.443717509907,5806.015619380982,5842.845703125,4705234,27491956259.097656
2007-05-02 00:00:00,5888.837559978029,6100.470853937788,5888.837559978029,6054.4794921875,10347373,62647957626.51465
2007-05-03 00:00:00,6054.478524247686,6146.491824023519,5971.657571383678,6017.64892578125,10339135,62217284626.257324
2007-05-04 00:00:00,5980.850028905024,6054.478636218892,5907.251527001283,5962.4658203125,5478450,32665070873.291016
2007-05-08 00:00:00,6066.796898556578,6075.98924681943,5928.915073612147,5938.107421875,4386855,26049616234.189453
2007-05-09 00:00:00,5984.0662865027325,6080.583241886612,5974.873941167058,6016.23828125,5380379,32369642107.433594
2007-05-10 00:00:00,6011.641981135403,6030.0261851035075,5919.720961294878,5984.06591796875,4247090,25414866519.5459
2007-05-11 00:00:00,5947.29833984375,5947.29833984375,5947.29833984375,5947.29833984375,7554660,44929816876.083984
2007-05-14 00:00:00,5993.258010137192,6034.62234928059,5882.952782040779,5919.72119140625,3252546,19254165482.223633
2007-05-15 00:00:00,5919.722532654296,5951.89501953125,5869.165836929245,5951.89501953125,4356592,25929978226.929688
2007-05-16 00:00:00,5951.89589927678,6057.605237170946,5919.723407644433,5993.26025390625,5829110,34935373278.64746
2007-05-17 00:00:00,6011.644725755797,6034.624869814776,5910.531314982321,5928.91552734375,3392105,20111504004.88037
2007-05-18 00:00:00,5956.491154108023,6066.796410969888,5933.51101365459,6007.0478515625,4736643,28453241156.768555
2007-05-21 00:00:00,6016.239452487403,6066.796147748364,5938.106686993002,6002.45166015625,4684720,28119805341.367188
2007-05-22 00:00:00,6039.220397158775,6043.816328179079,5910.530444020978,5956.4912109375,6699668,39906513558.19922
2007-05-23 00:00:00,5961.08756417534,6011.644265693044,5910.530862657636,5938.107421875,3937925,23383821669.28711
2007-05-24 00:00:00,5919.7223803757315,5965.682658528125,5818.608991526663,5846.185546875,6281195,36721031426.103516
2007-05-25 00:00:00,5846.185043072347,5988.662767094591,5786.436006823611,5905.93359375,5783265,34155579045.058594
2007-05-29 00:00:00,5901.337976181179,5933.510461162976,5745.071967391813,5859.97314453125,8855802,51894761893.28613
2007-05-30 00:00:00,5791.033010022026,5832.397847143447,5745.072727315346,5804.8212890625,4539993,26353848018.594727
2007-05-31 00:00:00,5836.99265416652,5869.165137207874,5745.0716208848535,5768.0517578125,5023839,28977763374.916992
2007-06-01 00:00:00,5768.0517578125,5768.0517578125,5768.0517578125,5768.0517578125,5582081,32197732124.301758
2007-06-04 00:00:00,5823.20547554702,5928.914805141572,5791.032986440648,5864.5703125,6907775,40511132190.42969
2007-06-05 00:00:00,5928.913168085535,5956.489718439916,5869.164623079092,5887.548828125,6498953,38262903119.18945
2007-06-06 00:00:00,5919.723663948651,5993.260513394368,5887.551170923342,5928.91552734375,7967434,47238243155.68652
2007-06-07 00:00:00,5984.067506408204,6048.411994590975,5873.761767748485,5951.89501953125,8242489,49058429227.64111
2007-06-08 00:00:00,5942.701311471174,6085.17901880999,5915.125247299386,6039.21875,9839979,59425785676.40625
2007-06-11 00:00:00,6048.411917459475,6108.160959632203,5979.4710137654865,6062.2001953125,3844958,23308905138.56836
2007-06-12 00:00:00,6066.795758112621,6066.795758112621,5878.357267073393,5901.337890625,5201704,30697012911.015625
2007-06-13 00:00:00,5915.126885511011,5965.683098089485,5827.801767901853,5896.74267578125,6637382,39138933694.862305
2007-06-14 00:00:00,5951.894950823372,5988.663368095116,5887.549977812254,5933.5107421875,3831958,22736963956.61133
2007-06-15 00:00:00,5970.279489569572,5984.067768201645,5924.318722653051,5956.4912109375,4624829,27547753290.588867
2007-06-18 00:00:00,5951.8961569739595,6030.028938117226,5915.127732251101,5928.91552734375,2804336,16626671254.289062
2007-06-19 00:00:00,5951.8961569739595,6016.240657453346,5928.91552734375,5928.91552734375,4937828,29275965100.552734
2007-06-20 00:00:00,5984.067768201645,6002.451977854022,5938.107001285123,5956.4912109375,4235635,25229522650.239258
2007-06-21 00:00:00,5947.298622820541,5965.682831729472,5832.397438532511,5892.14599609375,5410888,31881742064.51172
2007-06-22 00:00:00,5892.146281744334,5892.146281744334,5786.436954000423,5836.99365234375,6565169,38320849779.563965
2007-06-25 00:00:00,5836.994305694417,5896.743358411297,5754.265109547854,5882.955078125,4029761,23706902938.58008
2007-06-26 00:00:00,5928.914413911611,5984.067526209542,5809.4172987891325,5892.14599609375,8544683,50346519726.34033
2007-06-27 00:00:00,5864.5695090318295,5878.357300556006,5694.515224522612,5781.84033203125,7048397,40752706050.76807
2007-06-28 00:00:00,5832.397308544416,5832.397308544416,5676.131293515677,5726.68798828125,6525461,37369279126.697754
2007-06-29 00:00:00,5731.284258069971,5873.762003760362,5689.919907892488,5818.609375,5323855,30977432614.140625
2007-07-02 00:00:00,5804.820292324695,5832.39684567051,5662.342566370532,5735.87939453125,6035413,34618401064.186035
2007-07-03 00:00:00,5786.43798828125,5814.01455069622,5708.305204057585,5786.43798828125,3224913,18660759092.10205
2007-07-04 00:00:00,5809.418293820605,5878.358724858789,5768.0534525122275,5832.3984375,2825928,16481938051.6875
2007-07-05 00:00:00,5869.166072756455,5869.166072756455,5768.052677243545,5818.609375,4352047,25322861474.640625
2007-07-06 00:00:00,5791.032793591781,5942.702886226223,5791.032793591781,5878.35791015625,3873765,22771377129.836426
2007-07-09 00:00:00,5915.125939930992,5947.297937636754,5864.569249863247,5905.93359375,2652312,15664378541.90625
2007-07-10 00:00:00,5933.509519743713,5933.509519743713,5772.647120357388,5809.416015625,4100809,23823305481.61914
2007-07-11 00:00:00,5754.264319963913,5814.013364482197,5703.708108470035,5731.2841796875,3875944,22214136528.554688
2007-07-12 00:00:00,5731.285028396707,5850.78264955776,5712.900816338946,5832.3984375,4910631,28640756571.539062
2007-07-13 00:00:00,5887.551009696694,5928.9153649843665,5827.802442551031,5882.955078125,5018512,29523680655.03125
2007-07-16 00:00:00,5961.086993447443,5970.2793408301995,5795.629110698153,5850.78173828125,6243435,36528975482.145996
2007-07-17 00:00:00,5836.993805316237,5846.186153242824,5717.496195697666,5745.07275390625,5959902,34240070596.151367
2007-07-18 00:00:00,5680.726263717027,5745.071225369956,5662.34205832634,5666.93798828125,3711777,21034410085.328613
2007-07-19 00:00:00,5694.517123004412,5735.881482509517,5657.7486955395925,5703.70947265625,4395391,25070033282.728027
2007-07-20 00:00:00,5689.919611301303,5717.495681458483,5561.2301509018225,5607.1904296875,5051074,28322333792.44336
2007-07-23 00:00:00,5620.9801087337255,5657.74853515625,5579.615264829947,5657.74853515625,4346956,24593983941.38867
2007-07-24 00:00:00,5630.170058239742,5643.9583348528495,5524.460746824392,5538.2490234375,4564174,25277532198.29883
2007-07-25 00:00:00,5515.269623233996,5529.057901689878,5423.348576146698,5473.9052734375,6411728,35097191711.046875
2007-07-26 00:00:00,5455.519640997537,5492.288053514341,5253.293372155112,5294.65771484375,8119620,42990608674.59961
2007-07-27 00:00:00,5257.890261652485,5299.255097459391,5156.776865997148,5225.7177734375,10684220,55832718349.31641
2007-07-30 00:00:00,5188.948196266862,5322.234050393638,5165.968060771955,5239.5048828125,6377835,33416697624.27246
2007-07-31 00:00:00,5372.792258693859,5515.270013144647,5317.639140971192,5446.3291015625,10396999,56625478222.61621
2007-08-01 00:00:00,5340.618091663516,5409.558981599148,5087.835152280224,5322.23388671875,8993431,47865143226.066895
2007-08-02 00:00:00,5372.791259430202,5455.519949485456,5345.21470569772,5437.1357421875,4993014,27147694880.64258
2007-08-03 00:00:00,5552.038590843426,5561.230939246322,5156.77732094291,5285.46728515625,7759205,41011024186.3208
2007-08-06 00:00:00,5248.697945377731,5331.426638689387,5175.160627720203,5234.90966796875,6575061,34419850396.38428
2007-08-07 00:00:00,5326.830429542193,5450.923948592068,5299.25436173727,5418.75146484375,5024378,27225855647.42871
2007-08-08 00:00:00,5487.692452794158,5547.441490899279,5446.3281076222265,5506.07666015625,4305410,23705917513.40332
2007-08-09 00:00:00,5460.116613937836,5487.692683354004,5257.889838887377,5372.79150390625,7280092,39114416445.25586
2007-08-10 00:00:00,5244.10101678329,5267.081638743151,4977.52978373165,5165.96826171875,10943691,56534760372.05713
2007-08-13 00:00:00,5234.909820037261,5414.155974847578,5198.141402925972,5340.619140625,6459098,34495582409.97266
2007-08-14 00:00:00,5303.8512001941435,5483.097371114102,5230.314359362485,5271.6787109375,6484088,34182028669.445312
2007-08-15 00:00:00,5139.297124681111,5194.459947231908,5038.166416536786,5157.6845703125,8377057,43206217633.52832
2007-08-16 00:00:00,5019.779166255005,5102.522431987977,4877.275849995298,4992.19775390625,9282087,46338013872.9624
2007-08-17 00:00:00,5019.779184601985,5562.209582304665,4946.228913288697,5290.994140625,24352739,128850199357.16992
2007-08-20 00:00:00,5327.770324987763,5415.110838041883,5217.44561975838,5304.7861328125,5968197,31660008683.493164
2007-08-21 00:00:00,5364.544614243335,5382.9320630155435,5235.832472837873,5350.75390625,4694280,25117937047.03125
2007-08-22 00:00:00,5341.559601708422,5470.271723282972,5332.3656359104925,5451.88427734375,4987392,27190684029.75
2007-08-23 00:00:00,5479.466348792625,5534.628693251673,5336.963504192573,5364.54443359375,5068566,27190547521.60254
2007-08-24 00:00:00,5364.543756187274,5396.721907805938,5235.831635369252,5341.5595703125,3986645,21294901753.188477
2007-08-28 00:00:00,5286.398427769179,5309.382618839354,5125.5081189644625,5176.0732421875,6203255,32108502219.96582
2007-08-29 00:00:00,5185.267210009617,5254.220268876887,5102.523442237543,5176.0732421875,4430391,22932028307.52832
2007-08-30 00:00:00,5240.4289517596635,5268.010366368127,5125.507524090003,5222.04150390625,7703197,40226414446.76611
2007-08-31 00:00:00,5235.831437301536,5313.977957713522,5189.862581634322,5281.80029296875,4701769,24833804881.671387
2007-09-03 00:00:00,5332.3671875,5387.53002702535,5313.979736210476,5332.3671875,2682536,14304266945.6875
2007-09-04 00:00:00,5387.529108027542,5387.529108027542,5268.010452204588,5364.54443359375,2884461,15473819201.468262
2007-09-05 00:00:00,5387.529146045932,5392.12588670245,5185.266729278743,5212.84814453125,6240155,32528980413.337402
2007-09-06 00:00:00,5222.042232564287,5245.0264241739815,5028.973760335282,5130.10498046875,12649834,64894976405.50293
2007-09-07 00:00:00,5120.909721370159,5143.8943928418175,4881.872926186643,4891.06640625,10050516,49157741173.078125
2007-09-10 00:00:00,4895.663815484281,4960.020127351366,4822.114022297155,4877.2763671875,10050516,49019144164.83984
2007-09-11 00:00:00,4937.0355433323,5070.344411402397,4904.857389973658,5019.779296875,5631501,28268892130.13086
2007-09-12 00:00:00,4996.795961421799,5056.555543840694,4886.4712509424735,4955.42431640625,5056768,25058431109.625
2007-09-13 00:00:00,4964.617307766635,4987.601984416071,4854.292608213619,4918.64892578125,6846018,33673159081.5791
2007-09-14 00:00:00,4845.098578600401,4918.648369991549,4743.967372609231,4886.47021484375,7159852,34986403540.68945
2007-09-17 00:00:00,4872.6798480274465,4872.6798480274465,4610.658333644937,4675.0146484375,9744561,45555965417.59277
2007-09-18 00:00:00,4675.014489307993,4909.454579183258,4652.030300088729,4835.90478515625,10815395,52302220433.85498
2007-09-19 00:00:00,5125.507722778805,5125.507722778805,4886.470405761535,4946.2294921875,13212339,65351260822.5791
2007-09-20 00:00:00,4918.647660621955,4918.647660621955,4734.772723005926,4789.93505859375,9883335,47340532812.32666
2007-09-21 00:00:00,4789.936161154015,4877.2766673531605,4716.386363440362,4817.517578125,10222365,49246423077.509766
2007-09-24 00:00:00,4849.694851426459,4881.873003470882,4693.401316965428,4734.77294921875,4091208,19370940968.027344
2007-09-25 00:00:00,4697.999146403106,4730.177305908736,4652.030763386567,4688.8056640625,7605125,35658953175.90332
2007-09-26 00:00:00,4730.1760311797425,4854.291408927513,4707.191845865451,4748.5634765625,10440770,49578659089.18945
2007-09-27 00:00:00,4799.129166678675,4932.438512554457,4780.741720936149,4854.29150390625,7897316,38335873962.46289
2007-09-28 00:00:00,4835.903929016175,4891.066264770588,4739.36996286011,4826.71044921875,6061405,29256646850.446777
2007-10-01 00:00:00,4808.323669621174,4822.113891226401,4762.354807300359,4812.92041015625,5489314,26419631388.356445
2007-10-02 00:00:00,4835.903789837089,5024.3754624828425,4835.903789837089,4950.82568359375,11330947,56097543427.03955
2007-10-03 00:00:00,4983.003934576757,5166.878889115221,4955.423007072818,5093.3291015625,9553041,48656781733.71973
2007-10-04 00:00:00,5084.135992250054,5323.173327744157,5038.167610109704,5176.0732421875,13083656,67721961731.58594
2007-10-05 00:00:00,5226.637577387112,5245.025022893762,5125.506869928852,5235.83154296875,10461022,54772148959.29004
2007-10-08 00:00:00,5249.623837847139,5268.011288920627,5139.298645749441,5153.08935546875,6302278,32476201677.004883
2007-10-09 00:00:00,5130.10498046875,5139.298462849926,5038.167728373213,5130.10498046875,7086763,36355838161.70166
2007-10-10 00:00:00,5166.8782849354175,5166.8782849354175,4996.794056865754,5139.296875,8553409,43958508144.296875
2007-10-11 00:00:00,5125.507866867027,5166.879505889832,5019.779913224993,5084.1357421875,8428655,42852426144.06738
2007-10-12 00:00:00,5038.166743700415,5038.166743700415,4886.469943148242,5019.779296875,13945424,70002950681.34375
2007-10-15 00:00:00,4983.003305076503,5038.166124429015,4743.966525727556,4840.50048828125,11762791,56937795579.05029
2007-10-16 00:00:00,4822.114496620999,4822.114496620999,4656.62744567195,4730.17724609375,14226780,67295191041.18164
2007-10-17 00:00:00,4702.594722728215,4891.06640625,4670.417056849831,4891.06640625,15733204,76952145547.07812
2007-10-18 00:00:00,4923.245096938183,4983.004180864226,4748.564100038446,4812.92041015625,11826438,56919704829.64746
2007-10-19 00:00:00,4771.547892425907,4803.726044814655,4688.804627033864,4693.4013671875,10925929,51279770106.393555
2007-10-22 00:00:00,4587.6734677242675,4707.192112305591,4562.390668184821,4615.25439453125,8439507,38950471769.427246
2007-10-23 00:00:00,4716.385492909535,4734.77293894407,4638.238968676922,4697.998046875,9095698,42731571438.96484
2007-10-24 00:00:00,4716.385109941899,4780.741408665398,4615.253922135429,4652.029296875,11152425,51881407831.20117
2007-10-25 00:00:00,4720.983635251497,4720.983635251497,4606.0617109807945,4665.82080078125,11439519,53374745701.132324
2007-10-26 00:00:00,4656.627318807365,4675.014768411869,4550.899362167281,4665.82080078125,10977910,51220960827.10449
2007-10-29 00:00:00,4707.1924410131505,4725.579888720701,4589.97240117043,4702.59521484375,10930258,51400578967.80762
2007-10-30 00:00:00,4693.400925679192,4730.175814762163,4633.641852333515,4652.029296875,8953943,41654005158.54883
2007-10-31 00:00:00,4661.222989580245,4789.935107259549,4638.238804265953,4748.5634765625,9666138,45900269866.21289
2007-11-01 00:00:00,4720.982968031471,4757.757862043057,4527.914531642313,4585.375,12170103,55804486043.625
2007-11-02 00:00:00,4523.31690853456,4527.914134124905,4256.698707529339,4371.62060546875,15183949,66378464320.78662
2007-11-05 00:00:00,4318.757503736786,4321.056117121309,4150.971839398757,4268.19189453125,12571484,53657506111.0293
2007-11-06 00:00:00,4330.24965841967,4362.427817958239,4153.270509442672,4190.04541015625,8354901,35007414587.35986
2007-11-07 00:00:00,4226.819500729799,4240.610207268362,3946.410572291225,4026.855712890625,10761313,43334254732.25415
2007-11-08 00:00:00,3934.918803591507,3967.0967167908498,3666.0019465146356,3815.400146484375,15578847,59439535125.857666
2007-11-09 00:00:00,3879.755972740343,3879.755972740343,3562.57214431403,3702.776611328125,17778939,65831439503.42944
2007-11-12 00:00:00,3695.8812159171407,4072.8243648705557,3695.8812159171407,4042.94482421875,14859188,60074877216.69336
2007-11-13 00:00:00,4008.4678724224714,4258.997235863029,3911.9336646172824,4208.431640625,12357791,52006918652.63086
2007-11-14 00:00:00,4357.829935028234,4412.992271646023,4231.4159434104085,4293.4736328125,13075985,56141396820.55176
2007-11-15 00:00:00,4410.693407938693,4435.9762048240955,4019.959848212999,4123.3896484375,9077461,37429908721.49512
2007-11-16 00:00:00,4045.243322206525,4056.735416231371,3888.949775023923,3921.1279296875,7600477,29802442643.64746
2007-11-19 00:00:00,3999.274723260692,4017.6621709236524,3691.2846106635952,3714.268798828125,6988560,25957390356.73828
2007-11-20 00:00:00,3760.2378578026505,3886.6516278150666,3534.9912478888086,3792.415771484375,13353731,50642900052.559814
2007-11-21 00:00:00,3723.462847756582,3815.4000881027055,3643.017458918291,3652.21142578125,11578792,42288196439.14453
2007-11-22 00:00:00,3666.001775799093,3718.865748052375,3495.917765062378,3698.1796875,6693632,24754253898.0
2007-11-23 00:00:00,3723.4629128736788,3875.159483511873,3677.494291896703,3870.5625,7186035,27813997594.6875
2007-11-26 00:00:00,3923.425958798333,3980.88690958321,3769.431038072704,3797.01220703125,7186035,27285462615.15381
2007-11-27 00:00:00,3840.6823244278335,3983.185147397307,3746.4464848264706,3882.053955078125,8734989,33909698595.013916
2007-11-28 00:00:00,3921.12702376554,4088.9126262084537,3847.577250473835,4086.614013671875,8649323,35346444580.57446
2007-11-29 00:00:00,4137.180250205415,4222.222613802001,3916.530895878003,4075.12255859375,10493604,42762722381.34961
2007-11-30 00:00:00,4109.599630994195,4247.505730587604,4033.751227652152,4219.92431640625,10609148,44769801621.552734
2007-12-03 00:00:00,4183.149579695789,4316.458458203277,4075.1230176031427,4263.5947265625,7059604,30099290386.01953
2007-12-04 00:00:00,4265.892592192157,4270.489332038746,4017.661598455427,4038.34765625,8550284,34529019351.671875
2007-12-05 00:00:00,4105.0032828201665,4316.458707239817,4008.4688096165714,4281.982421875,8413340,36025773989.25781
2007-12-06 00:00:00,4606.061813621594,4720.983740453201,4367.024477779631,4399.20263671875,21734685,95615283560.25146
2007-12-07 00:00:00,4486.542041088188,4541.704377549647,4401.500166417184,4445.17041015625,6902960,30684833534.492188
2007-12-10 00:00:00,4367.025017368851,4521.020476629677,4309.56453250998,4504.93115234375,6780190,30544289149.80957
2007-12-11 00:00:00,4523.317440104217,4553.197467326398,4321.055517028249,4350.93505859375,7331144,31897331449.19922
2007-12-12 00:00:00,4247.5065596407785,4442.873167483672,4153.2706903365515,4249.8046875,11165037,47449226578.71094
2007-12-13 00:00:00,4185.447633225068,4185.447633225068,3987.7822265625,3987.7822265625,10068975,40152879544.70215
2007-12-14 00:00:00,3994.677682485985,4075.1228255616934,3909.6357989748094,4036.049560546875,5476527,22103534391.673096
2007-12-17 00:00:00,3953.3062058929486,4024.5576281285853,3886.651524277238,3911.934326171875,6766908,26471699687.24707
2007-12-18 00:00:00,3934.918417512979,4006.169833587666,3831.488848567791,3900.44189453125,6766908,26393931459.63867
2007-12-19 00:00:00,3907.337342723601,3957.9029465128747,3859.070352072638,3911.934326171875,5840403,22847272974.377197
2007-12-20 00:00:00,3918.8294148828477,3994.6775726084743,3909.6356914364587,3951.007568359375,4946096,19542062729.83203
2007-12-21 00:00:00,4036.049737806101,4036.049737806101,3973.9920394034234,4003.87158203125,6085822,24366849759.100586
2007-12-24 00:00:00,4022.2590452251147,4127.986987835417,4008.4683384375385,4077.42138671875,799568,3260175663.3359375
2007-12-27 00:00:00,4068.2263396501075,4155.566563853772,4042.9435473168405,4105.00146484375,2418084,9926238362.115234
2007-12-28 00:00:00,4095.809262919654,4144.076256075473,4056.735751480791,4082.0185546875,1841506,7517061660.568359
2007-12-31 00:00:00,4114.196712010286,4127.98742024244,4047.542026935475,4082.0185546875,674259,2752337748.665039
2008-01-02 00:00:00,4114.196206759307,4160.165066668961,3999.2745426418305,4026.855712890625,3206572,12912402776.995117
2008-01-03 00:00:00,4033.7510159733692,4098.107321914855,3921.1277234040967,4068.2275390625,3951371,16075076319.25293
2008-01-04 00:00:00,4038.3483641127546,4134.88258892353,3879.756197868726,3891.24853515625,5585068,21732887673.748047
2008-01-07 00:00:00,3879.7563137037323,3907.337486926232,3769.4316208137334,3845.280029296875,4746142,18250245048.80713
2008-01-08 00:00:00,3877.457943308946,3905.039116531446,3730.3581099605913,3845.280029296875,7089740,27262035634.907227
2008-01-09 00:00:00,3815.4000122757793,3852.1749076833676,3716.5674201608003,3751.0439453125,5945519,22301903046.69043
2008-01-10 00:00:00,3824.593467794223,3838.3841740186836,3645.315743846183,3677.493896484375,7462724,27444121961.14746
2008-01-11 00:00:00,3661.404663432321,3803.907488452811,3656.8076806115077,3764.833984375,5714028,21512366802.070312
2008-01-14 00:00:00,3732.6562151337957,3859.0699692378967,3730.357602223516,3829.1904296875,4430229,16964190488.124023
2008-01-15 00:00:00,3813.1016112766206,3854.4734896907657,3594.7503680191026,3603.944091796875,8006874,28856326246.06201
2008-01-16 00:00:00,3551.08020808766,3647.614431580247,3479.8287863226965,3597.048828125,9836843,35383604585.59961
2008-01-17 00:00:00,3677.4933546184993,3732.6556857317146,3530.393319326681,3548.781005859375,9188551,32608155260.170166
2008-01-18 00:00:00,3521.200642958973,3636.1225644755623,3420.0696725578105,3431.561767578125,10902367,37412145773.30542
2008-01-21 00:00:00,3328.1327146328545,3351.1169066616903,3151.153076171875,3151.153076171875,12067040,38025090216.28906
2008-01-22 00:00:00,2987.9641315506674,3507.4101775002673,2914.4140920669156,3431.561767578125,16307007,55958501764.82886
2008-01-23 00:00:00,3502.813524412104,3590.1540315435163,3309.7450605245995,3369.504150390625,15015944,50596285630.0332
2008-01-24 00:00:00,3585.55662999963,3698.1796851229215,3516.6035805260467,3679.79248046875,13504737,49694629663.308105
2008-01-25 00:00:00,3787.818679648864,3836.085667111758,3544.1846436912456,3594.750244140625,9423747,33876016828.969482
2008-01-28 00:00:00,3537.2886851952444,3564.8700936875284,3440.75448395712,3509.70751953125,8313441,29177746390.879395
2008-01-29 00:00:00,3560.2736500951223,3675.1953125,3532.6924802573512,3675.1953125,6770101,24881443460.351562
2008-01-30 00:00:00,3585.5564770843675,3615.4360172620723,3539.587860338541,3541.88623046875,8070181,28583662961.290527
2008-01-31 00:00:00,3571.7659174365635,3571.7659174365635,3325.833504203812,3512.006591796875,10832752,38044696431.30078
2008-02-01 00:00:00,3562.571873238161,3643.0170093200736,3466.037661374203,3574.064208984375,9815006,35079461655.566895
2008-02-04 00:00:00,3631.5253470022108,3836.0858879033353,3599.347191622666,3728.0595703125,10655873,39725729317.68457
2008-02-05 00:00:00,3723.4623378937554,3748.7451362339903,3500.5141356336435,3521.199951171875,10487309,36927911938.724365
2008-02-06 00:00:00,3475.231689453125,3537.2893851846984,3367.205375184893,3475.231689453125,10220044,35517020776.40527
2008-02-07 00:00:00,3461.441671426264,3498.216570995239,3312.0434598060247,3348.818359375,8750908,29305201371.601562
2008-02-08 00:00:00,3397.085567656012,3438.457207897358,3295.954351891906,3369.504150390625,5434615,18311957798.275146
2008-02-11 00:00:00,3337.325400911122,3401.681706024861,3295.953767998946,3302.84912109375,6437682,21262692335.581055
2008-02-12 00:00:00,3364.906997611458,3472.9333116436082,3270.671147695998,3438.456787109375,10869139,37373064764.585205
2008-02-13 00:00:00,3374.1008030036314,3489.022473291161,3316.6398464456947,3394.78662109375,7857367,26674084368.623535
2008-02-14 00:00:00,3429.263164046621,3466.0380598746615,3291.357061863125,3318.9384765625,14053591,46643003903.77246
2008-02-15 00:00:00,3318.938238499321,3339.62405521174,3183.330516324959,3224.702392578125,8976894,28947811559.720215
2008-02-18 00:00:00,3272.969613949105,3360.310112954873,3270.6712436669386,3318.9384765625,6439066,21370863900.52539
2008-02-19 00:00:00,3263.7759289157552,3456.8443771438383,3201.718230758753,3371.802490234375,10206391,34413934590.10571
2008-02-20 00:00:00,3305.147742312849,3394.7866108712296,3266.0742336923095,3339.624267578125,7275141,24296237433.652588
2008-02-21 00:00:00,3355.713273924218,3500.5144827053273,3355.713273924218,3438.456787109375,7831205,26927259983.494873
2008-02-22 00:00:00,3429.2630709164664,3562.5721860869453,3420.069347209135,3475.231689453125,7881029,27388401726.299072
2008-02-25 00:00:00,3668.3002900129286,3746.44706634533,3624.6300397927143,3649.912841796875,12235464,44658377178.94336
2008-02-26 00:00:00,3686.6877033235655,3824.593806466625,3679.79259242909,3801.609375,9996122,38001351108.84375
2008-02-27 00:00:00,3760.2374290788584,3785.5199859360655,3649.9125070718333,3769.43115234375,16465747,62066499688.410645
2008-02-28 00:00:00,3649.912487438439,3930.3214097517625,3645.315747244883,3695.881103515625,18752398,69306633413.8042
2008-02-29 00:00:00,3668.3000186146382,3691.284448598382,3495.917643635719,3539.587890625,13123794,46452822321.45703
2008-03-03 00:00:00,3470.635025471424,3470.635025471424,3364.9070790937626,3394.78662109375,12397058,42085366639.32324
2008-03-04 00:00:00,3410.8752019896333,3493.6189479585764,3325.833086084972,3376.398681640625,9534800,32193286149.70703
2008-03-05 00:00:00,3293.428363107917,3304.9279324785966,3173.8347369059015,3265.829833984375,8217698,26837603295.07373
2008-03-06 00:00:00,3293.428269765719,3309.5274720434595,3116.3375306728854,3139.33642578125,7330495,23012889972.507324
2008-03-07 00:00:00,3045.041582393737,3150.836073320201,3003.6436641673704,3077.239990234375,11743562,36137758614.19678
2008-03-10 00:00:00,3107.1380566482344,3134.736585304213,3017.4427777710143,3035.841796875,6332304,19223873153.71875
2008-03-11 00:00:00,3045.041114707122,3284.228590980529,3045.041114707122,3171.534423828125,12705832,40296983571.37695
2008-03-12 00:00:00,3293.4279445694074,3339.4254872631413,3245.1305854862694,3300.32763671875,8798306,29037292448.1084
2008-03-13 00:00:00,3192.233618644815,3219.8321465780696,3100.2382825528175,3148.535888671875,11098093,34942744106.318115
2008-03-14 00:00:00,3143.9364089524556,3265.8298525282735,2953.0462777042685,3070.340087890625,10851393,33317466937.355713
2008-03-17 00:00:00,2943.8471556007,2943.8471556007,2750.6571822178225,2805.854248046875,21765371,61070458680.66626
2008-03-18 00:00:00,2904.749020764666,3005.943883353488,2808.1540351031495,2999.044189453125,14628626,43871895804.98291
2008-03-19 00:00:00,3054.2412200519384,3102.5388338254925,2796.6546755365475,2911.648681640625,19281589,56141213191.78638
2008-03-20 00:00:00,2838.052377369803,2992.1442316544553,2838.052377369803,2955.34619140625,14970165,44242020117.473145
2008-03-25 00:00:00,3183.034901393908,3265.830505796367,3162.3358180573855,3231.33251953125,11839152,38256236861.27344
2008-03-26 00:00:00,3201.4337097211364,3245.1314476348393,3109.438356911723,3132.437255859375,16863156,52822778105.768555
2008-03-27 00:00:00,3153.1359630539737,3215.232963319443,3100.238716368057,3157.73583984375,14814498,46780271283.893555
2008-03-28 00:00:00,3173.8352131048428,3180.7346641850445,3102.538941426517,3125.53759765625,6303452,19701676221.021484
2008-03-31 00:00:00,3107.138207727818,3153.1357577243393,3047.3415142229246,3102.53857421875,8514147,26415469494.068848
2008-04-01 00:00:00,3070.340263252727,3376.224405463075,3047.341609029533,3321.02734375,12079667,40116904410.39453
2008-04-02 00:00:00,3348.6261128406363,3514.217309760654,3332.5269079503364,3509.61767578125,11153508,39144548823.76758
2008-04-03 00:00:00,3518.8170863445075,3530.316413946184,3355.5254680910075,3387.723876953125,6258487,21202025843.500732
2008-04-04 00:00:00,3417.622630346371,3424.5220814446093,3344.026298467722,3403.8232421875,6986059,23779309995.493164
2008-04-07 00:00:00,3440.6207560038647,3521.1165265662303,3413.0222269237247,3459.019775390625,7239910,25042991862.04834
2008-04-08 00:00:00,3396.92358649739,3442.921142578125,3334.8268250430974,3442.921142578125,5144439,17711897799.803467
2008-04-09 00:00:00,3387.7238292955876,3440.6210756928167,3357.8254807593557,3396.92333984375,4319011,14671349270.941895
2008-04-10 00:00:00,3376.224345148971,3403.8228755124783,3231.331999995265,3332.526611328125,9073700,30238346713.208008
2008-04-11 00:00:00,3344.025846750266,3376.2242527840767,3222.1321587435973,3302.628173828125,5625019,18577346227.718506
2008-04-14 00:00:00,3219.8322060846426,3334.826196089012,3210.6326966035394,3233.631591796875,6805289,22005797501.707764
2008-04-15 00:00:00,3219.8325916491053,3261.2305107619136,3164.6355281528167,3206.033447265625,6462282,20718292237.662598
2008-04-16 00:00:00,3238.231572867197,3463.6199438350577,3201.4335309902845,3449.820556640625,10181503,35124358346.89819
2008-04-17 00:00:00,3484.318466833452,3574.0137465496528,3302.62809073683,3367.024658203125,11416319,38439027578.91284
2008-04-18 00:00:00,3355.525217255654,3544.115536520111,3240.531220891469,3532.615966796875,22642131,79985953492.9065
2008-04-21 00:00:00,3592.4132015339196,3668.309099374167,3350.925635362877,3426.821533203125,18265709,62593324920.42212
2008-04-22 00:00:00,3311.828220782116,3468.219913925805,3231.332435624622,3293.428955078125,18239748,60071314196.52832
2008-04-23 00:00:00,3242.831160659157,3279.629199257399,3065.740174688092,3173.834716796875,16826197,53403568190.26343
2008-04-24 00:00:00,3127.8368787629156,3134.736328125,3017.4425302147883,3134.736328125,8980079,28150179870.73242
2008-04-25 00:00:00,3150.8356376301294,3242.830971747694,3141.6361285164876,3210.632568359375,7737346,24841775060.265137
2008-04-28 00:00:00,3242.8312050583445,3291.1285706345097,3210.6327993534596,3261.230224609375,5035297,16421262766.284912
2008-04-29 00:00:00,3212.9325477333214,3272.7294814932507,3146.2361640243353,3226.73193359375,5713989,18437510774.503418
2008-04-30 00:00:00,3242.831160659157,3247.430793993358,3107.138089601693,3173.834716796875,7362113,23366129828.38159
2008-05-01 00:00:00,3192.234423740618,3208.333629840595,3118.6383306906755,3183.034912109375,3857526,12278639932.369629
2008-05-02 00:00:00,3247.4308235319513,3392.323405556917,3247.4308235319513,3360.125,8895465,29889874333.125
2008-05-06 00:00:00,3350.9259895205464,3394.623728009239,3300.32855695865,3357.82568359375,6334238,21269267042.395508
2008-05-07 00:00:00,3293.4289103039673,3396.923593948537,3224.432697522122,3348.626220703125,5812194,19462865228.21338
2008-05-08 00:00:00,3311.827520231448,3330.226539062292,3256.6302207577646,3286.52880859375,4498650,14784942824.780273
2008-05-09 00:00:00,3247.4309472205373,3263.530150612184,3150.8359698518243,3192.23388671875,5718511,18254824595.773926
2008-05-12 00:00:00,3185.3338087778648,3235.931229618722,3111.737736995629,3171.534423828125,3496784,11090170828.691406
2008-05-13 00:00:00,3201.433845689643,3201.433845689643,3058.8412979092395,3107.138671875,5386781,16737475562.021484
2008-05-14 00:00:00,3127.837409270946,3127.837409270946,2936.947265625,2936.947265625,10332938,30347294004.972656
2008-05-15 00:00:00,3033.2184016424158,3033.2184016424158,2818.8565329014846,2958.191650390625,11483705,33971000246.549072
2008-05-16 00:00:00,2928.717527795004,3001.064451280683,2794.4733303295197,2856.370361328125,13326925,38066633577.64282
2008-05-19 00:00:00,2883.16519833064,2883.16519833064,2663.4443757799386,2743.830078125,17917016,49161247411.046875
2008-05-20 00:00:00,2695.598322924381,2834.9334309001415,2650.0466476101096,2722.3935546875,21633313,58894391877.737305
2008-05-21 00:00:00,2722.3941584371305,2767.94608683467,2545.5458811579992,2588.418212890625,24761030,64091901021.93115
2008-05-22 00:00:00,2540.186644752072,2652.72654401443,2518.750600739868,2623.251953125,27555578,72285223807.98828
2008-05-23 00:00:00,2631.2902482872805,2725.073448204208,2596.4564674911785,2644.687744140625,17947045,47464329955.04028
2008-05-27 00:00:00,2625.9307631752995,2671.482681370777,2545.5453110434505,2585.738037109375,15925037,41177973913.27417
2008-05-28 00:00:00,2623.2516988799816,2663.44442937064,2529.4682560998262,2550.904541015625,24018541,61269005305.46997
2008-05-29 00:00:00,2529.4681828155394,2558.943012975519,2395.492256407476,2483.91650390625,32238312,80077275234.8789
2008-05-30 00:00:00,2483.9165439768976,2553.5841045869433,2411.5693870414907,2449.082763671875,29947272,73343347674.19336
2008-06-02 00:00:00,2441.044040469174,2473.1982221146,2352.619797963101,2422.287353515625,29378704,71163663161.8789
2008-06-03 00:00:00,2398.171911619089,2636.649450259978,2390.1333647418633,2623.251953125,37234561,97675634867.00195
2008-06-04 00:00:00,2679.521547446372,2708.9963787449774,2566.9816580044194,2674.16259765625,26846729,71792518561.21338
2008-06-05 00:00:00,2781.3433248489305,2797.420660358074,2644.6877953800317,2775.984375,17310067,48052475522.203125
2008-06-06 00:00:00,2808.1385429122856,2824.2158783232776,2609.8539979759194,2631.290283203125,14621367,38473060914.246826
2008-06-09 00:00:00,2625.9312256165863,2655.406058576378,2470.5190001511837,2505.352783203125,18729631,46924333154.21753
2008-06-10 00:00:00,2443.7235870295585,2580.379355800665,2382.0945720107075,2499.99365234375,13460088,33650134559.98828
2008-06-11 00:00:00,2572.340776468781,2596.4566595585975,2233.1135224525706,2274.9140625,29024664,66028616292.9375
2008-06-12 00:00:00,2304.3883906987794,2465.159792436006,2186.489557143076,2454.441650390625,21778879,53454987716.417725
2008-06-13 00:00:00,2561.6227813589812,2583.0588241127284,2427.110829464908,2532.14794921875,12191096,30869658735.128906
2008-06-16 00:00:00,2572.340468074544,2644.687622708018,2454.441635246297,2518.750244140625,16006576,40316567207.85547
2008-06-17 00:00:00,2542.865714978674,2663.444136157592,2538.578555659947,2585.738037109375,16042089,41480639721.9939
2008-06-18 00:00:00,2550.905297939553,2569.6619920612125,2451.7628760027437,2457.1220703125,13454157,33058506102.149414
2008-06-19 00:00:00,2414.249085455466,2478.557456134124,2366.017564465293,2408.889892578125,12652794,30479187579.473145
2008-06-20 00:00:00,2411.5696963477512,2465.160171841443,2288.3116513084988,2349.940673828125,11787888,27700837469.73047
2008-06-23 00:00:00,2336.543166437397,2411.5696860184917,2266.875597190238,2299.02978515625,12549613,28851934079.184082
2008-06-24 00:00:00,2282.9527009516096,2387.4540552699495,2234.721175814807,2349.940673828125,13322290,31306591139.53369
2008-06-25 00:00:00,2411.5701335857907,2486.5966670911844,2374.056745342472,2457.1220703125,12140298,29830194155.970703
2008-06-26 00:00:00,2411.5692300033497,2478.5571899258684,2315.1064413647237,2336.542724609375,13640877,31872491911.641357
2008-06-27 00:00:00,2341.902072229238,2371.3769059582814,2285.632001377753,2333.863525390625,10552980,24629215106.176758
2008-06-30 00:00:00,2331.1834148084213,2357.9786460230926,2253.4773171802167,2304.38818359375,8457002,19488215477.42871
2008-07-01 00:00:00,2304.38858983796,2304.38858983796,2141.473837190389,2186.48974609375,15431820,33741516193.564453
2008-07-02 00:00:00,2165.053460150521,2285.6319003829303,2090.0269453115857,2186.48974609375,15991456,34965154569.109375
2008-07-03 00:00:00,2165.0528507563513,2304.387941225352,2136.1140429651828,2282.951904296875,13971741,31896812722.292725
2008-07-04 00:00:00,2285.631986412893,2304.3886765739144,2186.489828392055,2210.60546875,5979697,13218750889.667969
2008-07-07 00:00:00,2229.3622116372803,2249.4050017233535,2103.9605872326833,2154.33544921875,13907921,29962327235.233887
2008-07-08 00:00:00,2068.5903411727054,2148.9760366229143,2037.507950019258,2088.954833984375,16085171,33601195715.915283
2008-07-09 00:00:00,2143.6172102745904,2229.3618598085886,2133.970858233139,2173.091796875,13674526,29716000276.753906
2008-07-10 00:00:00,2122.181158095038,2159.6945374797156,2091.098761767167,2142.545654296875,9848499,21100858733.79712
2008-07-11 00:00:00,2111.462978461126,2143.61740722654,1943.1891551097588,1958.1944580078125,14689934,28765747347.300537
2008-07-14 00:00:00,2004.2820018582713,2047.1544487428528,1912.1064901121135,1929.2554931640625,16248806,31348098232.857178
2008-07-15 00:00:00,1870.3060794138275,1881.0241007321295,1705.2476277834958,1793.1358642578125,28979487,51964157467.49304
2008-07-16 00:00:00,1811.3567072861017,1821.0030610193653,1545.5481499197904,1768.484375,33153402,58631273415.09375
2008-07-17 00:00:00,1929.2554331849733,2028.9335927016336,1842.4388736941903,1923.8963623046875,29586924,56922175455.385254
2008-07-18 00:00:00,1901.3891279878922,2138.2587895975976,1838.1522864177264,2117.89453125,24150351,51147896310.66797
2008-07-21 00:00:00,2116.8220657201787,2293.670321684642,2069.662336411386,2175.771484375,17993510,39149765961.81641
2008-07-22 00:00:00,2127.5399766614855,2132.89892578125,2020.3589289264744,2132.89892578125,13809744,29454788142.914062
2008-07-23 00:00:00,2210.6052996039,2411.569439838907,2191.8486108780608,2371.376708984375,24980957,59239259597.940186
2008-07-24 00:00:00,2416.9286467046404,2441.0445307636414,2315.106889055345,2349.940673828125,16457783,38674813672.73706
2008-07-25 00:00:00,2250.7977211644074,2344.5811519063272,2197.207501716205,2304.38818359375,13981390,32218549906.21582
2008-07-28 00:00:00,2304.3886765739144,2315.106819948954,2189.1691819999205,2210.60546875,7967564,17613140551.015625
2008-07-29 00:00:00,2114.678882659352,2173.0922958146125,2048.226678969744,2151.65625,12689825,27304141272.65625
2008-07-30 00:00:00,2215.964258462995,2285.6318208835205,2159.6944350362805,2234.720947265625,9924986,22179574115.518066
2008-07-31 00:00:00,2240.0803405818665,2317.7864561622605,2199.8873629836376,2269.554931640625,9533519,21636845062.3396
2008-08-01 00:00:00,2232.041838908467,2366.01778566879,2205.2466009601626,2307.068359375,10417678,24034295291.95703
2008-08-04 00:00:00,2293.6700425116533,2355.2990500072833,2258.836266230695,2304.38818359375,6432707,14823453999.3208
2008-08-05 00:00:00,2336.5428706114203,2491.955083412252,2315.106586027294,2470.518798828125,12938173,31963999618.99048
2008-08-06 00:00:00,2497.3139318544986,2583.05858075354,2430.3259704610896,2510.711669921875,11465585,28786778061.9812
2008-08-07 00:00:00,2465.159299832764,2617.891882280123,2430.325527381846,2497.3134765625,12836878,32057708426.38867
2008-08-08 00:00:00,2459.8006290960957,2615.213083144413,2459.8006290960957,2577.69970703125,15516915,39997947249.52881
2008-08-11 00:00:00,2601.8154994510555,2684.880802502557,2580.379456812112,2668.803466796875,11845796,31614101431.768555
2008-08-12 00:00:00,2647.3673756329417,2754.548315806621,2607.1744015772247,2631.290283203125,12725232,33483779313.10547
2008-08-13 00:00:00,2561.6228684267576,2580.3795583370515,2433.00563560794,2462.48046875,15141887,37286600997.51953
2008-08-14 00:00:00,2475.8778999860315,2489.275395120224,2376.7355126646007,2467.839111328125,8800907,21719222509.761475
2008-08-15 00:00:00,2508.0325060016376,2542.866290807216,2465.160174162557,2494.634765625,5874328,14654302853.484375
2008-08-18 00:00:00,2454.441713341429,2486.5958973210904,2419.6079330364064,2449.082763671875,5131832,12568281297.259766
2008-08-19 00:00:00,2411.569108452435,2411.569108452435,2272.2340033286005,2304.38818359375,10067185,23198702156.052246
2008-08-20 00:00:00,2307.06790383494,2344.5812781516365,2221.3232565234784,2293.670166015625,8450339,19382290457.01831
2008-08-21 00:00:00,2261.5160563562486,2288.3112898708,2207.9255893271456,2245.43896484375,6542308,14690353303.208984
2008-08-22 00:00:00,2269.5545443819415,2395.49216299498,2240.0799583524913,2366.017333984375,7216558,17074501319.703613
2008-08-26 00:00:00,2317.786431713399,2352.620215674453,2272.2345043071296,2333.863525390625,5719184,13347794932.597656
2008-08-27 00:00:00,2357.979391902845,2400.851726811535,2315.1070569941544,2376.736083984375,5088359,12093686443.56665
2008-08-28 00:00:00,2390.133157130631,2505.3526430042925,2352.6200226224328,2465.159912109375,8673594,21381796222.712402
2008-08-29 00:00:00,2505.3526581507494,2556.263531919158,2446.4032381547595,2516.07080078125,7639590,19221749328.94043
2008-09-01 00:00:00,2489.2754424997715,2545.545506289177,2465.159805010525,2526.788818359375,3689208,9321849523.001953
2008-09-02 00:00:00,2534.827737479543,2642.0084453205077,2524.1095938010867,2588.418212890625,10466672,27092124433.152344
2008-09-03 00:00:00,2542.866119929001,2577.699902393782,2481.2371014927594,2540.1865234375,9162401,23274207542.530273
2008-09-04 00:00:00,2540.18659062748,2572.340777451264,2416.9285504947225,2441.04443359375,11177352,27284412881.91797
2008-09-05 00:00:00,2390.132848875774,2411.569131242547,2299.0292562698455,2355.299072265625,12708970,29933425250.45166
2008-09-08 00:00:00,2593.7770293030976,2682.2012848672557,2583.0588861781,2620.572265625,11524278,30200203308.152344
2008-09-09 00:00:00,2625.9311385378087,2800.100048021883,2585.738406726553,2668.803466796875,21655827,57795146173.95337
2008-09-10 00:00:00,2625.931543792768,2692.9197644579303,2529.468729577654,2572.341064453125,14811048,38099066977.98633
2008-09-11 00:00:00,2540.186256304019,2556.2633475999446,2424.9667780416758,2510.711669921875,11900626,29879040577.575684
2008-09-12 00:00:00,2542.8666239518166,2623.252347799492,2505.353237559988,2569.661865234375,13360018,34330728773.444824
2008-09-15 00:00:00,2400.851300833937,2406.2104936099145,2088.95507719054,2256.1572265625,24685285,55693884142.50488
2008-09-16 00:00:00,2186.489658905699,2191.8486086872217,1878.8804743698643,2026.7901611328125,34179585,69274846589.60266
2008-09-17 00:00:00,2197.207832061377,2197.207832061377,1607.713021181122,1815.643798828125,34390761,62441371946.63013
2008-09-18 00:00:00,1729.8992418176604,2017.1439515914276,1618.431134607787,1734.1865234375,29248772,50722826229.49609
2008-09-19 00:00:00,2550.904148580614,2706.3163398772053,2433.005085643837,2288.31103515625,41455496,94863068964.67578
2008-09-22 00:00:00,2304.388060661559,2424.966473204513,2256.156792836828,2315.106201171875,12719032,29445909856.103516
2008-09-23 00:00:00,2272.2343749749475,2282.952517810102,2095.3858686290273,2178.451171875,9431689,20546473954.810547
2008-09-24 00:00:00,2143.616930960633,2309.7472589038557,2142.2878241900694,2250.797607421875,9089402,20458404274.495605
2008-09-25 00:00:00,2191.8488102153274,2422.2878026883363,2173.092119783664,2363.338134765625,9318642,22023102002.828613
2008-09-26 00:00:00,2282.9520320575684,2336.542491849512,2137.185952265747,2229.361572265625,11388147,25388297301.11206
2008-09-29 00:00:00,2154.3351373779233,2170.412471984121,1747.0480467700254,1939.9735107421875,19794372,38400557341.776855
2008-09-30 00:00:00,1747.0478294030386,1961.4094293679905,1688.098298294752,1918.537109375,13948896,26761474610.8125
2008-10-01 00:00:00,1982.8458391612712,2024.6463746440083,1779.2022327944815,1929.2554931640625,12434837,23989977588.84973
2008-10-02 00:00:00,1897.1013221402,2032.1491688027459,1833.8646195015658,1886.38330078125,10004265,18871878432.590332
2008-10-03 00:00:00,1928.1838989924013,2090.026986305956,1854.8185235733233,1995.707763671875,15890648,31713089583.376953
2008-10-06 00:00:00,1768.4843089222015,1851.0136001600863,1532.6863686684155,1587.3486328125,17936095,28470835876.245117
2008-10-07 00:00:00,1607.7129307353732,1649.5134662055495,936.7606619000909,964.627685546875,45173546,43575653125.92529
2008-10-08 00:00:00,1028.9362106315477,1291.529364900143,778.1330495338646,972.1304321289062,41422754,40268319745.98938
2008-10-09 00:00:00,1071.8086090812537,1228.2927464338902,1018.2182575960773,1028.936279296875,22982805,23647841864.505615
2008-10-10 00:00:00,916.3964527731923,981.7767380977367,734.1889886970306,768.48681640625,27100700,20826530665.38086
2008-10-13 00:00:00,739.5478317914695,825.2924727265479,531.6169681823937,704.1781005859375,41438051,29179768045.163208
2008-10-14 00:00:00,803.8564727467613,814.5744934451368,668.8084521716268,696.6754760742188,21991328,15320818903.904297
2008-10-15 00:00:00,718.1116997068438,750.2660047831357,679.5051512727343,696.6754760742188,9079350,6325360483.694458
2008-10-16 00:00:00,678.454865185097,745.9787236094359,661.3058619808804,696.6754760742188,9728446,6777569748.512329
2008-10-17 00:00:00,709.537236007067,769.5585681921934,708.465506774329,735.2607421875,10339124,7601951985.808594
2008-10-20 00:00:00,756.696810297918,908.8936528963014,735.2607080072978,905.6781616210938,13437685,12170217847.243347
2008-10-21 00:00:00,878.8831528014264,886.3857439307529,813.50280529422,849.9442138671875,9488199,8064439840.070435
2008-10-22 00:00:00,809.215500111242,828.5080228173877,732.0452270507812,732.0452270507812,7522510,5506817540.941772
2008-10-23 00:00:00,768.4867967318987,769.5585867357574,693.4602208105648,718.1117553710938,8466440,6079850090.144043
2008-10-24 00:00:00,682.7419386956362,705.2499514107769,624.864373949713,651.6596069335938,9611390,6263354629.485474
2008-10-27 00:00:00,621.6489653112566,667.7367259930978,600.2128611229205,613.074462890625,5458512,3346474312.5820312
2008-10-28 00:00:00,632.3669713086599,642.0132616592751,591.6382303251405,608.7872314453125,6841893,4165257097.3150635
2008-10-29 00:00:00,653.8031532735399,722.3989841665575,643.0851325264108,685.9574584960938,9979602,6845582424.722534
2008-10-30 00:00:00,705.2499370418714,724.542458230776,670.9521148454533,715.9680786132812,10729226,7681783324.227661
2008-10-31 00:00:00,748.1224808892588,757.7687123882399,692.3884289160526,723.4707641601562,8189933,5925177085.930481
2008-11-03 00:00:00,738.4761149568267,739.5480265177367,665.5932360150231,698.8192749023438,6899308,4821369413.887939
2008-11-04 00:00:00,691.3165621742714,703.1064959288851,632.3671363824025,698.8192749023438,15202327,10623679130.968323
2008-11-05 00:00:00,705.2499674326865,762.0559258241353,674.1675742192233,739.5479125976562,7471111,5525244544.835388
2008-11-06 00:00:00,734.1889298175697,739.5479402895836,684.8856811523438,684.8856811523438,8121615,5562377821.332092
2008-11-07 00:00:00,696.6754792432229,723.4707133469204,677.3829568549821,685.9574584960938,13423480,9207936224.973145
2008-11-10 00:00:00,692.388389126094,692.388389126094,638.7979202344725,653.8031616210938,12411869,8114919193.826843
2008-11-11 00:00:00,643.0851519032542,655.9468743798133,607.715415092717,616.2899169921875,7220738,4450068022.642334
2008-11-12 00:00:00,621.648869437026,636.6542919178825,587.3510472799966,600.2127685546875,8323497,4995869178.426636
2008-11-13 00:00:00,577.7048137879764,592.7101162708269,549.8377887510861,563.7713012695312,9438049,5320901166.175598
2008-11-14 00:00:00,584.1356328878564,614.1463602981082,526.2580617907814,546.6223754882812,10360806,5663448387.693237
2008-11-17 00:00:00,535.9042915094935,565.3790630785136,463.02129620110566,479.0984802246094,13044427,6249565151.100861
2008-11-18 00:00:00,478.02651476610237,486.60101599352873,430.86697062376794,446.94415283203125,11301911,5051323037.278015
2008-11-19 00:00:00,450.1595389256252,471.5957638522385,443.7287382674658,453.375,10915556,4948840201.5
2008-11-20 00:00:00,437.2978778354145,518.7552723664901,435.1542070395338,493.03192138671875,16406099,8088730512.430725
2008-11-21 00:00:00,513.3963950680736,526.2581194398958,486.6011258358935,508.0373229980469,12620657,6411764796.756561
2008-11-24 00:00:00,514.4680343245124,557.6726978853296,512.3245152135045,544.478759765625,10139581,5520786487.423096
2008-11-25 00:00:00,535.904216249609,598.0690598970889,535.904216249609,574.4893188476562,12348423,7094037118.112732
2008-11-26 00:00:00,585.2072899970044,590.5664210083099,553.0531721272725,568.0584716796875,5825489,3309218378.126831
2008-11-27 00:00:00,587.3510491837123,597.5332351016303,563.7712470187817,589.49462890625,2950041,1739033324.5532227
2008-11-28 00:00:00,581.9920624746687,593.7818729120688,551.9813377025882,592.7100830078125,6073480,3599812834.946289
2008-12-01 00:00:00,594.8538476180966,606.643659310304,568.0586111975084,587.3511352539062,7214510,4237450638.800659
2008-12-02 00:00:00,568.0585620794656,685.9574584960938,568.0585620794656,685.9574584960938,33584220,23037346196.77368
2008-12-03 00:00:00,684.8856723380426,733.117008946614,666.6649397752229,717.0399169921875,10875823,7798399221.141724
2008-12-04 00:00:00,719.1835453749526,744.9069914299325,669.8804155085986,718.1117553710938,10064638,7227534861.354614
2008-12-05 00:00:00,700.9627634252454,707.3936852424685,662.3776577389501,675.2393798828125,4717934,3185734828.488037
2008-12-08 00:00:00,707.3937491012483,742.7633666992188,696.6755451049753,742.7633666992188,6701905,4977929521.098328
2008-12-09 00:00:00,739.5479573926597,751.3377685546875,718.1117327729831,751.3377685546875,6303199,4735831471.416138
2008-12-10 00:00:00,751.3378494840454,763.1278441518992,718.1118101234424,734.1890258789062,5330008,3913233381.4467773
2008-12-11 00:00:00,722.3990279967851,733.2779029362263,694.5320022766525,708.4655151367188,6283538,4451669986.051147
2008-12-12 00:00:00,661.3058764834661,663.4494563720339,564.8430806297225,601.2846069335938,11253260,6766412015.821533
2008-12-15 00:00:00,616.2897987892846,627.0078178036689,565.9147692481005,578.7764892578125,6429376,3721171669.3984375
2008-12-16 00:00:00,584.1355002419125,592.7100005184939,554.1249618823645,568.0584716796875,7464930,4240516726.9958496
2008-12-17 00:00:00,589.4945735452133,589.4945735452133,525.1861552385647,541.2632446289062,6991496,3784239809.7700195
2008-12-18 00:00:00,551.9813366064657,555.1968278034301,481.24198816021567,498.3909606933594,9328004,4648992874.911499
2008-12-19 00:00:00,494.1037641477516,519.8271498365464,442.65696239751344,465.16497802734375,12117390,5636585453.098755
2008-12-22 00:00:00,442.6569088404897,471.5957218322413,430.8669770695615,443.72869873046875,6896765,3060292558.8998413
2008-12-23 00:00:00,455.51866753351305,472.6675501484823,444.8005247812155,464.0930480957031,4612463,2140612012.8986511
2008-12-24 00:00:00,471.5958379805893,474.8112995603902,453.37507126429796,457.6623229980469,1089755,498739804.7987366
2008-12-29 00:00:00,455.51871578708233,521.9708251953125,453.3750444878353,521.9708251953125,4217256,2201284594.379883
2008-12-30 00:00:00,539.1197699375692,550.9095810873758,497.3192018296189,516.6117553710938,3146149,1625337557.5490112
2008-12-31 00:00:00,527.3299909249672,538.0480152282512,505.8937297098082,529.4735107421875,1716775,908986886.404419
2009-01-02 00:00:00,539.1196627532406,562.6994018554688,536.9759617508097,562.6994018554688,2229868,1254745389.8166504
2009-01-05 00:00:00,573.4174816506494,576.6329116637318,533.7605317377273,562.6994018554688,5054308,2844056088.3933105
2009-01-06 00:00:00,576.6330421532372,577.704832151712,541.2633647506116,546.6223754882812,7222522,3947992132.656372
2009-01-07 00:00:00,551.9814582625868,551.9814582625868,512.3246156906245,525.1863403320312,6214024,3263520523.29541
2009-01-08 00:00:00,525.1863202492289,549.837856960426,514.4681155490746,542.3351440429688,6698593,3632882399.540222
2009-01-09 00:00:00,535.9042748311385,586.279314205857,535.9042748311385,569.13037109375,13651617,7769549849.239746
2009-01-12 00:00:00,578.7765480576975,613.0743703258927,568.0585279544331,589.49462890625,9658679,5693739392.82959
2009-01-13 00:00:00,580.920245477411,581.992035331681,523.04249993165,547.694091796875,6095466,3338450714.9487305
2009-01-14 00:00:00,563.7712536865666,563.7712536865666,434.0824313635361,446.94415283203125,12149662,5430220389.785522
2009-01-15 00:00:00,445.8722826063066,469.45214636477266,425.50794041054024,427.651611328125,10728883,4588224102.700928
2009-01-16 00:00:00,448.0159992105279,476.95481541916683,364.41492061197437,371.9176025390625,22096672,8218141274.332031
2009-01-19 00:00:00,369.7738800587027,374.0611306178342,107.18084635443417,124.3297119140625,69154990,8598019984.119873
2009-01-20 00:00:00,139.33502629414767,155.4122107148048,107.18086246821103,110.3962173461914,52972679,5847983384.294029
2009-01-21 00:00:00,112.53987373195795,145.76592952144236,108.25263827745637,133.97598266601562,38281986,5128866692.756653
2009-01-22 00:00:00,155.41219882790335,161.8430143962648,127.54517443966496,130.76063537597656,22986840,3005773803.685913
2009-01-23 00:00:00,131.83245318836506,139.33504509611103,117.89893804832553,129.68878173828125,15832373,2053281166.3960571
2009-01-26 00:00:00,130.7606114658672,161.84298480261717,130.7606114658672,155.41217041015625,22656936,3521163598.604004
2009-01-27 00:00:00,155.41218914187044,187.99521783537062,154.34041445553405,168.27392578125,22821565,3840274335.0219727
2009-01-28 00:00:00,177.92020250954286,242.22873963038222,174.70475667059648,228.29522705078125,47887721,10932538138.639465
2009-01-29 00:00:00,227.22332214516013,256.1622405442288,193.9972746916963,225.07974243164062,23493023,5287803565.780609
2009-01-30 00:00:00,225.07976940225907,250.80312389121403,211.1462566136213,235.79783630371094,31310798,7383018421.34256
2009-02-02 00:00:00,228.29524934357528,243.30055335753818,214.36173540338112,218.64898681640625,10425295,2279480189.012146
2009-02-03 00:00:00,229.36702874465146,236.86961965722935,218.64897664243608,220.79254150390625,11294255,2493687265.8432007
2009-02-04 00:00:00,225.07978266482934,236.86962505984957,217.57708527685674,222.9361114501953,12533713,2794217238.252762
2009-02-05 00:00:00,217.5770724563744,240.08507217608593,212.21804659881033,235.79783630371094,17041784,4018415793.9552
2009-02-06 00:00:00,235.79784405388014,267.9521217466966,235.79784405388014,257.2340393066406,24295050,6249513846.656799
2009-02-09 00:00:00,249.73132018152575,272.239302109216,249.73132018152575,265.8085021972656,18960543,5039873535.676849
2009-02-10 00:00:00,260.4494947691729,274.3830077099456,251.87502293080135,255.09036254882812,9075045,2314956519.19693
2009-02-11 00:00:00,249.73133168074918,257.23401291721325,237.94149080243537,252.94677734375,9033540,2285004831.0058594
2009-02-12 00:00:00,252.94680329335336,264.7366605675016,247.58777725964964,257.2340393066406,20517776,5277870398.068848
2009-02-13 00:00:00,262.5930317154871,273.7398523898409,212.21801412656376,233.6542205810547,18593650,4344484798.5069275
2009-02-16 00:00:00,219.72076170385,235.7978557915817,215.43352547714989,218.64898681640625,9290430,2031343106.588745
2009-02-17 00:00:00,221.8643035888672,230.43878974984418,214.36169843475335,221.8643035888672,11386044,2526156722.6921997
2009-02-18 00:00:00,218.6489873597968,228.29524991093888,180.06380047830302,193.997314453125,22476855,4360449507.352295
2009-02-19 00:00:00,196.14093901388307,237.8985696257081,192.92547843238265,233.6542205810547,14057963,3284702387.7223053
2009-02-20 00:00:00,218.64895611243017,228.2952172850143,205.7872188658008,206.8590087890625,13212394,2733102726.5705566
2009-02-23 00:00:00,230.43881935207673,252.2072459463186,225.07977810107434,227.22335815429688,10878102,2471758866.784973
2009-02-24 00:00:00,224.00798257983274,245.44408485951263,220.79252167891195,236.86959838867188,10826921,2564568429.0558777
2009-02-25 00:00:00,245.44411259795353,263.6648775264843,235.79785029561904,247.58778381347656,15958704,3951180155.8952637
2009-02-26 00:00:00,321.5425116088438,347.26586029660945,286.17278187602346,310.8243408203125,70277465,21843946733.147583
2009-02-27 00:00:00,300.10632484567157,300.10632484567157,247.58774077716205,248.65953063964844,23854763,5931714171.100052
2009-03-02 00:00:00,235.79783751315517,256.16227255326476,207.93081179294524,242.22874450683594,16415899,3976402604.7210236
2009-03-03 00:00:00,244.37231172480253,250.80311207833998,222.9360878136065,231.5105743408203,9233469,2137645711.3481598
2009-03-04 00:00:00,239.01328598266224,247.58777304976374,227.22335297736416,243.300537109375,7233483,1759910299.0715332
2009-03-05 00:00:00,240.08508632282664,248.65957375914232,222.9361114501953,222.9361114501953,7735977,1724628630.6481476
2009-03-06 00:00:00,219.72074509450854,231.51058687798604,198.28453520878446,212.21804809570312,15084425,3201187230.1460266
2009-03-09 00:00:00,209.00259607434057,215.4335185459495,191.85372765090025,203.64356994628906,11901595,2423683293.854904
2009-03-10 00:00:00,203.6435352657534,227.22332214516013,199.35629990710473,225.07974243164062,10202939,2296474882.165741
2009-03-11 00:00:00,222.93610692990575,246.51600385038134,209.00259360276974,227.22335815429688,12492257,2838532586.466522
2009-03-12 00:00:00,225.07977553735452,231.51059155539514,207.9308163940943,226.1515655517578,8062597,1823368933.962906
2009-03-13 00:00:00,243.30049602130595,245.98000094692537,224.00796032712483,233.6542205810547,10655470,2489695537.774811
2009-03-16 00:00:00,237.9414839842228,249.73132452469878,232.81822630693074,244.37229919433594,10677506,2609286690.881317
2009-03-17 00:00:00,241.15683697741122,248.65953313979384,232.58245724602105,237.9414825439453,9452845,2249223953.5581207
2009-03-18 00:00:00,249.73136391105166,257.23404611581105,243.30054768670308,247.58778381347656,10890412,2696332971.895691
2009-03-19 00:00:00,257.23407469357784,294.74739876702023,251.87506310897484,259.3776550292969,23468466,6087195678.214783
2009-03-20 00:00:00,255.0903681478621,271.16755255324307,243.30054124636237,257.2340393066406,14832720,3815480479.5043945
2009-03-23 00:00:00,267.95208740234375,273.63265275133944,262.5930468692027,267.95208740234375,10936182,2930372795.1119385
2009-03-24 00:00:00,273.3111087746649,300.1063429122146,272.23931884765625,272.23931884765625,14744210,4013953687.3468018
2009-03-25 00:00:00,267.95208191948643,275.01527065194745,259.3775807947393,265.8085021972656,9256618,2460487765.9922485
2009-03-26 00:00:00,267.952158341134,285.1011047363281,263.66490655600916,285.1011047363281,13018676,3711638909.8043213
2009-03-27 00:00:00,285.1011047363281,299.0346198858417,274.38305120514764,285.1011047363281,15114685,4309213391.241608
2009-03-30 00:00:00,278.6701528361152,278.6701528361152,246.51598386809974,249.73133850097656,9516251,2376506099.7412567
2009-03-31 00:00:00,254.01862098394415,266.02294083680766,250.80315945448987,262.5931091308594,7461649,1959377610.1531677
2009-04-01 00:00:00,261.5212149891785,277.5983036341811,246.5159312414214,269.0238037109375,7796924,2097558151.7250977
2009-04-02 00:00:00,278.67016486340833,307.60907156547734,278.67016486340833,302.2500305175781,16878133,5101416214.329742
2009-04-03 00:00:00,306.53713682339827,359.0558088719298,290.4600468655318,327.97332763671875,17649602,5788598699.403687
2009-04-06 00:00:00,341.906845876533,349.4095568744176,309.7526044745586,319.39886474609375,16776130,5358276876.832886
2009-04-07 00:00:00,314.03991113041934,323.6862044352227,285.10109196131197,286.1728820800781,16607213,4752534007.5277405
2009-04-08 00:00:00,278.67018425118016,297.9628305583265,273.3111428304392,279.7420654296875,12244551,3425315986.9991455
2009-04-09 00:00:00,289.38824222437506,312.96801142518757,289.38824222437506,310.8243408203125,11883472,3693672351.0566406
2009-04-14 00:00:00,330.11708447927856,338.69146584921265,309.75267815132145,312.9681091308594,16686890,5222464410.574646
2009-04-15 00:00:00,301.17811978071006,320.47067172948147,286.1728184720237,296.890869140625,26790575,7953877096.5271
2009-04-16 00:00:00,306.5372009277344,320.470714202538,303.321830859977,306.5372009277344,13285885,4072617999.747772
2009-04-17 00:00:00,314.0398308403357,361.1994040704163,309.7526107160754,350.4813537597656,23768543,8330431127.537201
2009-04-20 00:00:00,352.62492794615594,382.63562279575706,330.11703589269916,348.33770751953125,16168288,5632024376.435547
2009-04-21 00:00:00,348.3376679063062,348.3376679063062,319.39885738591903,327.97332763671875,16228170,5322406916.35437
2009-04-22 00:00:00,340.8351135253906,348.337734670447,326.90160049385497,340.8351135253906,14042062,4786027795.900574
2009-04-23 00:00:00,342.9786698179423,343.6646967716827,335.4760795642992,337.6196594238281,11794044,3981901118.5096436
2009-04-24 00:00:00,342.97868811625943,356.9122009277344,329.0451753047845,356.9122009277344,15330125,5471508654.247284
2009-04-27 00:00:00,352.62494692952646,371.9175917511748,342.9786852639969,367.63037109375,8479283,3117241955.898926
2009-04-28 00:00:00,364.4148647225768,364.4148647225768,346.1941032628618,350.4813537597656,10565899,3703150585.208954
2009-04-29 00:00:00,360.1276229832204,412.64620745944626,356.91216225286666,394.4254455566406,13824792,5452849744.327881
2009-04-30 00:00:00,407.2872149047663,467.3084829253885,401.9281742019481,448.0159606933594,20270133,9081343109.377167
2009-05-01 00:00:00,450.15953921954673,474.8112252366305,443.05346348456663,471.59576416015625,7942009,3745417803.3218384
2009-05-05 00:00:00,535.9043042386902,553.0533090371362,509.1090677659017,514.4680786132812,24569723,12640338183.870544
2009-05-06 00:00:00,503.7499783588309,546.6223014331262,485.52921675414046,489.81646728515625,21067672,10319292672.962402
2009-05-07 00:00:00,493.03201833859316,509.1090816931873,442.65697482149335,445.8723449707031,37430378,16689170411.999817
2009-05-08 00:00:00,460.8777682102027,513.3963950680736,455.5187265128272,508.0373229980469,19285951,9797982917.511505
2009-05-11 00:00:00,517.6835012580857,521.9707215143918,466.2366759465457,494.10369873046875,12394528,6124182128.818359
2009-05-12 00:00:00,472.66752497404264,488.7447078735653,461.94947391053404,466.2366943359375,13700853,6387840412.302612
2009-05-13 00:00:00,471.5957881995862,476.95482952159006,403.0000106816981,407.2872619628906,18832042,7670050823.350159
2009-05-14 00:00:00,397.64093528986854,443.72872315748486,380.81354758799785,423.3644104003906,12854817,5442272020.009918
2009-05-15 00:00:00,438.3696822946429,458.7340254243836,413.7181186236873,423.3644104003906,9512324,4027179441.7974854
2009-05-18 00:00:00,421.220699095461,445.87226040853756,409.4308589211209,442.6568908691406,9320427,4125751237.3927917
2009-05-19 00:00:00,460.8777034429377,471.59575495882694,450.15953043646067,461.9494934082031,12972481,5992631026.19754
2009-05-20 00:00:00,464.09306997330197,464.09306997330197,442.1102883899709,454.4468078613281,10671510,4849633654.560242
2009-05-21 00:00:00,437.2979026624183,454.4467536681301,424.43615051071544,427.651611328125,7231307,3092480090.5583496
2009-05-22 00:00:00,442.65697174609267,450.42760141594243,429.795248257417,438.3697204589844,3669351,1608532372.1358948
2009-05-26 00:00:00,428.7233637471263,440.5132034777061,416.9334328986193,430.866943359375,6712773,2892311983.975342
2009-05-27 00:00:00,437.29783457217474,446.9440940318349,420.14886474609375,420.14886474609375,7150537,3004290002.874939
2009-05-28 00:00:00,412.6462566422365,415.861717755837,397.0622332485279,400.8564147949219,8093376,3244281686.9472656
2009-05-29 00:00:00,413.718128850315,418.00528875221056,404.0717760898722,409.430908203125,6976778,2856508552.871582
2009-06-01 00:00:00,420.14889343491956,434.08240389567527,420.14889343491956,430.866943359375,5947283,2562487647.503174
2009-06-02 00:00:00,420.1489722210605,428.72344414114826,407.28724915460475,408.3590087890625,6390496,2609616612.2304688
2009-06-03 00:00:00,408.3590168915833,414.7899392977076,383.7074513945941,386.92291259765625,11361013,4395836240.019836
2009-06-04 00:00:00,394.42545679620093,405.1436291634945,392.2819073661486,398.71270751953125,7030032,2802963092.6689453
2009-06-05 00:00:00,406.2154007175851,412.6462005805122,391.21009979527605,397.6408996582031,6315661,2511365121.976227
2009-06-08 00:00:00,395.49739277628464,401.9281933294716,375.7867293946348,378.3484191894531,10119777,3828801630.4997864
2009-06-09 00:00:00,384.7792414229661,395.49741506052453,382.6356613662221,386.92291259765625,5225355,2021809575.956726
2009-06-10 00:00:00,396.56913212866004,416.9334745799356,396.56913212866004,406.2154235839844,6688557,2716995014.920624
2009-06-11 00:00:00,408.3589915970432,439.4414775748478,406.21544204572353,425.5079650878906,9214547,3920863143.1767273
2009-06-12 00:00:00,426.579730310365,445.0685009267282,423.36439098353577,427.651611328125,5309695,2270699622.4108887
2009-06-15 00:00:00,428.7234066070956,428.7234066070956,405.143633670712,406.2154235839844,6884704,2796672951.6103516
2009-06-16 00:00:00,404.0717880153427,425.5079830018862,404.0717880153427,408.3590087890625,7204150,2941879553.1677246
2009-06-17 00:00:00,409.4309058165725,421.22074734129905,391.21014224060474,396.56915283203125,6206938,2461480144.3409424
2009-06-18 00:00:00,396.5691793188829,408.3590216310529,395.49741965072064,407.2872619628906,4901367,1996264345.3052673
2009-06-19 00:00:00,409.43087988682487,414.7898901388588,398.71270751953125,398.71270751953125,8132706,3242613228.720337
2009-06-22 00:00:00,406.2154458210956,409.4309068548705,385.3687238733038,384.99359130859375,8457293,3256003604.819031
2009-06-23 00:00:00,380.49195810338466,391.9067882222047,376.20473760615477,377.16943359375,8587334,3238879900.8603516
2009-06-24 00:00:00,378.3484255848535,389.8168031937057,375.240149581753,380.9207458496094,9230375,3516041329.471588
2009-06-25 00:00:00,392.54985022760746,400.0525318925935,385.90464913619974,393.8896484375,15195404,5985312339.425781
2009-06-26 00:00:00,396.56919381425354,408.6270751953125,395.49743410691644,408.6270751953125,16280151,6652510486.868042
2009-06-29 00:00:00,406.4833506289014,423.36440664745913,406.4833506289014,418.969970703125,16470962,6900838466.592285
2009-06-30 00:00:00,421.22078651210535,427.7052257704658,411.5744936561419,417.7910461425781,13917318,5814530846.718933
2009-07-01 00:00:00,415.8617221325825,424.4361940744824,413.18221673535334,422.34619140625,12379247,5228327822.927246
2009-07-02 00:00:00,420.68486076697087,424.16823873039704,402.0889048527747,406.2154235839844,12489163,5073290638.254425
2009-07-03 00:00:00,404.1789431745542,417.95172317481075,402.99996817947203,415.7009582519531,9082451,3775583583.97641
2009-07-06 00:00:00,413.6109484456463,415.86171349406976,397.6409496062812,403.8038635253906,8313347,3356961637.4272156
2009-07-07 00:00:00,397.80170233067156,415.21859426027794,397.6409702713603,399.94537353515625,5712777,2284798731.1880493
2009-07-08 00:00:00,396.0332446300002,401.0707913432264,381.45668173403885,382.0997314453125,8713989,3329612856.717407
2009-07-09 00:00:00,391.2101463043538,396.56915695144784,378.40197053616845,380.0633239746094,7535181,2863845937.610321
2009-07-10 00:00:00,378.1339965518132,391.2101188990723,378.1339965518132,384.4577331542969,4713209,1812029648.0224304
2009-07-13 00:00:00,384.13620951823304,395.5509187359301,378.0805110124924,387.99468994140625,4441603,1723318378.8278198
2009-07-14 00:00:00,389.3344170694304,402.5176016664365,389.0664088747515,395.71160888671875,6666911,2638174078.114563
2009-07-15 00:00:00,396.5691146283949,412.64620559917586,394.42544377851215,410.931396484375,6846252,2813339895.0439453
2009-07-16 00:00:00,412.6462920523677,416.7191733652543,403.0000293743896,408.7878112792969,6964049,2846818348.351776
2009-07-17 00:00:00,412.6462834764535,418.9700210404998,407.76955969702476,411.5744934082031,8707532,3583798071.735718
2009-07-20 00:00:00,419.07718580444475,435.4221961613842,414.9506666766105,434.0824890136719,12503732,5427651108.519897
2009-07-21 00:00:00,424.8113412745782,443.728763623863,424.43620868369504,426.7941589355469,10683352,4559592231.452393
2009-07-22 00:00:00,426.15115965132736,432.4747758956277,423.3644689514049,425.6152038574219,6307949,2684758999.5572205
2009-07-23 00:00:00,424.4362555069031,441.8531494140625,424.4362555069031,441.8531494140625,6966691,3078254359.3446045
2009-07-24 00:00:00,442.335339940061,460.87765678467355,439.4414344324644,450.15948486328125,11267152,5072015340.196289
2009-07-27 00:00:00,460.87767616343575,469.0234069824219,455.9472846772821,469.0234069824219,8269465,3878572648.2218933
2009-07-28 00:00:00,466.23666681376005,483.65355571254463,440.9955418738236,450.15948486328125,9954221,4480986997.575256
2009-07-29 00:00:00,450.5347531804078,470.523964015651,450.5347531804078,466.1830749511719,6917444,3224795314.722534
2009-07-30 00:00:00,471.1669905057347,482.3137817340646,466.77255468109206,479.20562744140625,7332510,3513780055.2703857
2009-07-31 00:00:00,478.02647756650845,482.31372784659163,472.1316337185423,480.6524658203125,6913888,3323177315.6054688
2009-08-03 00:00:00,481.24202232213304,509.85937359707907,476.95480166399415,497.4263000488281,12097371,6017550496.847992
2009-08-04 00:00:00,496.0329350524991,518.9696891857873,492.38882497393234,495.4971008300781,9400467,4657904144.948822
2009-08-05 00:00:00,506.4295955270654,540.7274555081535,500.53462853790063,521.9708251953125,25120311,13112069461.832886
2009-08-06 00:00:00,531.4025865171516,589.4945758423883,525.1861572851391,572.8815307617188,25938648,14859772372.129395
2009-08-07 00:00:00,525.1862626699423,536.3008292429771,476.74040187923174,503.6428527832031,39438850,19863094924.48883
2009-08-10 00:00:00,501.606382723575,501.606382723575,458.09100351261384,485.636474609375,16135903,7836183047.558838
2009-08-11 00:00:00,482.3138226756714,487.9944190239189,455.518677799574,459.05560302734375,11655109,5350343090.344421
2009-08-12 00:00:00,468.1659408844302,487.5657712551416,449.752310395886,483.92156982421875,9586651,4639187201.2769165
2009-08-13 00:00:00,492.17451114483214,510.3952458580791,482.3138482258683,506.2152099609375,9453904,4785709998.310547
2009-08-14 00:00:00,503.7499833360913,510.1807832645446,489.81647212474775,494.6395568847656,6520278,3225187420.685486
2009-08-17 00:00:00,488.7447236483767,494.1037341667765,466.98694412892314,481.13482666015625,7235296,3481152886.794922
2009-08-18 00:00:00,487.1369751579675,498.3909822250266,482.84975461894743,494.9611511230469,6855706,3393308133.521179
2009-08-19 00:00:00,497.3192547942119,502.6782963279912,478.88411911554874,492.2817077636719,6882879,3388315428.450714
2009-08-20 00:00:00,503.10683367039815,515.7541542989821,499.0339836637686,511.252685546875,10481507,5358698602.328369
2009-08-21 00:00:00,511.359876252002,525.1862958913727,501.39211946726664,519.6128540039062,14841135,7711644514.007263
2009-08-24 00:00:00,527.865773188016,555.732800504407,527.865773188016,554.6609497070312,12036393,6676117172.427063
2009-08-25 00:00:00,546.0865506114064,580.384377859203,536.9760924867484,571.8098754882812,16770191,9589360827.624695
2009-08-26 00:00:00,578.7766495174202,616.2899694360942,578.7766495174202,606.6436767578125,17068655,10354591626.51062
2009-08-27 00:00:00,610.3948882590088,623.2566094191716,589.4946217463879,595.3895874023438,16616071,9893035656.93805
2009-08-28 00:00:00,603.9641916874189,624.3285060124299,602.8924016559176,617.897705078125,14176355,8759537220.872803
2009-09-01 00:00:00,614.1462179580869,617.3615872082885,589.4945677442877,594.8536987304688,21679217,12895962418.030457
2009-09-02 00:00:00,580.3842360990907,586.0540792276767,557.3402704023582,568.0584716796875,17622360,10010530888.989258
2009-09-03 00:00:00,568.0586353753775,599.4733099803486,568.0586353753775,588.3157348632812,11908427,7005914981.57074
2009-09-04 00:00:00,590.566454071969,611.1559470581218,590.566454071969,596.997314453125,12024186,7178406750.484863
2009-09-07 00:00:00,605.5719415354097,613.2782730541244,598.0692282761618,607.1796875,9823444,5964595658.09375
2009-09-08 00:00:00,610.9308427106447,621.2201831710927,595.3895862155455,600.7485961914062,15005209,9014358242.308655
2009-09-09 00:00:00,601.2846889350169,615.1431826453818,599.1946253642755,609.8591918945312,8100146,4939948493.78772
2009-09-10 00:00:00,612.0025410418237,616.2898217013054,598.0155141664483,598.0690307617188,12271907,7339447525.087952
2009-09-11 00:00:00,607.1795748270722,609.3231547216745,594.8538081972301,595.9255981445312,9563477,5699120751.566467
2009-09-14 00:00:00,589.49462890625,596.1934370297563,584.6072452705604,589.49462890625,8295553,4890183937.307129
2009-09-15 00:00:00,594.8536678537577,608.2512212700241,590.5663875854626,597.5331420898438,10709045,6399009307.631531
2009-09-16 00:00:00,604.500037511738,614.1463292461709,599.301759089493,601.2846069335938,10321943,6206425439.545959
2009-09-17 00:00:00,605.5718510211476,612.4635869812855,598.6050946216138,604.5000610351562,11285622,6822159187.819702
2009-09-18 00:00:00,600.2127919225261,608.5943055677494,592.7100803899979,603.4281616210938,10086708,6086603665.248779
2009-09-21 00:00:00,609.8592086236091,609.8592086236091,560.5559519308889,572.3458862304688,24038617,13758403550.619812
2009-09-22 00:00:00,572.3458862304688,582.0028099730051,565.9149632754503,572.3458862304688,11550765,6611032830.56488
2009-09-23 00:00:00,573.9536305557805,577.1689401610711,551.981447197641,562.1636962890625,15171517,8528876075.032349
2009-09-24 00:00:00,553.5890068492757,569.6661569191916,540.1914526605082,557.3402709960938,13972548,7787463688.825928
2009-09-25 00:00:00,560.555761755359,563.8355210230177,549.8376819571757,557.3402709960938,11134760,6205850155.876465
2009-09-28 00:00:00,550.909643056799,559.0232106659038,535.3683830313721,553.0533447265625,12005768,6639830148.411133
2009-09-29 00:00:00,553.0531727164409,580.3842367173748,549.8376819571757,557.3402709960938,10716758,5972880807.919556
2009-09-30 00:00:00,556.2685462705743,575.5932628678311,551.4454918036822,567.5225830078125,11386240,6461948335.546875
2009-10-01 00:00:00,565.3789966725551,568.594366279773,541.2632994014011,541.7991943359375,8792094,4763549445.72583
2009-10-02 00:00:00,537.5119784745066,542.8602366924897,490.88826835760915,499.8914794921875,27544144,13769082895.50586
2009-10-05 00:00:00,505.3577278306467,522.3994853068864,501.0704770084801,520.47021484375,11181536,5819656444.203125
2009-10-06 00:00:00,525.1862340021327,536.976044627602,524.3286927235255,534.2965698242188,10733555,5734901618.519592
2009-10-07 00:00:00,541.2632893093922,546.6222993001237,530.545208582642,532.1529541015625,7670700,4081985665.0268555
2009-10-08 00:00:00,546.6222624149374,546.6222624149374,517.6834524799846,524.6502075195312,12449536,6531651645.921875
2009-10-09 00:00:00,525.0789993771676,528.2943690237425,502.5710170067639,518.1122436523438,9882056,5120014206.058105
2009-10-12 00:00:00,526.2579973200376,526.2579973200376,515.3255462899596,515.539794921875,4960881,2557531573.371826
2009-10-13 00:00:00,514.4680503052755,517.0511224278339,500.39521849432543,503.3212585449219,8631584,4344459722.116211
2009-10-14 00:00:00,504.8218188579063,530.0093081537029,504.8218188579063,518.005126953125,13826271,7162079264.643311
2009-10-15 00:00:00,528.2942544572086,528.4014091240745,515.111071678363,516.182861328125,7561776,3903259172.4023438
2009-10-16 00:00:00,521.5420549478321,527.3298668940919,503.75006103515625,503.75006103515625,11740163,5914107827.812683
2009-10-19 00:00:00,508.89460710141384,511.14546293642934,494.75747813365086,502.8925476074219,7714522,3879575622.1535034
2009-10-20 00:00:00,503.75003423599566,506.10798432379914,489.28056588540966,499.2484130859375,15385586,7681229394.897217
2009-10-21 00:00:00,499.9987726511721,499.9987726511721,483.02128181932187,491.20989990234375,9335219,4585551990.5564575
2009-10-22 00:00:00,486.6011151559045,491.7458473134278,475.5079297621897,487.78009033203125,9393562,4581992520.899536
2009-10-23 00:00:00,490.6204216725914,509.8057924502808,490.6204216725914,504.60748291015625,11038155,5569935610.522156
2009-10-26 00:00:00,503.75006911917507,509.10908009634795,470.52400060121823,476.097412109375,8751219,4166432718.7023926
2009-10-27 00:00:00,475.4542292616634,478.4553200952946,432.4747171805874,437.3514404296875,28462128,12447952678.49414
2009-10-28 00:00:00,439.22712049135123,439.3343055652654,409.43091522174933,424.4361877441406,22225186,9433173217.744446
2009-10-29 00:00:00,418.00532565971247,478.0266022557948,418.00532565971247,464.8434143066406,19652734,9135443973.020203
2009-10-30 00:00:00,471.5957788488262,483.7608446265494,446.1403406671983,450.0523681640625,15844651,7130922705.283081
2009-11-02 00:00:00,396.0332047545063,430.8134372352246,387.40518665568965,414.25396728515625,22915489,9492832230.529358
2009-11-03 00:00:00,391.2101357789447,413.71811960534563,363.4502961466677,385.10076904296875,30264909,11655039730.915466
2009-11-04 00:00:00,396.569146030623,404.0182198286378,387.9946745606335,390.8885803222656,10581182,4136063210.111511
2009-11-05 00:00:00,384.61846198064063,389.12008281220596,373.8467730630997,377.3837890625,9384700,3541633645.2148438
2009-11-06 00:00:00,385.85108837847946,409.6988092410097,375.1329460633193,400.3204650878906,19653885,7867852383.983917
2009-11-09 00:00:00,406.59059884182096,427.06213003879355,405.25089158205816,422.2390441894531,10793306,4557355209.08429
2009-11-10 00:00:00,431.56363663629446,439.4414503057858,415.75449269688585,418.3268127441406,10495446,4390526473.50824
2009-11-11 00:00:00,426.90131211100305,429.04498316219457,406.0547117572599,411.2528991699219,8623720,3546529851.6296387
2009-11-12 00:00:00,409.8595842190038,412.64627478493884,395.2293828162217,398.8199462890625,7636901,3045748446.6348877
2009-11-13 00:00:00,406.5370736949622,406.5370736949622,390.37420589039834,401.2851257324219,6846760,2747502947.459717
2009-11-16 00:00:00,402.3569312491732,407.28723189272745,392.6570316364939,401.49945068359375,5074650,2037469187.411499
2009-11-17 00:00:00,407.23367465881967,407.23367465881967,398.92709005649533,404.9828186035156,5898938,2388968538.0073853
2009-11-18 00:00:00,404.92926534946355,407.23366834406414,390.83489990234375,390.83489990234375,9324186,3644217301.980835
2009-11-19 00:00:00,386.06542567061183,397.58744254764883,385.9046936035156,385.9046936035156,8777282,3387194320.881653
2009-11-20 00:00:00,385.9582479392989,391.6388448935121,375.18664793599555,385.7975158691406,12051272,4649350800.66333
2009-11-23 00:00:00,392.2282267177597,406.26892195769113,389.2272274686522,405.1435852050781,6428953,2604649067.5349426
2009-11-24 00:00:00,396.5691297902353,407.93032148697716,388.5306143701562,389.1200866699219,11548405,4493716354.499359
2009-11-25 00:00:00,389.12005584574064,395.3364854098622,383.332275390625,383.332275390625,9146216,3506039790.4941406
2009-11-26 00:00:00,376.6334904043234,380.4919707565555,348.8736501995713,353.6431884765625,13172278,4658286391.419678
2009-11-27 00:00:00,322.82874859142726,379.6881374724641,317.4160693793401,372.1855163574219,23036692,8573923107.18689
2009-11-30 00:00:00,375.07938226880174,378.13398951654193,350.1062344998307,355.6260070800781,11312626,4023064013.970276
2009-12-01 00:00:00,363.98611910597134,370.2562176933406,360.2348240191545,367.255126953125,6457615,2371592216.6394043
2009-12-02 00:00:00,365.37948665261536,370.30987851736944,338.6379195551542,359.5917053222656,17220842,6192471941.865295
2009-12-03 00:00:00,363.9326397073202,377.65178404150174,353.6969043724677,376.4728088378906,19005682,7155122486.419739
2009-12-04 00:00:00,369.82755974229593,377.812467993935,363.12875087143345,371.1672668457031,11419237,4238446986.7533264
2009-12-07 00:00:00,369.7738997479641,369.7738997479641,351.07084981435656,353.69683837890625,9631907,3406775053.459656
2009-12-08 00:00:00,355.14377765294,356.3227527932116,319.5061203401063,326.3656921386719,18687742,6099037852.338928
2009-12-09 00:00:00,325.45450506326785,339.9775158179498,321.5424789711905,329.1522521972656,10132064,3334991685.006836
2009-12-10 00:00:00,326.68720328610516,345.3902531801489,323.6861429275867,335.90472412109375,11393966,3827287005.875122
2009-12-11 00:00:00,336.5478583449751,343.6217992121895,325.6154070386115,327.54461669921875,7134093,2336733757.1815796
2009-12-14 00:00:00,335.79758339099214,342.7107932684491,316.23711113132197,332.1534729003906,8611546,2860354910.9414673
2009-12-15 00:00:00,337.72681003713876,342.71071774550416,328.13406638679885,339.0129699707031,6707828,2274040692.3326416
2009-12-16 00:00:00,341.47815675257135,345.12235811268096,331.939080110323,341.3709716796875,7920349,2703777234.172241
2009-12-17 00:00:00,337.61973180100046,340.67433983018947,329.0988663930718,329.4739990234375,7563906,2492110358.057373
2009-12-18 00:00:00,332.26065791962316,333.5468181363818,319.5597574406702,319.7204895019531,13480229,4309905414.478424
2009-12-21 00:00:00,323.6861386551786,332.26060972604597,318.0055428385935,319.5060729980469,6666371,2129946019.3580627
2009-12-22 00:00:00,317.04100662224425,323.5789932529645,310.0742492675781,310.0742492675781,5491711,1702838165.5195007
2009-12-23 00:00:00,314.5758888443123,314.5758888443123,302.7859537355427,304.5008544921875,6490165,1976260788.295288
2009-12-24 00:00:00,303.3218047891581,315.32601602264685,303.3218047891581,314.03985595703125,8669087,2722438832.758972
2009-12-29 00:00:00,313.18244177685506,326.0440717889271,311.03877096744867,321.97119140625,4103623,1321248386.3920898
2009-12-30 00:00:00,319.2917524722463,323.15032428024153,309.43108946663,311.68194580078125,5832006,1817730978.001831
2009-12-31 00:00:00,313.2896947505234,316.9338053141129,311.8963494254303,312.9681091308594,1211680,379217198.4716797
2010-01-04 00:00:00,320.470645208998,344.0505065917969,316.1834860416296,344.0505065917969,10834555,3727634136.446686
2010-01-05 00:00:00,342.97875339559863,380.4920479042243,340.8351730137183,379.4202880859375,17536928,6653866273.902344
2010-01-06 00:00:00,382.8500617994035,412.5390829441441,380.4919900979109,393.13934326171875,17925639,7047273944.006653
2010-01-07 00:00:00,393.13929820686974,397.64091907603193,379.9561122851347,384.4577331542969,13193157,5072211233.368744
2010-01-08 00:00:00,391.745986577744,392.817867692541,371.4888579852656,376.41912841796875,9460302,3561038633.4107666
2010-01-11 00:00:00,382.52847676788474,383.38589664259655,364.4149276137575,374.9186096191406,9398367,3523622688.330414
2010-01-12 00:00:00,375.0257588180841,375.1329438853309,368.4877430698409,372.7749938964844,5494996,2048397100.361206
2010-01-13 00:00:00,372.8821565741917,382.4212321419929,368.48772094416336,381.5638427734375,6642061,2534370319.095581
2010-01-14 00:00:00,387.35157452312586,390.5670358318944,380.06335349436256,385.85113525390625,5843875,2254865803.0319214
2010-01-15 00:00:00,385.42239892376386,404.07181350306286,383.1715425743898,393.7825012207031,20350208,8013555806.6015625
2010-01-18 00:00:00,396.46194398452053,404.28611963218276,393.13929808670895,399.1414794921875,6615341,2640456994.085327
2010-01-19 00:00:00,398.7126943603453,413.0749762163254,393.13928379028425,410.931396484375,12891811,5297649897.442627
2010-01-20 00:00:00,407.2872619628906,411.5744828714341,399.1415300875984,407.2872619628906,12229969,4981110587.9010315
2010-01-21 00:00:00,407.28721849999704,413.2893696531583,376.0976396038099,378.5627746582031,13673462,5176263713.903503
2010-01-22 00:00:00,377.4909667787112,378.9914057845433,346.08692812378223,371.70318603515625,19236206,7150159057.428589
2010-01-25 00:00:00,364.52210764153506,387.244462950196,357.12658037759473,378.991455078125,10257493,3887502197.5236816
2010-01-26 00:00:00,373.41802905207953,380.59918588164453,368.2733885867549,372.9893798828125,6559237,2446525741.1343994
2010-01-27 00:00:00,369.77391404131333,369.77391404131333,350.5885761268813,368.16619873046875,14917736,5492206156.784668
2010-01-28 00:00:00,362.27122969196853,367.2015910297981,349.0880432128906,349.0880432128906,10654207,3719256273.615082
2010-01-29 00:00:00,351.1243923187649,353.2680632441515,337.6196512214228,346.1941223144531,11304945,3913705512.0881653
2010-02-01 00:00:00,344.4792573785698,375.0258221709344,340.2992212856885,373.6324768066406,10732626,4010057635.019348
2010-02-02 00:00:00,375.13294333642773,389.8167811927765,372.2390376429356,387.4587097167969,8173290,3166812397.5411987
2010-02-03 00:00:00,390.13826266014723,395.49739476285885,373.846799934752,379.205810546875,8517838,3230013662.8969727
2010-02-04 00:00:00,378.2412821236276,381.77820769045525,348.55213738573997,357.2337951660156,14108299,5039961195.106903
2010-02-05 00:00:00,350.91007369466104,359.484452701843,337.61961310947083,345.8725280761719,14437511,4993538428.69754
2010-02-08 00:00:00,345.9796790323437,356.16189357337345,337.4051793796199,344.5863342285156,10420078,3590616480.3952026
2010-02-09 00:00:00,348.01625648358777,360.23483819476087,337.6196691090479,341.4781494140625,9965396,3402964984.258301
2010-02-10 00:00:00,345.3367562151026,357.2337839333275,344.05059598167014,349.4096374511719,11367800,3972018876.6174316
2010-02-11 00:00:00,351.55321759179265,353.6968888503632,337.6197036965582,349.4096374511719,9505964,3321475434.8638916
2010-02-12 00:00:00,346.0869778703508,348.44492808436155,331.8319092729115,334.9401550292969,8819283,2953932015.2672424
2010-02-15 00:00:00,339.3345775790329,343.19305797599105,336.54788716812504,338.6914367675781,5501514,1863315681.0569458
2010-02-16 00:00:00,347.58749369241923,358.51994592190283,344.9079883578748,356.4835510253906,8729106,3111782704.1570435
2010-02-17 00:00:00,363.5575098046578,367.63039090959916,358.73433315294534,363.3431396484375,5981555,2173356973.6798096
2010-02-18 00:00:00,363.34313520182934,369.77393608324905,357.66253874005287,361.6282043457031,4746928,1716623048.7983398
2010-02-19 00:00:00,356.8049967244484,372.4534394958715,354.7686019329621,370.0954895019531,9082137,3361257938.7388
2010-02-22 00:00:00,371.9175711562496,386.9228729989657,369.13088092050106,383.4930419921875,11520187,4417911556.948853
2010-02-23 00:00:00,385.85113525390625,391.7460109763914,382.20693362157544,385.85113525390625,13595943,5246010041.3974
2010-02-24 00:00:00,385.85110061957096,388.95928545050623,383.7074295668267,387.24444580078125,8130214,3148380214.671753
2010-02-25 00:00:00,399.24869374664604,420.3633330386842,395.39018298690513,413.8252258300781,39304907,16265362015.505219
2010-02-26 00:00:00,421.6495148374114,423.3644457186669,396.67639387484434,403.7503356933594,19022690,7680417473.29071
2010-03-01 00:00:00,407.28734435209486,409.32380051235464,382.6357432096325,393.2466125488281,12466318,4902337324.456482
2010-03-02 00:00:00,387.13723675440167,408.894924067923,387.13723675440167,404.50048828125,10700619,4328405610.411621
2010-03-03 00:00:00,404.3933843415746,409.75242603971446,401.8210637649642,406.42987060546875,7762957,3155097609.025818
2010-03-04 00:00:00,406.322544874309,424.8648597862461,399.4629750899766,421.86376953125,18467092,7790597043.400391
2010-03-05 00:00:00,421.7566702753811,441.477963993076,421.7566702753811,428.6162414550781,12824477,5496779130.367096
2010-03-08 00:00:00,430.3311577528449,441.04920888654283,423.0428161621094,423.0428161621094,9680949,4095455928.0817566
2010-03-09 00:00:00,426.4726125204656,426.57979760188516,406.5370378106208,417.7910461425781,11197494,4678212732.435242
2010-03-10 00:00:00,420.57769879271035,435.690186455287,419.720187846133,433.01068115234375,10645898,4609787544.458374
2010-03-11 00:00:00,431.9387813805571,440.513252649887,428.72341160326926,434.6183776855469,7329311,3185453256.3728333
2010-03-12 00:00:00,439.4415016961041,459.9130312673259,438.3697116752896,456.2689208984375,17887056,8161307739.169922
2010-03-15 00:00:00,454.2324088172828,472.13170813390207,450.1595280024144,457.9837951660156,13974738,6400203545.690735
2010-03-16 00:00:00,463.0212426514978,469.6664127460643,458.51962192629355,463.87872314453125,9684071,4492234490.320984
2010-03-17 00:00:00,465.27217428165363,473.2035056610594,462.91410254210876,466.7726135253906,9911779,4626546988.516083
2010-03-18 00:00:00,466.23666681376005,466.23666681376005,446.72977554523635,450.15948486328125,10255985,4616828924.36554
2010-03-19 00:00:00,474.2752694982468,480.7061005332526,466.23672311132765,471.59576416015625,27876424,13146403478.33252
2010-03-22 00:00:00,470.41679856938293,476.9548148091332,466.2367324957424,469.2378234863281,13104300,6149033210.31189
2010-03-23 00:00:00,473.2034049548117,477.16910017319213,470.52390003890014,472.23883056640625,8424525,3978387834.0774536
2010-03-24 00:00:00,481.24200060206675,484.02872123946554,470.738319575487,476.8475646972656,12519788,5970030418.32605
2010-03-25 00:00:00,480.17018865990855,488.74468994140625,476.95475827250806,488.74468994140625,14875559,7270350471.160095
2010-03-26 00:00:00,490.7810309764894,491.31698663669545,480.1701658723896,488.6374816894531,10294642,5030347941.774475
2010-03-29 00:00:00,491.4242180838938,492.9247482854316,472.23888066679484,479.9558410644531,11609840,5572210521.82373
2010-03-30 00:00:00,479.955860950002,483.171321994208,460.2345670050102,463.6643981933594,14315822,6637736992.273254
2010-03-31 00:00:00,464.6290077594143,473.2034795120696,459.80583133102675,471.59576416015625,12446358,5869649712.020874
2010-04-01 00:00:00,475.8830191217904,480.92047461980246,471.7029530980383,479.0984802246094,5922434,2837429128.630554
2010-04-06 00:00:00,483.38566936158753,491.2098451550249,480.2774239085585,481.7779541015625,10221605,4924543944.534302
2010-04-07 00:00:00,481.7780046566713,484.45751012278834,478.02658766257116,480.5990295410156,6015297,2890945900.6009827
2010-04-08 00:00:00,477.9193797493673,479.0984762992819,465.48642759929703,471.59576416015625,7452665,3514645245.704651
2010-04-09 00:00:00,477.3835494128506,481.56361543660273,474.0609032360062,479.0984802246094,8500328,4072494226.2106934
2010-04-12 00:00:00,485.31488512889024,488.74471619839574,480.2774298972511,481.24200439453125,6417648,3088441787.0185547
2010-04-13 00:00:00,482.09942293499836,484.4574640600517,477.705078125,477.705078125,6295934,3007599643.3398438
2010-04-14 00:00:00,480.81324961746765,487.0297707861667,479.2056255038278,481.4563903808594,13579921,6538139746.31723
2010-04-15 00:00:00,487.672795855379,494.31808732233185,484.6717964190022,492.4959716796875,17324998,8532491724.358643
2010-04-16 00:00:00,503.7499728744627,536.9760046717206,502.6781830328602,525.0789794921875,38897560,20424291109.536133
2010-04-19 00:00:00,520.3632269654278,544.4789332496841,509.9666062195361,540.1917114257812,15802696,8536485397.381348
2010-04-20 00:00:00,546.6224049653199,565.3790954218724,536.4401564495407,564.8431396484375,21108857,11923193062.269897
2010-04-21 00:00:00,573.4176444914689,585.7434124208572,555.1969097398124,568.808837890625,25614472,14569738051.501953
2010-04-22 00:00:00,577.1687622070312,596.9972984725582,569.1302780636904,577.1687622070312,19675823,11356270406.314636
2010-04-23 00:00:00,586.8150557074688,600.2127318367436,583.0637914346695,598.0690307617188,18909569,11309227603.951843
2010-04-26 00:00:00,604.5000969766263,627.0079917471605,604.5000969766263,622.1849365234375,17823601,11089576056.804077
2010-04-27 00:00:00,617.8976049347435,631.8311160672295,598.6050230227072,600.2127685546875,24138090,14487989826.522217
2010-04-28 00:00:00,590.5665472810747,600.2128393752827,552.5173346416667,588.9588623046875,33698810,19847212798.621826
2010-04-29 00:00:00,589.4946622338175,602.3563842773438,578.7765807793095,602.3563842773438,15062951,9073264700.9068
2010-04-30 00:00:00,600.2127908486272,622.7208039153603,580.920268965289,582.5278930664062,17825657,10383942414.734436
2010-05-04 00:00:00,479.0984802246094,479.0984802246094,479.0984802246094,479.0984802246094,23152823,11092482312.209381
2010-05-05 00:00:00,539.6557555456461,556.2687477064336,515.5399885160787,540.1917114257812,30213096,16320864035.711426
2010-05-06 00:00:00,530.545213591335,539.6555488851722,506.75104135086184,516.9331665039062,24456868,12642566218.008057
2010-05-07 00:00:00,482.3137803904786,516.1829853612858,466.87973844605864,487.6728210449219,42244773,20601627623.312347
2010-05-10 00:00:00,533.7606525254007,578.2406664056537,514.6824989751299,546.6223754882812,34031536,18602399049.83496
2010-05-11 00:00:00,536.976025723465,542.33503588686,517.4691339660554,535.9042358398438,25536870,13685316803.09143
2010-05-12 00:00:00,525.186355379166,547.1584183166718,509.2163234629111,518.7554321289062,24510556,12714984069.499756
2010-05-13 00:00:00,525.1861005113517,532.152854719935,513.181740567924,526.90087890625,10484563,5524325459.647949
2010-05-14 00:00:00,523.5785639144474,523.5785639144474,499.89157194351384,506.5367736816406,13522975,6849884127.077484
2010-05-17 00:00:00,499.2484333778193,513.7178719438665,487.7800554520239,501.177734375,10732845,5379062940.498047
2010-05-18 00:00:00,512.9674991342413,516.1829903779777,498.4981530091744,507.17974853515625,11109882,5634707159.015259
2010-05-19 00:00:00,494.85398556298003,511.25275511584306,483.1713288757891,484.4574890136719,16055522,7778217872.923767
2010-05-20 00:00:00,492.9247809638447,499.35561209420405,466.2367300244825,480.3846435546875,17905427,8601492167.089478
2010-05-21 00:00:00,477.91934517074014,490.88828249350746,454.12529332362936,484.9932861328125,21575369,10463909110.838013
2010-05-24 00:00:00,487.2442065265787,496.99765331388136,477.0619890751244,486.2795104980469,8449225,4108684997.08786
2010-05-25 00:00:00,465.2722214015219,468.8091471331417,445.3365236190788,457.6623229980469,20955729,9590647614.257538
2010-05-26 00:00:00,474.8112396568561,489.70935782383236,471.5957784827269,483.3857116699219,18410054,8899157054.671692
2010-05-27 00:00:00,492.92475001374976,503.53561615670327,478.6696826765131,501.2848815917969,16484057,8263208561.39743
2010-05-28 00:00:00,503.7500153297052,507.93005073499967,499.7843196872094,500.8561096191406,14184662,7104474625.5824585
2010-06-01 00:00:00,500.5346247124655,505.46498665689603,484.8861797075693,501.6064147949219,8843696,4436054644.096191
2010-06-02 00:00:00,498.9268499143707,498.9268499143707,479.84869597540643,483.8143615722656,9011400,4359844737.872314
2010-06-03 00:00:00,496.7832161957757,500.7488811216851,485.1004700443265,493.03192138671875,9446597,4657473869.476013
2010-06-04 00:00:00,493.03196642694337,497.2120018515663,463.55719645491644,466.1295166015625,10903241,5082322456.720337
2010-06-07 00:00:00,456.5904898877331,471.5957936125136,443.728766269179,461.84234619140625,9572985,4421209852.455139
2010-06-08 00:00:00,466.77253955037764,468.48743979842203,438.3696522587835,444.2646484375,10029630,4455810045.908203
2010-06-09 00:00:00,450.9098132301993,459.3771293082493,445.8722672350518,451.0169982910156,10878922,4906578745.082092
2010-06-10 00:00:00,443.728745803734,465.0577556468734,439.8702653433061,462.592529296875,10433885,4826637252.542725
2010-06-11 00:00:00,466.1294851537544,468.70180512685675,450.80262888555035,454.1252746582031,8219649,3732750359.7190247
2010-06-14 00:00:00,461.62790972444583,465.3792353636255,455.08992408956465,462.806884765625,6889287,3188409454.7263184
2010-06-15 00:00:00,459.6987578147799,477.27638164891425,455.1971364056846,473.9537353515625,6523905,3092029143.8287354
2010-06-16 00:00:00,484.0287402212524,488.208775782307,477.8122794155287,484.13592529296875,10971433,5311664867.244812
2010-06-17 00:00:00,487.56578945873923,509.4306647614877,486.17244417744706,500.53460693359375,13471855,6743129647.09137
2010-06-18 00:00:00,504.3930803818935,510.18086195550455,498.39101977133424,503.75006103515625,12837589,6466936242.2942505
2010-06-21 00:00:00,514.2536673676633,514.2536673676633,491.96005402904507,501.2848815917969,8799970,4411291919.461365
2010-06-22 00:00:00,493.56787481456723,512.9675853882535,486.49393260305396,504.60748291015625,12477267,6296122294.467957
2010-06-23 00:00:00,493.9966060853097,519.6128688437237,493.9966060853097,500.7489929199219,9977638,4996292180.219543
2010-06-24 00:00:00,506.85829626918877,507.50134597522646,484.0287560536299,484.3503112792969,7581218,3671965298.1762085
2010-06-25 00:00:00,487.88722395797333,501.6063665253649,475.66861165974507,476.5260314941406,6895606,3285935761.927185
2010-06-28 00:00:00,485.31488326442286,487.67283326864725,457.34067394581496,465.7007751464844,9188035,4278875021.5730286
2010-06-29 00:00:00,460.77055150976827,465.37926691544936,446.94422305683014,447.6944274902344,8166504,3656098332.876709
2010-06-30 00:00:00,447.8015267354173,461.41348242171756,439.9773819571116,444.05023193359375,10216132,4536475784.064209
2010-07-01 00:00:00,437.72656292023083,438.47688876351367,421.54228596612705,423.0428161621094,13580816,5745266646.419434
2010-07-02 00:00:00,428.7234359019162,436.7619822913177,424.3289997647606,429.3664855957031,13122449,5634339809.538849
2010-07-05 00:00:00,430.7598475909517,434.0824938711019,415.86172929117157,417.57666015625,5432300,2268401690.966797
2010-07-06 00:00:00,422.0782203794735,439.97742842161193,420.25613494260404,438.4768981933594,8857880,3883975746.968994
2010-07-07 00:00:00,435.4758281550472,459.05560302734375,426.7941408343675,459.05560302734375,11016211,5057053383.6814575
2010-07-08 00:00:00,468.1659123333877,488.85190159687056,465.27212809430085,475.4542236328125,11665140,5546240082.268066
2010-07-09 00:00:00,478.1337177853601,482.20656779682577,466.0222920648161,474.27520751953125,6728551,3191184921.8307495
2010-07-12 00:00:00,479.41992832764964,480.0630387503377,468.5946614294556,478.8840637207031,4556200,2181891571.1242676
2010-07-13 00:00:00,477.06193564348433,497.31915283203125,477.06193564348433,497.31915283203125,8449917,4202305563.940979
2010-07-14 00:00:00,504.50027469106175,508.1445066456561,483.921589878788,495.1755676269531,5973374,2957868861.0980835
2010-07-15 00:00:00,496.4617009216573,500.6417669287479,478.8840777951004,484.4574890136719,6547287,3171882219.8718567
2010-07-16 00:00:00,485.20765815186195,488.31590337518105,466.6654326163342,468.4874267578125,7045208,3300591366.8935547
2010-07-19 00:00:00,464.9505205744969,478.77684704184674,458.73399950744886,466.8797302246094,5449444,2544234944.594116
2010-07-20 00:00:00,471.5957924367315,473.8465576171875,458.62688377067025,473.8465576171875,5151277,2440914873.782593
2010-07-21 00:00:00,482.0994319981453,488.4231688977083,479.84866701679465,484.24310302734375,6894332,3338532720.980713
2010-07-22 00:00:00,483.2785158757137,487.6728609295733,475.3470633790156,479.0984802246094,13861714,6641126110.708191
2010-07-23 00:00:00,481.45633360933306,487.7799479795639,476.5259426855644,485.8507385253906,8469979,4115145552.4445496
2010-07-26 00:00:00,496.35447173436495,501.9278824575975,491.4242017682098,500.2129821777344,6225943,3114297514.89859
2010-07-27 00:00:00,503.7500088990234,542.8710091133198,503.7500088990234,539.6555786132812,32406521,17488359841.09845
2010-07-28 00:00:00,543.9428903991459,557.3404488635581,531.2955364072889,533.0104370117188,14659262,7813539644.889282
2010-07-29 00:00:00,534.1893648225309,543.4068555187381,533.0103594388306,535.4755249023438,7120880,3813056955.7666016
2010-07-30 00:00:00,531.6170446629054,544.4787669516185,528.4015533454345,535.4755249023438,6940306,3716363998.3328857
2010-08-02 00:00:00,536.9760092148907,566.9867324865386,536.9760092148907,558.4122314453125,11748067,6560264308.639038
2010-08-03 00:00:00,557.3403870384487,565.9148891094387,550.3736306818357,557.8763427734375,8659619,4830996577.531372
2010-08-04 00:00:00,562.6994515932819,570.2020412932627,551.4454759253795,558.4122314453125,11326569,6324894669.909302
2010-08-05 00:00:00,562.6994020131084,577.7047015815085,556.26848123986,557.3402709960938,12422032,6923298681.202148
2010-08-06 00:00:00,577.7047544240255,578.7765442782957,536.9760110183114,547.694091796875,17764918,9729740629.855957
2010-08-09 00:00:00,554.6608804499339,560.5558464908864,536.9760430723672,539.6555786132812,6689799,3610187350.1515503
2010-08-10 00:00:00,540.1914638829188,540.1914638829188,512.8602778236187,519.2911987304688,13302590,6907917907.319946
2010-08-11 00:00:00,520.3630178702398,521.8635479429199,493.03192138671875,493.03192138671875,11782482,5809139739.164429
2010-08-12 00:00:00,490.4595436998669,506.1079871827511,483.81434256795745,497.4263000488281,10196251,5071883409.299164
2010-08-13 00:00:00,504.0716381797431,509.2162791396619,491.31709937145257,503.4284973144531,6860145,3453592488.709259
2010-08-16 00:00:00,496.89042945172156,510.18080037054847,488.3159280174733,492.1744384765625,4873838,2398778480.8757324
2010-08-17 00:00:00,493.3534125114211,506.42950439453125,493.3534125114211,506.42950439453125,4053830,2052979117.7996826
2010-08-18 00:00:00,503.750013335027,508.4660044329053,498.81962172990706,503.10687255859375,3161338,1590490874.2806396
2010-08-19 00:00:00,503.7500852951248,509.00191136177204,493.0320326239617,498.0694885253906,5150234,2565174414.1660767
2010-08-20 00:00:00,496.8904307891196,500.10589161510103,485.85079433203714,486.8153991699219,5997106,2919483551.2543335
2010-08-23 00:00:00,490.67385664607184,496.35445220992636,486.6010066074116,489.81646728515625,3719241,1821745487.6021118
2010-08-24 00:00:00,486.17240476952963,488.1015841713423,467.2013155281354,472.66754150390625,7903352,3735657959.4799805
2010-08-25 00:00:00,471.59574415136547,474.1680643071708,456.80481213754615,460.7705078125,7046127,3246647515.901367
2010-08-26 00:00:00,465.70078615344113,473.525053317248,462.8068803684433,469.988037109375,5660132,2660194328.459961
2010-08-27 00:00:00,467.63006982820696,468.3802741759935,454.98271793976926,466.2366943359375,9152224,4267102663.5820312
2010-08-31 00:00:00,460.8776541253272,482.9568955934321,454.2323626668405,477.8122253417969,12690482,6063667445.080017
2010-09-01 00:00:00,482.2065887061124,494.42529113355073,478.24092358182907,490.8882751464844,6226859,3056692074.0903625
2010-09-02 00:00:00,490.8882619886086,500.5345226265766,487.7799863400087,494.6395568847656,5812989,2875334303.136017
2010-09-03 00:00:00,496.9975885238561,503.42838833160647,490.03083304894676,499.6770935058594,5895333,2945762858.6891785
2010-09-06 00:00:00,502.14229083347885,504.7146110765599,498.1766253966211,503.2140808105469,4871745,2451530682.1183777
2010-09-07 00:00:00,503.64282858373696,504.28593898792786,490.03087173598846,494.2109375,5844610,2888470187.421875
2010-09-08 00:00:00,489.816554621067,493.4606650700607,480.81331171430395,491.20989990234375,10958945,5383142276.485291
2010-09-09 00:00:00,489.9236530300402,516.6117003015787,489.9236530300402,516.0757446289062,13666558,7052979096.364136
2010-09-10 00:00:00,516.611726057453,526.6866362379795,516.397355926754,520.1486206054688,8824712,4590161774.040527
2010-09-13 00:00:00,532.1529588199301,539.6555485753614,525.1862032485069,536.9760131835938,12275251,6591515342.807922
2010-09-14 00:00:00,535.0468584121684,542.8710961567328,531.1883776406318,537.5120849609375,6871482,3693504616.5915527
2010-09-15 00:00:00,536.9760313818135,542.3350416016789,527.4369555283735,532.2600708007812,5556023,2957249195.350769
2010-09-16 00:00:00,528.2944804776141,530.5453368975406,518.7554027249629,519.1841430664062,5464322,2836989335.008911
2010-09-17 00:00:00,532.2600652996066,532.2600652996066,509.1090028898052,512.7531127929688,11273091,5780312501.048401
2010-09-20 00:00:00,510.3952099569677,526.258054022967,510.28805525682014,525.4005126953125,4222207,2218349722.5057373
2010-09-21 00:00:00,525.8293336853371,538.0479478967893,520.6846923828125,520.6846923828125,6443611,3355089611.369507
2010-09-22 00:00:00,524.8646361395464,524.8646361395464,508.1444343296053,509.1090087890625,9730638,4953955467.065186
2010-09-23 00:00:00,511.89578808977234,519.7199650361925,501.3921359362018,514.0394897460938,6781918,3486173668.2198486
2010-09-24 00:00:00,508.8946353875011,529.4733171387772,505.8935447284082,528.2943725585938,6269466,3312123606.7474365
2010-09-27 00:00:00,530.3310305736061,534.2967273461339,520.5775814760111,523.14990234375,4083417,2136239204.7788086
2010-09-28 00:00:00,521.8636301591282,522.5066191204106,508.03727177883246,515.0040283203125,6833401,3519229042.1280518
2010-09-29 00:00:00,519.184090019131,522.8282003131588,502.1423010136624,513.2891235351562,6469281,3320611574.392639
2010-09-30 00:00:00,507.7156744262234,522.7209458993324,505.3577244555868,510.28802490234375,7173313,3660455722.776306
2010-10-01 00:00:00,504.92900103259154,515.861422582318,504.2859513579186,510.93115234375,4948236,2528207921.548828
2010-10-04 00:00:00,510.39518589162356,518.2194832282042,504.28594075683895,509.75213623046875,3444578,1755880993.9124756
2010-10-05 00:00:00,509.1090072156487,526.2580099744991,506.9654578024046,526.0435791015625,6088063,3202586450.315796
2010-10-06 00:00:00,528.7232097669385,535.9043369821452,525.9365190964121,530.4381103515625,6007468,3186589973.9174805
2010-10-07 00:00:00,527.8656431608104,531.8313382709985,510.0735925053102,512.538818359375,8251004,4228959840.4384766
2010-10-08 00:00:00,510.3951795961172,515.325571160811,503.2140534998514,510.28802490234375,6530082,3332222646.2303467
2010-10-11 00:00:00,512.002914403304,515.111190145855,507.2869234437228,509.1090087890625,2367291,1205209174.5252686
2010-10-12 00:00:00,506.64392195061896,512.9675376102307,499.14124010061363,510.18084716796875,4707353,2401601341.458679
2010-10-13 00:00:00,510.2880839477732,516.611790989694,502.46390729294893,509.4306640625,4759035,2424398360.3466797
2010-10-14 00:00:00,510.39526464814026,512.5389663337467,484.24316712651563,485.5293273925781,10890074,5287450304.475403
2010-10-15 00:00:00,487.24415195451536,499.35554749800696,485.95796159670556,497.31915283203125,7735938,3847230132.521118
2010-10-18 00:00:00,494.9611166105275,501.07045253024296,490.7810510596999,496.3544616699219,4849057,2406851076.8417664
2010-10-19 00:00:00,494.853979275239,509.859373053311,493.56781915369845,503.2140808105469,5124487,2578714015.330597
2010-10-20 00:00:00,502.14222613593904,507.072617332971,490.888250590838,493.03192138671875,6035174,2975533433.123169
2010-10-21 00:00:00,490.5667441030181,498.0694564208482,487.99442377680555,488.31597900390625,6660466,3252411975.4122314
2010-10-22 00:00:00,486.38667967236023,501.71353713969444,485.85081507079076,494.9611511230469,6746341,3339176707.228607
2010-10-25 00:00:00,497.5334962534095,501.6063772306246,485.52928421655776,486.60107421875,4208019,2047626565.7329102
2010-10-26 00:00:00,484.24309190645107,490.88829274574033,479.9558410644531,479.9558410644531,5705756,2738510919.88855
2010-10-27 00:00:00,476.6331851224029,491.42420781126884,470.4167550562293,481.8851318359375,5356143,2581045675.687134
2010-10-28 00:00:00,483.49278292648415,489.81651990141563,477.2763525135106,477.49072265625,5565234,2657347604.411133
2010-10-29 00:00:00,476.0973941258379,486.92263112310064,475.132698077122,478.1337890625,4417675,2112239686.5966797
2010-11-01 00:00:00,483.4927880728251,494.10374577960727,481.2420230406917,488.5303649902344,6184719,3021423030.4320374
2010-11-02 00:00:00,484.9933369329575,490.99551898773717,481.77799724292345,486.9226379394531,4474651,2178808868.778412
2010-11-03 00:00:00,491.10268160070683,491.2098666724232,478.7768843156815,484.13592529296875,5199970,2517492287.4456787
2010-11-04 00:00:00,492.9247226252772,507.3940985492699,485.74359682166187,505.2505187988281,9068594,4581911823.27594
2010-11-05 00:00:00,514.4680257547946,525.1862285842138,480.17020191768813,482.31378173828125,20191855,9738809945.361023
2010-11-08 00:00:00,486.27962866474644,486.601183961513,463.342959047699,467.7373962402344,11879939,5556691735.352814
2010-11-09 00:00:00,465.48639824159375,475.02556542359713,461.520702648496,468.9162292480469,7830350,3671778195.692444
2010-11-10 00:00:00,468.91620709075954,476.74035209556916,448.9805146282417,451.8744201660156,14315178,6468662758.323303
2010-11-11 00:00:00,457.98380217759444,460.77052293470365,426.7941307246899,439.6558837890625,24309312,10687732051.664062
2010-11-12 00:00:00,434.2968291844795,456.26888747334357,432.5818984569809,449.1949462890625,12998754,5838974604.854736
2010-11-15 00:00:00,448.55190032162545,455.5186564946119,442.54974903013436,453.5893859863281,7645284,3467819675.2510986
2010-11-16 00:00:00,450.2667456902095,452.73197195080905,437.2979291782046,437.9409484863281,8703104,3811445620.5351562
2010-11-17 00:00:00,436.869129394814,454.4467509251195,434.6183645442385,447.265625,8827307,3948150982.421875
2010-11-18 00:00:00,453.48218485053997,457.34069561618963,444.80052803466623,450.2667541503906,8861884,3990211744.3372803
2010-11-19 00:00:00,452.19604893509836,453.5894245863879,442.97852700578875,447.6944274902344,6929288,3102203624.074951
2010-11-22 00:00:00,456.0545136421957,456.59043898165044,426.15109460646136,427.0085144042969,10537017,4499395975.422821
2010-11-23 00:00:00,428.61622753997085,434.18963843398495,415.3257347774595,429.2592468261719,17542562,7530306951.521423
2010-11-24 00:00:00,432.2603288583922,441.15638554273255,426.9012882073952,434.7254638671875,9038622,3929319141.670166
2010-11-25 00:00:00,436.1188326517929,441.4779647117409,428.9377973658381,437.9409484863281,6511096,2851475557.925537
2010-11-26 00:00:00,435.7974107471884,436.97638589715154,414.6827697753906,414.6827697753906,12820357,5316381150.269318
2010-11-29 00:00:00,422.18536404171414,433.2250934050006,412.4319164096429,412.86065673828125,12405784,5121860129.593262
2010-11-30 00:00:00,412.9677621657159,417.4693828848791,401.1779217372802,402.89276123046875,17089814,6885362351.375122
2010-12-01 00:00:00,407.930335864508,431.8316950725734,407.7159657265039,428.7234191894531,12122968,5197400291.684326
2010-12-02 00:00:00,433.54652340643247,448.55191739255685,426.258302865082,445.3364562988281,11945587,5319805382.989349
2010-12-03 00:00:00,448.44470702529776,454.6611372240956,440.9420256417317,444.3718566894531,9174936,4077083345.3269043
2010-12-06 00:00:00,446.6225962491349,448.87333067926323,434.4039851904023,440.72760009765625,6935316,3056585176.598877
2010-12-07 00:00:00,438.9055286603528,451.55288036494966,434.40399891261063,443.1927490234375,8298225,3677713149.7650146
2010-12-08 00:00:00,436.76200700195733,446.729854899907,431.08141041054233,439.2271423339844,5684211,2496659753.9533997
2010-12-09 00:00:00,443.085620103829,460.34177992568294,442.8713410646646,453.4822082519531,15443468,7003337971.708374
2010-12-10 00:00:00,455.7329412913,460.8777032087832,446.8370056152344,446.8370056152344,7346152,3282532562.474365
2010-12-13 00:00:00,448.23040771484375,453.91100459078655,446.4082916490706,448.23040771484375,6984478,3130655421.6153564
2010-12-14 00:00:00,448.33754894839996,452.3032144553084,443.0856018066406,443.0856018066406,6077549,2692874456.174347
2010-12-15 00:00:00,440.1918173219601,444.8005325273903,436.8691711425781,436.8691711425781,8132783,3552962168.29245
2010-12-16 00:00:00,436.2260438008868,438.6913005815091,430.0096130371094,430.0096130371094,5373096,2310482931.77124
2010-12-17 00:00:00,431.51015745937667,438.26251335535335,403.32154620513705,405.3580322265625,21674330,8785863758.62915
2010-12-20 00:00:00,407.501719792085,417.04079899630693,407.2873495887424,412.21771240234375,6885302,2838243439.639282
2010-12-21 00:00:00,416.71910648635105,433.9752643480638,414.3611565165611,430.6526184082031,7775198,3348409377.342224
2010-12-22 00:00:00,429.4736346778193,442.5497265476461,429.4736346778193,436.1188049316406,8114266,3538783990.817444
2010-12-23 00:00:00,437.2979374455163,441.90662223228395,433.0106863872699,435.1542663574219,3474367,1511885622.9414368
2010-12-24 00:00:00,433.653677668298,436.01171875,430.1167527226499,436.01171875,753437,328507361.33984375
2010-12-29 00:00:00,433.54649024759914,435.2614209233471,425.5079444323544,426.2582702636719,3576373,1524458568.797699
2010-12-30 00:00:00,426.365397584006,432.3675491146694,423.3644281229415,424.4361877441406,1883774,799541855.1315308
2010-12-31 00:00:00,426.15108080799746,426.57972994774383,418.7555847167969,418.7555847167969,1534141,642430111.4930115
2011-01-04 00:00:00,434.08244830537035,442.1209941642724,431.9387773558817,436.01171875,10133228,4418206156.765625
2011-01-05 00:00:00,436.2260428019047,439.4415039991457,426.5797807007765,438.90557861328125,8968543,3936343554.7330933
2011-01-06 00:00:00,434.51123666915606,446.40826398899895,430.8670351360602,433.9753112792969,10409374,4517411321.87262
2011-01-07 00:00:00,433.0106881369444,433.11787321041464,428.08029624790566,429.79522705078125,8408826,3614073279.9005127
2011-01-10 00:00:00,429.58084070071186,433.7608761724995,422.07821993990893,423.3644104003906,6095567,2580646129.011078
2011-01-11 00:00:00,427.11566574506645,435.69013640015453,424.8649009876719,431.5101013183594,7209487,3110966465.823395
2011-01-12 00:00:00,432.68914726660853,445.33647002052936,429.36650099678,441.5851745605469,10312660,4553917766.283569
2011-01-13 00:00:00,440.1917557628809,458.1981471238802,440.1917557628809,456.9119567871094,12295402,5617916187.304138
2011-01-14 00:00:00,455.1971109568225,459.805826068223,453.26781003490214,457.4478759765625,8819713,4034558978.572876
2011-01-17 00:00:00,455.19713061302974,458.73405590325103,449.73090431757754,453.16064453125,5617474,2545618138.477539
2011-01-18 00:00:00,453.1605330902736,460.7704286726333,450.90976852684827,459.6986389160156,10867034,4995560738.854065
2011-01-19 00:00:00,459.8057865840619,464.52177748035564,453.69654173567926,454.0180969238281,7791857,3537644086.6426086
2011-01-20 00:00:00,452.7319395760932,456.2688644306409,447.265622836029,452.19598388671875,7772931,3514888181.2285767
2011-01-21 00:00:00,481.6707763671875,481.6707763671875,481.6707763671875,481.6707763671875,31348170,15099497381.590576
2011-01-24 00:00:00,476.41888109326044,476.41888109326044,461.5206741212949,472.453125,11164828,5274857878.6875
2011-01-25 00:00:00,473.52503744278494,475.5614018503886,461.41351972907097,463.98583984375,8736644,4053679103.7558594
2011-01-26 00:00:00,468.7018701891642,471.38140596785394,461.1991882324219,461.1991882324219,5122855,2362656567.4324036
2011-01-27 00:00:00,461.3063733082873,464.0930637901941,450.1595506353634,461.1991882324219,7054441,3253502462.6335144
2011-01-28 00:00:00,461.1992487296667,469.23788749284273,450.80275059670095,457.6623229980469,6741391,3085280665.298126
2011-01-31 00:00:00,454.446788647938,457.87661985837246,443.29999667042495,446.7298278808594,7916809,3536674721.9356384
2011-02-01 00:00:00,448.1231089698756,454.4467236316459,440.4060278162663,454.33953857421875,7141154,3244508613.2474365
2011-02-02 00:00:00,455.4114990234375,460.6633551456951,451.0170627649927,455.4114990234375,5662176,2578620059.8945312
2011-02-03 00:00:00,456.9120027696919,471.48856482380216,455.5186576062237,466.0223388671875,8619677,4016962035.819702
2011-02-04 00:00:00,468.91626580495864,471.5957711829512,464.2002743794898,468.38031005859375,4449460,2084039454.3933105
2011-02-07 00:00:00,468.38032390863646,478.24098660483213,468.38032390863646,473.9537353515625,4047930,1918531543.9416504
2011-02-08 00:00:00,468.487434880221,477.38349121330185,467.30845995497015,477.27630615234375,6007379,2867179658.7771606
2011-02-09 00:00:00,479.5270641862003,482.31375424127486,474.7039794921875,474.7039794921875,7521083,3570288030.19104
2011-02-10 00:00:00,472.3459919881939,475.4542375732136,462.59251494684383,474.81121826171875,4845769,2300825482.3048706
2011-02-11 00:00:00,473.4178873998136,475.77583755516423,466.4511308906333,471.48858642578125,5601590,2641085750.836792
2011-02-14 00:00:00,469.5592628276453,477.6406951292946,469.5592628276453,474.4896545410156,1416274,672007360.9954224
2011-02-15 00:00:00,472.77470501308073,486.0651975320244,471.9172852352344,484.9932861328125,8854534,4294389541.834717
2011-02-16 00:00:00,484.9826565358518,508.037225626361,481.7779476029957,505.8935546875,12488366,6317783867.978516
2011-02-17 00:00:00,507.7157783815239,528.1872798250449,507.60859329315855,525.1863403320312,22982976,12070345055.378906
2011-02-18 00:00:00,524.5430564215711,530.2129003601319,516.397355926754,520.1486206054688,12862397,6690358057.229919
2011-02-21 00:00:00,517.8978713886997,522.72092583865,498.7125045521152,499.8914794921875,8669944,4334031133.274414
2011-02-22 00:00:00,494.3181578130293,517.7692742254288,487.8872355484605,511.4670104980469,8830663,4516592805.325714
2011-02-23 00:00:00,504.8217985671184,518.7553104786174,504.8217985671184,507.17974853515625,8352011,4235970838.742859
2011-02-24 00:00:00,498.4981357935625,498.91615450043525,482.20658335871684,488.74468994140625,13794185,6741834670.819397
2011-02-25 00:00:00,492.3887932339073,498.39094405050247,482.31376195635494,489.280517578125,6933168,3392264027.4960938
2011-02-28 00:00:00,493.03195890754995,495.1755083759861,482.3137863483297,484.0287170410156,7570682,3664427495.5855103
2011-03-01 00:00:00,484.1358943030255,487.9943744019465,473.20344290481376,475.2398376464844,8021916,3812334057.4537354
2011-03-02 00:00:00,469.45222073347196,481.0276931994857,463.87880910447285,474.1681213378906,7853919,3724078017.3699646
2011-03-03 00:00:00,476.5260067690237,482.3137877730955,469.1306016246829,478.669677734375,5075166,2429328073.668457
2011-03-04 00:00:00,480.17016025788155,484.38235984480843,470.84545520767807,472.23883056640625,4275477,2019046258.593567
2011-03-07 00:00:00,471.0597333451622,478.4552592324557,467.415623674833,469.13055419921875,6500085,3049388478.392029
2011-03-08 00:00:00,470.30959900024544,475.6686096191406,464.0609127992968,475.6686096191406,5047913,2401133758.188385
2011-03-09 00:00:00,477.81221653467827,478.55169927699785,470.7382760861657,471.702880859375,3137171,1479812598.4484863
2011-03-10 00:00:00,469.5592507482399,470.30957658914286,457.4478545242077,460.877685546875,5348889,2465183582.5671387
2011-03-11 00:00:00,455.5186329706096,462.1638335914935,453.1605919328812,459.2699279785156,7442266,3418008969.8169556
2011-03-14 00:00:00,455.84013082813004,464.8969201310438,448.2303551842359,448.5519104003906,6631884,2974744237.753784
2011-03-15 00:00:00,440.1917738699509,446.4082038280612,428.7233972896034,443.72869873046875,12240551,5431483766.973938
2011-03-16 00:00:00,446.9441860740197,450.6954812844785,436.22601318359375,436.22601318359375,10631872,4637899135.238281
2011-03-17 00:00:00,437.08353598760056,443.4071819293737,434.08247543960044,437.8337707519531,6989907,3060417339.0154724
2011-03-18 00:00:00,439.33428422929546,441.6922342503056,434.18964391243975,437.1907043457031,10578428,4624790388.190308
2011-03-21 00:00:00,444.58612583848236,444.69331090378006,438.90552998622184,443.62152099609375,5534828,2455368815.8117676
2011-03-22 00:00:00,444.050332884258,457.662291665109,442.5498024733398,447.9088439941406,5579997,2499330005.7607727
2011-03-23 00:00:00,443.1927588726596,447.05136055218065,387.08360850131305,443.9430847167969,7928317,3519721505.592621
2011-03-24 00:00:00,442.22818164237674,453.2677879218966,441.53149389520604,448.87335205078125,5866441,2633289036.278137
2011-03-25 00:00:00,452.6247459679171,457.44783074627446,447.5442834027514,451.8744201660156,4692687,2120505217.1455994
2011-03-28 00:00:00,451.3385853339656,455.84008454929466,447.158519811569,454.5539245605469,4309312,1958814681.7558594
2011-03-29 00:00:00,457.23348352624674,459.59152462081,447.37282186239423,448.87335205078125,7007101,3145300914.0283813
2011-03-30 00:00:00,452.62476214689394,456.91198251717316,435.2614194175336,440.51324462890625,10293473,4534411189.7300415
2011-03-31 00:00:00,440.51325923980056,446.3010403415558,435.1542487855271,437.1907043457031,9166473,4007496787.2358704
2011-04-01 00:00:00,441.15641927545664,455.6257663569821,439.4414884739265,453.80377197265625,9434642,4281476126.8116455
2011-04-04 00:00:00,454.98274881431405,456.3760940284885,446.729832230425,448.4447326660156,5243041,2351214119.601959
2011-04-05 00:00:00,448.7661997737031,448.7661997737031,442.0138134325908,446.6226501464844,4613848,2060649021.1330566
2011-04-06 00:00:00,449.30210232938146,464.1145068691352,446.9441524596094,458.5196228027344,8226297,3771918597.5032654
2011-04-07 00:00:00,459.26996786809235,472.2389061618797,459.05559772125764,460.02020263671875,6948204,3196314212.04126
2011-04-08 00:00:00,465.59360474905753,467.24420625119916,460.5561493780446,465.4864196777344,5545150,2581192020.075989
2011-04-11 00:00:00,479.6342993509372,482.3138046264799,473.73933307397914,476.2045593261719,8461122,4029224873.414978
2011-04-12 00:00:00,471.381396129048,474.06090147916206,465.7007998352877,469.3450012207031,4890619,2295387580.524994
2011-04-13 00:00:00,472.34606433349114,482.74265339663594,469.45224919368945,473.3107604980469,5203102,2462684164.5689087
2011-04-14 00:00:00,470.9526338348491,474.81123580876977,460.8777226970425,466.5583190917969,4124780,1924450423.423462
2011-04-15 00:00:00,467.41570031993604,469.6664653757872,455.60438509263156,457.3406982421875,7215542,3299961016.47583
2011-04-18 00:00:00,456.59045551621824,459.91301050528165,441.90661701839264,448.1231689453125,5846037,2619744626.211548
2011-04-19 00:00:00,450.0523948916043,452.99993911103576,441.58519856346663,442.1210632324219,5709921,2524476343.4931335
2011-04-20 00:00:00,446.72978468262914,453.37495482480495,439.0127031711933,442.0137634277344,9272693,4098657930.0400085
2011-04-21 00:00:00,446.9441707763831,450.9098359908992,443.29996964261045,448.0159606933594,5472487,2451761520.68692
2011-04-26 00:00:00,447.8015918505356,457.0191133533776,446.729832230425,448.4447326660156,5199865,2331852069.8243713
2011-04-27 00:00:00,448.3374985608,450.0523076909112,439.44144213432793,444.2646484375,5418414,2407209790.798828
2011-04-28 00:00:00,446.7298602245641,448.0160204455299,442.0138381721909,444.47900390625,4838380,2150558322.919922
2011-04-29 00:00:00,444.47900390625,444.47900390625,444.47900390625,444.47900390625,0,0.0
2011-05-03 00:00:00,444.47897605315984,448.4447326660156,442.1210259200325,448.4447326660156,4952373,2220865586.047394
2011-05-04 00:00:00,444.69329690428475,453.6965383794046,443.2999518445696,446.94415283203125,6560388,2932127056.909424
2011-05-05 00:00:00,442.87134599986956,445.12211118402695,425.0792605869678,433.86810302734375,13727811,5956059317.287903
2011-05-06 00:00:00,447.4800330280179,465.2721476835736,430.9741999930708,459.16278076171875,20161174,9257260717.260864
2011-05-09 00:00:00,451.23140344574443,457.55501837277995,442.22816197062457,446.94415283203125,9673783,4323640747.615906
2011-05-10 00:00:00,448.76621574004446,459.4843894745432,445.65806107683255,456.1617431640625,4967053,2265779554.868286
2011-05-11 00:00:00,457.5550999174008,462.78554356102643,451.2314838633822,454.66119384765625,3847958,1749517178.1556396
2011-05-12 00:00:00,454.44673836963204,461.6493679283484,451.01699865659356,459.9129638671875,5045638,2320554327.180908
2011-05-13 00:00:00,462.91401251906484,465.2720838000348,455.94725708817066,458.3053283691406,6248817,2863866127.103668
2011-05-16 00:00:00,454.76835791533625,456.80484398807545,445.65805166620567,452.30322265625,5306532,2400161524.7285156
2011-05-17 00:00:00,451.2314758300781,456.3761166465232,448.6590339312587,451.2314758300781,4863158,2194409961.534851
2011-05-18 00:00:00,454.3395576330118,457.287101276938,443.0855513480785,446.94415283203125,7574507,3385381614.2352905
2011-05-19 00:00:00,450.1595576763176,456.37610993785336,446.94421795860296,451.7673034667969,6506308,2939337220.6844482
2011-05-20 00:00:00,452.83908365110125,456.5904701655561,432.15318419679886,444.800537109375,5642702,2509876880.3481445
2011-05-23 00:00:00,439.4414946260003,442.12103038022315,435.1542738664214,438.15533447265625,7414549,3248724197.058899
2011-05-24 00:00:00,437.2979021093529,442.871282475741,432.1531405098883,433.4393005371094,8895195,3855527098.9411926
2011-05-25 00:00:00,430.43837694722777,445.3364646483605,428.72344610816424,442.5497741699219,7200907,3186759766.6686096
2011-05-26 00:00:00,445.229267421794,449.5165184708281,434.08247543960044,437.8337707519531,5933023,2597677832.048065
2011-05-27 00:00:00,442.54971718216876,454.7682979071909,442.54971718216876,452.73193359375,8880883,4020659332.6098633
2011-05-31 00:00:00,455.9473133002732,459.1627743255431,453.69657866326077,456.5904541015625,6225919,2842695183.409546
2011-06-01 00:00:00,457.55506160830777,459.6987326766918,446.2153730221377,448.5519104003906,6227179,2793213036.855194
2011-06-02 00:00:00,446.19384360920276,450.7490114880556,439.87022844714323,447.5871887207031,5525936,2473338159.2905273
2011-06-03 00:00:00,446.729808628223,450.05233313211573,434.4040117541806,445.229248046875,6293096,2801870399.966797
2011-06-06 00:00:00,443.7287008384701,448.76615586700564,440.4060549712869,444.58612060546875,5426213,2412418987.2489624
2011-06-07 00:00:00,442.6569623583315,451.23146475070206,440.49190885673625,450.0523681640625,3719602,1674015688.7277832
2011-06-08 00:00:00,441.4779934752425,449.47365404540614,435.2614715601261,443.3000183105469,7164530,3176036280.1864624
2011-06-09 00:00:00,442.4426060274736,445.33648169239933,431.4029680216425,440.08465576171875,6632714,2918955657.4559326
2011-06-10 00:00:00,440.0846278538908,444.2217772881787,432.67837925094267,435.1542663574219,5106984,2222325875.819092
2011-06-13 00:00:00,436.4403871796665,441.9065824310543,434.29680740258055,434.8326416015625,3711130,1613720461.2268066
2011-06-14 00:00:00,437.619404344645,451.6601022946201,435.5830094345103,445.3364562988281,7991946,3559104910.571594
2011-06-15 00:00:00,444.69338599806173,446.62268712657124,435.6902338371044,436.76202392578125,7522345,3285474626.867981
2011-06-16 00:00:00,431.9388273789363,438.47693493275375,427.6516672193341,431.72454833984375,6649962,2870951840.927124
2011-06-17 00:00:00,428.2946491259304,434.511170087171,424.97200333589313,431.8316650390625,8224499,3551599097.2821045
2011-06-20 00:00:00,422.29249419574205,425.19715183641915,410.7276839619888,412.75341796875,12431082,5130971584.549805
2011-06-21 00:00:00,414.78990763453294,417.8981835229565,410.8242423105692,417.1478576660156,8345107,3481143507.0436707
2011-06-22 00:00:00,416.5048232838717,418.4018683373581,411.1456915093082,414.25396728515625,5797208,2401516413.177246
2011-06-23 00:00:00,412.21771240234375,413.71824308043057,389.97763905358016,412.21771240234375,11595655,4779934377.906799
2011-06-24 00:00:00,402.0353962827852,406.7406358502035,378.8843613983508,382.0997314453125,17119670,6541421309.432373
2011-06-27 00:00:00,378.88434662925164,384.45775776040205,374.3398392941505,376.09765625,8228776,3094823367.40625
2011-06-28 00:00:00,379.52739441079495,395.49739296597636,376.5263035301233,393.4609069824219,9959138,3918531470.243103
2011-06-29 00:00:00,393.3536852859027,399.24865105434003,386.06534409192216,393.9967956542969,9230928,3636956052.9155273
2011-06-30 00:00:00,395.92615402876413,415.43308321654877,395.92615402876413,412.21771240234375,11642043,4799056333.149719
2011-07-01 00:00:00,411.68167430480565,428.75562887724914,409.53812456274403,425.40081787109375,9296022,3954535361.7476807
2011-07-04 00:00:00,425.50797224224186,427.8659223473096,414.7899205789653,419.1843566894531,4508620,1889942974.2572021
2011-07-05 00:00:00,417.5766219738825,427.9195405897821,413.5037412699401,426.5797424316406,6193440,2641996039.9658203
2011-07-06 00:00:00,418.6483532732129,419.5057730105034,397.10497620981863,418.5411682128906,11579175,4846361431.441498
2011-07-07 00:00:00,408.35898942048624,418.0052812628019,402.6784236833706,409.5380859375,5665499,2320237616.3408203
2011-07-08 00:00:00,410.0739079718859,414.25397372040766,393.78244599096206,413.7181091308594,7457943,3085486075.9657288
2011-07-11 00:00:00,394.3183238663736,395.4974204788611,380.0418423713041,382.8500671386719,7496282,2869952066.9904175
2011-07-12 00:00:00,377.59804457850754,389.38797568568515,368.2733394210156,385.7438659667969,12788431,4933058813.58963
2011-07-13 00:00:00,385.6367211593193,390.9742581512261,372.0246730266827,380.70635986328125,6430338,2448070572.670532
2011-07-14 00:00:00,377.49096493432165,386.7084853833835,375.1329239528308,379.7417297363281,4973143,1888509925.046112
2011-07-15 00:00:00,376.41912034780927,382.7428573550254,372.9893802823504,376.09765625,4784306,1799366273.3828125
2011-07-18 00:00:00,373.4180328552081,373.4180328552081,351.4459737187628,353.3752746582031,10592977,3743296156.8230286
2011-07-19 00:00:00,354.7686230621423,367.08366867650153,348.5521013867351,354.66143798828125,10563624,3746510078.2075195
2011-07-20 00:00:00,360.8779110427997,371.703239394692,354.9830355088689,365.5939025878906,7664976,2802268489.0825195
2011-07-21 00:00:00,366.451239755728,393.3536880593063,365.8082205007327,386.3869323730469,14222867,5495529949.67984
2011-07-22 00:00:00,396.56916433175024,408.30548959269856,390.99578343580265,395.0686340332031,14343345,5666605716.616974
2011-07-25 00:00:00,385.8510816864171,390.2561783281801,375.1329395571486,388.8520812988281,7539197,2931632444.771881
2011-07-26 00:00:00,388.53066775053475,393.0643323903906,379.0986540687358,387.67315673828125,5699043,2209365990.1972046
2011-07-27 00:00:00,384.13620000611047,385.5295451865284,372.23905194636546,375.2401428222656,6146547,2306431174.1437683
2011-07-28 00:00:00,370.20266950184595,391.7888427659823,367.09439370548824,388.8520812988281,9128709,3549717494.221344
2011-07-29 00:00:00,381.9924865686577,384.67199156096683,375.5616563635295,382.5284118652344,6309416,2413530882.2770996
2011-08-01 00:00:00,390.0311577708277,397.7267359140431,363.4502933633159,366.0226135253906,6246628,2286407106.280884
2011-08-02 00:00:00,363.55748828489266,371.0600788367217,357.34096673101556,357.87689208984375,6235686,2231607925.7281494
2011-08-03 00:00:00,354.2326897054185,359.2594842830042,343.085867492281,345.44390869140625,8707180,3007842292.8796387
2011-08-04 00:00:00,352.41063218602443,354.0182866174904,320.256389396225,324.5436096191406,9794694,3178805345.874939
2011-08-05 00:00:00,289.38832176740755,324.97234026089706,257.23404354481846,302.0356750488281,22977516,6940029556.005249
2011-08-08 00:00:00,301.3925405418126,324.22211227339807,287.5662118533323,292.175048828125,15659436,4575296477.920898
2011-08-09 00:00:00,282.09999480454985,293.56837236017026,261.949930091409,274.7044677734375,26519203,7284943545.890747
2011-08-10 00:00:00,288.42365504006284,297.96285462896446,258.73463059804124,260.34234619140625,14900244,3879164481.784424
2011-08-11 00:00:00,270.3100219818183,273.0967119670417,250.58882197173148,270.845947265625,17868880,4839713730.175781
2011-08-12 00:00:00,271.7034444047422,290.96392728369085,264.84387217095446,283.922119140625,10384482,2948384135.617676
2011-08-15 00:00:00,286.38723045772184,296.83736444802076,277.16970955024556,280.7066345214844,7200882,2021335351.8063354
2011-08-16 00:00:00,278.67005875389486,282.42144376703556,269.1309857220675,275.7762451171875,7597054,2095087026.0725098
2011-08-17 00:00:00,274.49010464627236,276.9553310074193,265.0582128570477,265.2725830078125,9179213,2434993542.4888916
2011-08-18 00:00:00,263.12899173758876,263.12899173758876,231.6177539070541,246.51596069335938,14525674,3580810480.8285522
2011-08-19 00:00:00,238.26294294291313,241.907143871943,218.5417422992677,225.07974243164062,19997313,4500990059.364899
2011-08-22 00:00:00,221.32846398004375,225.82997867512444,210.0744722269808,210.82469177246094,13783696,2905943460.6853027
2011-08-23 00:00:00,213.7185839943911,219.3884281261638,210.0529700505773,214.36170959472656,12134358,2601141725.714447
2011-08-24 00:00:00,216.39811523975004,235.83000519483144,215.0047699205371,234.4044952392578,14036021,3290106417.6726227
2011-08-25 00:00:00,236.86962461350876,255.3476610255228,236.86962461350876,247.3734130859375,17361758,4294837333.63208
2011-08-26 00:00:00,248.12359902666492,256.2694361423576,231.5105670236361,234.51165771484375,20344653,4771058300.663269
2011-08-30 00:00:00,257.2340451840331,267.8449124173108,250.26730358787705,253.3755645751953,13784882,3492752259.3524475
2011-08-31 00:00:00,254.5545186478972,261.9928405666922,250.91031738052175,260.1279296875,7692248,2000968546.8828125
2011-09-01 00:00:00,267.95205562479714,286.258587912927,265.1653354395599,281.3497009277344,12974086,3650255215.9107056
2011-09-02 00:00:00,275.56191708963644,279.88130142685685,265.2725168893113,266.23712158203125,8291077,2207392475.294983
2011-09-05 00:00:00,255.09033673405494,266.6658983611771,233.0111096724953,233.4398651123047,10730726,2504979229.997101
2011-09-06 00:00:00,233.1183165162466,245.5083977019367,225.50852559128006,226.90188598632812,10849877,2461857554.019684
2011-09-07 00:00:00,236.44094444867952,242.38945739559966,231.29619799961145,240.7281951904297,8506659,2047792668.1704254
2011-09-08 00:00:00,237.61991220135624,256.1622445200834,237.61991220135624,243.72926330566406,11171932,2722926756.060974
2011-09-09 00:00:00,240.72819893742798,242.70027963856754,221.97149563322125,230.4387969970703,14523959,3346883639.5947723
2011-09-12 00:00:00,221.64992803750945,233.91142601972484,213.18264175336418,222.6146240234375,11826531,2632758752.0665283
2011-09-13 00:00:00,230.43879230912637,236.35515578276815,218.86321536171238,234.51165771484375,8639124,2025975290.4440918
2011-09-14 00:00:00,234.29726779070032,321.5425524916837,225.72278170315303,244.37229919433594,14420626,3524001531.44162
2011-09-15 00:00:00,246.4087801412832,259.05613208404156,245.65846948601424,254.2329559326172,11463931,2914509064.737564
2011-09-16 00:00:00,262.4858797403527,269.29190390043004,254.1257631809485,260.1279296875,17475816,4545947835.6796875
2011-09-19 00:00:00,255.5191233241327,255.5191233241327,235.90501481780055,245.22972106933594,7929585,1944569917.7455902
2011-09-20 00:00:00,241.26403896012206,248.6595505793277,240.19224901169028,247.48057556152344,6465104,1599987658.9851074
2011-09-21 00:00:00,246.3016160066773,256.34439293587843,242.44302919864015,250.5888671875,7284168,1825331407.5234375
2011-09-22 00:00:00,236.11938542506905,248.23079721807778,235.1547957241627,236.33377075195312,13138455,3105060612.0048523
2011-09-23 00:00:00,239.0132968218522,246.13014008947195,230.43882455222465,244.6938934326172,8674228,2122530621.8422241
2011-09-26 00:00:00,239.12045771016795,260.66374398454127,238.09146289177755,252.62521362304688,9553186,2413375654.0307007
2011-09-27 00:00:00,262.70025465755896,268.7130668861099,258.30581856447486,268.0592956542969,9248340,2479103506.37146
2011-09-28 00:00:00,263.7720426787284,258.3058166503906,256.50520464483435,258.3058166503906,7099673,1833886832.2157288
2011-09-29 00:00:00,256.16230756255806,267.566266393366,247.65210313320438,262.5931091308594,5769613,1515060616.151825
2011-09-30 00:00:00,262.0570868332677,265.75486513538374,248.44516115962062,251.76779174804688,7416523,1867241618.1585999
2011-10-03 00:00:00,243.8363494705208,260.77093674830473,235.79781887161042,240.7281951904297,6875535,1655135131.518631
2011-10-04 00:00:00,235.7978075499354,239.01325304502188,221.54272609412902,230.6531524658203,12207234,2815637004.9879456
2011-10-05 00:00:00,237.72712327895084,245.1226351897199,231.40340135886828,242.22874450683594,6908330,1673396102.53891
2011-10-06 00:00:00,244.47946819452144,261.0924987792969,243.4076783851878,261.0924987792969,13410450,3501367900.254822
2011-10-07 00:00:00,254.66172404236048,259.16323891225113,246.83745674426103,253.1611785888672,14433711,3654055288.171097
2011-10-10 00:00:00,251.98219258388994,263.77203369140625,248.23079114743734,263.77203369140625,8700382,2294917454.0321045
2011-10-11 00:00:00,265.05823482684235,278.34872968614184,262.1643590422466,271.1675720214844,10488532,2844149756.5096436
2011-10-12 00:00:00,272.23933515476756,284.45794758855163,267.4162498216805,281.7784118652344,11930906,3361871744.793396
2011-10-13 00:00:00,278.56301898453455,286.7408831799332,255.94782320395777,258.94891357421875,10290135,2664619278.7820435
2011-10-14 00:00:00,257.7698957889868,269.4204789148228,254.01858527723863,260.020751953125,6230618,1620089977.4926758
2011-10-17 00:00:00,261.09259054780364,272.8825255755259,256.16231924481207,257.98431396484375,7684908,1982585718.2629395
2011-10-18 00:00:00,250.91031055909696,257.66278755948855,246.51598096965125,254.44732666015625,6874803,1749275244.6652222
2011-10-19 00:00:00,258.5202650993423,266.4515973751931,258.41304963550476,265.5942077636719,7044451,1870965382.475006
2011-10-20 00:00:00,257.7699173090238,264.51164332910156,251.23190065302566,253.2683868408203,6011874,1522617629.8702698
2011-10-21 00:00:00,255.94786812334664,265.1440071239284,253.91139731506362,261.84283447265625,6500408,1702085255.9487305
2011-10-24 00:00:00,267.9520860515028,271.4675981569525,262.4858604830858,267.5233154296875,6778381,1813374958.3656006
2011-10-25 00:00:00,265.59416236152623,272.13214807963897,263.34330620406985,268.91668701171875,6455385,1735960747.585144
2011-10-26 00:00:00,268.1665284614989,270.95321934169567,260.9854007059844,265.5942077636719,6517392,1730981564.925293
2011-10-27 00:00:00,279.31325856328186,309.2489330179385,272.98964335413393,292.2821960449219,20917077,6113689200.400726
2011-10-28 00:00:00,295.17609048182067,301.69269390405475,276.3122160902448,281.7784118652344,11861149,3342215728.116913
2011-10-31 00:00:00,276.95531609676505,287.8877679801164,259.69915771484375,259.69915771484375,12040396,3126880699.753174
2011-11-01 00:00:00,251.66060051667029,252.946760472498,235.04758465876256,246.51596069335938,14913549,3676427859.082489
2011-11-02 00:00:00,242.8717928111729,250.40663967104604,232.5824959373865,247.8021697998047,8967494,2222164470.8667297
2011-11-03 00:00:00,237.9414839842228,255.94784554141535,237.9414839842228,244.37229919433594,11277475,2755902494.8566437
2011-11-04 00:00:00,251.33907100937688,258.04855566289365,244.37231485398436,247.48057556152344,8872054,2195661030.3329163
2011-11-07 00:00:00,246.08722212776607,248.1236017004398,236.65533118463668,238.47732543945312,7368073,1757118342.6826477
2011-11-08 00:00:00,239.87068827007238,247.2661997186733,238.15586387658064,239.3348388671875,6929872,1658559798.4902344
2011-11-09 00:00:00,241.58561576326935,248.0164315560709,222.40026233913866,226.04437255859375,12830156,2900184562.848877
2011-11-10 00:00:00,219.72074240426585,234.29728962391783,214.36171657451706,226.2587432861328,8219567,1859748899.7761688
2011-11-11 00:00:00,228.2952135983221,242.37870547917743,228.1880285331977,240.7281951904297,8520288,2051073552.7426758
2011-11-14 00:00:00,242.22871040522313,252.45372154632855,234.92964786468562,235.15476989746094,7151784,1681776120.8763428
2011-11-15 00:00:00,232.0464968136367,237.40553718817264,225.36916221141044,227.54489135742188,7969726,1813470436.8184204
2011-11-16 00:00:00,226.473135965992,232.3252163563561,223.26842672234727,226.1515655517578,7827233,1770140996.888382
2011-11-17 00:00:00,225.93719474957706,226.61246983803912,217.22337308563166,219.7207489013672,9624167,2114629180.7918243
2011-11-18 00:00:00,216.9340073313301,222.346579402509,214.36168743181923,220.47093200683594,6862447,1512970085.9375153
2011-11-21 00:00:00,215.00473151899928,219.50635229092006,209.6457061767578,209.6457061767578,11057577,2318173538.768875
2011-11-22 00:00:00,211.57500659026545,217.04123256505594,197.962958256803,197.4271240234375,12348751,2437978395.211548
2011-11-23 00:00:00,194.42603328443803,198.4345997008785,185.19776088501857,185.85154724121094,15928461,2960329122.021286
2011-11-24 00:00:00,187.56648727975343,197.21274927633425,186.04454424380955,192.60394287109375,11284905,2173517197.92572
2011-11-25 00:00:00,192.92549646558808,204.92970759725662,189.24923698933125,200.8568572998047,11202778,2250154782.1073914
2011-11-28 00:00:00,203.85795981309334,216.71968355111383,202.18593026007372,211.5750274658203,12035355,2546380564.685898
2011-11-29 00:00:00,211.14626582049385,215.21913172436626,204.50107954188564,209.21697998046875,11404433,2386001030.649597
2011-11-30 00:00:00,204.82252494371068,235.2619756340451,203.8579352639623,219.50636291503906,21491923,4717613849.780075
2011-12-01 00:00:00,226.68748301877048,231.25340277753,219.2919716979446,220.25657653808594,11202510,2467426501.233673
2011-12-02 00:00:00,224.651026852075,234.19010341308743,223.2576664754218,231.8321533203125,13042534,3023678741.9733887
2011-12-05 00:00:00,235.79780479214284,247.9736052834908,235.04758531268064,244.05072021484375,11836032,2888592134.0859375
2011-12-06 00:00:00,240.4066359511658,249.06680388200726,233.68639933567215,242.12155151367188,10688261,2587858336.30307
2011-12-07 00:00:00,245.65848727948423,249.77423924960596,230.4388141171066,237.29837036132812,10209041,2422588792.2519836
2011-12-08 00:00:00,241.15686386438807,243.72929044939323,222.38951371999497,224.2223663330078,9267831,2078054997.5944061
2011-12-09 00:00:00,222.7218125686164,239.90282788422226,214.7903609242299,235.6906280517578,10798284,2545054337.8412476
2011-12-12 00:00:00,236.44093641457056,236.44093641457056,219.3991646507305,220.36375427246094,11244060,2477783274.864807
2011-12-13 00:00:00,221.00692194143255,225.8729090141898,214.36173540338112,218.64898681640625,7845011,1715303706.713562
2011-12-14 00:00:00,215.00474520885882,220.69609320421188,209.00257873535156,209.00257873535156,9055981,1892723381.9783478
2011-12-15 00:00:00,211.89647323665008,217.3413017474441,205.89442814248747,210.5031280517578,8085806,1702087455.8196716
2011-12-16 00:00:00,216.71965962218613,218.52027158895214,210.8783315290687,214.36170959472656,13207849,2831257091.7089996
2011-12-19 00:00:00,213.50421281283772,216.33381985304774,207.93081665039062,207.93081665039062,6048065,1257579094.6046448
2011-12-20 00:00:00,207.1805816910169,211.682202690359,198.37031229945438,210.82469177246094,22401962,4722886733.748383
2011-12-21 00:00:00,215.96932859338838,222.35734898163747,211.37127451648112,212.4324188232422,8804764,1870417313.6878052
2011-12-22 00:00:00,212.86118802197674,221.30698606985956,212.43243254222617,220.89971923828125,6012312,1328118032.7729492
2011-12-23 00:00:00,221.4356499997623,224.32944943022318,218.11300399057117,220.14939880371094,2413976,531435365.1265869
2011-12-28 00:00:00,220.79252874940715,224.9725794582296,212.64679747321762,212.7539825439453,4095612,871357763.954773
2011-12-29 00:00:00,212.86115968621638,217.1590406117762,212.75395944080623,215.54066467285156,3011590,649120110.322113
2011-12-30 00:00:00,214.79039371338624,218.04874114214144,212.00368796704257,216.29092407226562,2438267,527375022.5649109
2012-01-03 00:00:00,222.82904606287863,225.4441616969975,215.43353330994097,225.18699645996094,8757003,1971963203.5608673
2012-01-04 00:00:00,224.11517680522013,226.15155649013727,219.12051647744934,222.5074462890625,6330518,1408587393.8669434
2012-01-05 00:00:00,221.11411093673215,225.18697679197396,216.07654902086094,217.255615234375,7046407,1530871487.9768066
2012-01-06 00:00:00,217.04123632374566,222.55034857110533,215.56208840305578,219.82794189453125,5363087,1178956377.411316
2012-01-09 00:00:00,222.50745039098845,224.69391655194082,214.75823380804314,215.1119384765625,8073036,1736606423.3510742
2012-01-10 00:00:00,215.86224811089164,227.28772354934756,215.86224811089164,226.47311401367188,10814916,2449287704.316284
2012-01-11 00:00:00,226.15156142479702,239.53848816951802,224.6510311338964,233.5470733642578,15888764,3710774331.5753784
2012-01-12 00:00:00,233.33266928290834,255.51909557047514,233.33266928290834,246.51596069335938,23214778,5722813300.953064
2012-01-13 00:00:00,253.37554635125545,266.4194137103778,247.90933550924117,258.3058166503906,22401137,5786343986.6822815
2012-01-16 00:00:00,255.09033458354565,264.69383067783235,248.16648023728462,261.7356262207031,11895583,3113497865.7653503
2012-01-17 00:00:00,267.6305204496975,275.9906218328685,262.9038684213603,266.3443603515625,15483518,4123947697.7019043
2012-01-18 00:00:00,262.5930121632038,268.89524396915846,258.0913919824014,266.23712158203125,10755480,2863508036.4331055
2012-01-19 00:00:00,266.7731796471761,290.57807995593697,266.751766927332,290.0314025878906,18084515,5245077250.571747
2012-01-20 00:00:00,289.3882871108353,300.59940759615233,286.7087819638904,294.10418701171875,17905914,5266204279.671753
2012-01-23 00:00:00,294.4258359354555,305.48697981914273,290.67453968460677,301.60699462890625,12484833,3765512959.5737915
2012-01-24 00:00:00,301.2853572097939,301.2853572097939,282.74312784891526,289.9241638183594,11582578,3358069241.5109253
2012-01-25 00:00:00,289.38827579411424,290.7816208458495,278.82020536978416,286.7087707519531,11312423,3243370892.556122
2012-01-26 00:00:00,289.3882713295052,300.04202281870226,286.7087663286828,296.56939697265625,8768153,2600365847.773987
2012-01-27 00:00:00,302.35712713101327,302.35712713101327,288.70228325297114,297.3196716308594,9480978,2818881265.699402
2012-01-30 00:00:00,294.2114156649499,297.3196919070388,282.6038089473296,286.8160095214844,9466712,2715204559.1291504
2012-01-31 00:00:00,290.24573064040857,290.67447093749666,280.7066538746202,285.3154602050781,8227594,2347459768.4905396
2012-02-01 00:00:00,287.5661943621734,300.1063620661138,283.92208407964677,297.3196716308594,9330196,2774050810.9715576
2012-02-02 00:00:00,302.24997510848283,306.45142267090415,295.1760349326299,304.3935546875,10079632,3068175014.421875
2012-02-03 00:00:00,302.35709996961475,310.309964471958,299.2489457093031,307.5018615722656,12063081,3709419863.7970276
2012-02-06 00:00:00,305.358238630659,310.5029706689496,297.31969163365125,308.5736999511719,6909525,2132097694.1551208
2012-02-07 00:00:00,309.75263903564206,315.30463728920864,305.4653881467704,309.5382385253906,6723351,2081134225.5279236
2012-02-08 00:00:00,306.21568247719637,316.71936254883735,305.89409693124844,311.7890625,8655412,2698662793.03125
2012-02-09 00:00:00,309.85981481293805,321.2638927235783,305.99058277115523,308.78802490234375,11311981,3493004270.7228394
2012-02-10 00:00:00,306.1085722906977,310.1814232462131,295.63693279634316,299.1418151855469,10758058,3218184997.991394
2012-02-13 00:00:00,300.10634118268376,307.18028222528585,297.7483912077954,301.1781311035156,8147062,2453716907.14447
2012-02-14 00:00:00,298.39143872881493,302.2500099813345,284.3507418106077,285.63690185546875,13475597,3849127777.732849
2012-02-15 00:00:00,290.0313933067576,297.53407600084154,286.60165277789025,289.2811584472656,9997639,2892128591.6575623
2012-02-16 00:00:00,284.8866550823356,289.38827579411424,281.3497302949868,286.7087707519531,7659922,2196166820.6758423
2012-02-17 00:00:00,291.6390866441021,301.18891568033837,290.8888518417534,295.81915283203125,12371163,3659626958.20697
2012-02-20 00:00:00,298.8201167866799,308.3484389025728,297.4481846766214,305.2509460449219,10153117,3099248569.554779
2012-02-21 00:00:00,307.501847549682,309.09881078184867,295.71188584305463,302.3570861816406,10562997,3193796994.2654114
2012-02-22 00:00:00,303.32185112236203,309.96705297330914,290.19220986006525,292.9252624511719,11735624,3437660740.2282715
2012-02-23 00:00:00,292.92518821716885,309.8168728193248,286.92312876362337,307.8233947753906,22912757,7053082643.403595
2012-02-24 00:00:00,310.7172581970756,314.47930582680755,300.3207909912566,305.7869873046875,13208071,4038856239.196411
2012-02-27 00:00:00,303.32173615976706,304.39352584772894,293.67547710491493,299.4632568359375,8349511,2500371757.0474854
2012-02-28 00:00:00,300.96378243811546,305.78695891647993,295.81914185492093,303.53619384765625,7680052,2331173752.63208
2012-02-29 00:00:00,302.1428378131354,308.5629167676469,298.03773162214077,299.24896240234375,10654497,3188347172.1688843
2012-03-01 00:00:00,296.3549985810555,304.4793458995863,293.85760819017514,297.4267883300781,9424924,2803224875.5750732
2012-03-02 00:00:00,297.8555900610252,303.96486578689183,297.5340348463047,300.5351257324219,6293745,1891491444.9028015
2012-03-05 00:00:00,297.42681608620705,299.98838410617384,290.9960162466618,293.4611511230469,9415264,2763014211.567383
2012-03-06 00:00:00,292.0678111406212,294.4257612435097,278.8845331939888,280.49224853515625,9129831,2560846825.935974
2012-03-07 00:00:00,278.6701703423017,283.7077170151525,272.34652425721146,280.38507080078125,11929120,3344747155.7910156
2012-03-08 00:00:00,283.922100201119,284.53298530092053,277.1697438777173,282.42156982421875,10286119,2905021875.378723
2012-03-09 00:00:00,283.064607873213,286.6016242544187,259.69917254312105,280.8138427734375,9546011,2680652032.067505
2012-03-12 00:00:00,277.91996847768047,279.9885890412399,271.06039620396524,271.9178161621094,10288443,2797610952.268341
2012-03-13 00:00:00,274.49012400159097,280.24577160779427,272.88249962073627,276.0978698730469,7515808,2075098579.1748047
2012-03-14 00:00:00,278.67018093092963,286.49444873927047,278.67018093092963,284.6723327636719,9801778,2790295008.491638
2012-03-15 00:00:00,285.7441589456585,287.9307166164708,275.1332903420235,283.707763671875,9455624,2682633939.1621094
2012-03-16 00:00:00,290.67453968460677,306.1086169497658,286.1729173637472,301.60699462890625,27137430,8184838704.252319
2012-03-19 00:00:00,303.96482873491874,314.5114861694554,296.35502367991876,312.646484375,16473262,5150307450.488281
2012-03-20 00:00:00,311.8963419062754,312.3892900061356,301.499723269286,306.8587646484375,8927056,2739345376.107422
2012-03-21 00:00:00,306.2157042347219,311.3603443919944,296.2478576257479,305.67974853515625,12947748,3957864352.7365723
2012-03-22 00:00:00,306.10848594730516,306.10848594730516,294.10415477151236,299.0345153808594,9045856,2705023165.165039
2012-03-23 00:00:00,298.2843071866931,303.4933383092244,291.9606605208821,300.427978515625,9116082,2738726087.242676
2012-03-26 00:00:00,303.4289384896963,305.3581478888807,292.49651903740505,297.4267883300781,7840748,2332048495.7454834
2012-03-27 00:00:00,309.6453950187636,318.9702217902356,305.46535995709274,307.2874755859375,24110810,7408949939.232178
2012-03-28 00:00:00,305.786897949137,309.8811604354739,302.78583795885527,306.6443176269531,12808821,3927752175.1507874
2012-03-29 00:00:00,305.14387372417264,307.13744337599877,294.20079003456084,298.2843017578125,11158977,3328547662.7764893
2012-03-30 00:00:00,298.92739976272463,301.7141206896375,294.532963401383,296.2478942871094,9123136,2702709829.294922
2012-04-02 00:00:00,298.82013322739203,302.35705762275126,289.7097988701364,297.4267883300781,10535523,3133546769.2676697
2012-04-03 00:00:00,299.8919444399416,299.9991294970434,285.4225995567076,288.20928955078125,20920619,6029516738.952576
2012-04-04 00:00:00,286.17286653833725,286.9659875384325,275.6691842306765,279.7420654296875,16184600,4527513432.15332
2012-04-05 00:00:00,280.0634910851861,284.35074185649046,273.31110528960795,276.7409362792969,9707231,2686388195.6194153
2012-04-10 00:00:00,272.3465472669612,275.7013583991357,264.9510498046875,264.9510498046875,12098854,3205604068.7336426
2012-04-11 00:00:00,261.5212787234177,271.7141568662991,258.46654973773775,270.7388000488281,13603044,3682871809.571411
2012-04-12 00:00:00,273.311094255621,279.84920077345566,270.47085717445856,278.2414855957031,15492505,4310657606.798859
2012-04-13 00:00:00,275.9905963472282,277.9520616914774,267.91991665994743,268.4880065917969,11217206,3011685278.4695435
2012-04-16 00:00:00,267.63052012668345,269.0238652934225,256.4837284201246,260.1279296875,13858283,3604926465.8134766
2012-04-17 00:00:00,260.9854258122943,270.1707850541744,260.34237594863,270.0958557128906,7376219,1992286182.7306824
2012-04-18 00:00:00,270.6316155290223,273.8470765699025,260.02074899461826,261.84283447265625,11158833,2921860462.127014
2012-04-19 00:00:00,263.6648975949762,267.84493377417414,254.12580445967072,255.5191650390625,13954332,3565599261.317871
2012-04-20 00:00:00,256.5909143561776,259.2704196285416,251.61774272993242,257.44842529296875,9966340,2565818538.934326
2012-04-23 00:00:00,254.76890339599927,256.6980979775224,245.76566124977845,247.90933227539062,10098915,2503615274.3559265
2012-04-24 00:00:00,249.3026741585818,268.5094396336475,239.377637504441,249.73133850097656,13120117,3276504379.699417
2012-04-25 00:00:00,252.19647148601348,257.70558350170865,247.6949568138805,248.87391662597656,9935877,2472780624.103958
2012-04-26 00:00:00,251.76780177360004,255.73348214097928,247.58775127557604,252.73240661621094,9158458,2314639131.23349
2012-04-27 00:00:00,250.16012904643918,261.5213074977549,246.62309722139864,260.9853820800781,9941783,2594660034.8122253
2012-04-30 00:00:00,261.7356449945517,266.11932909080116,259.2704187536026,260.1279296875,9114937,2371049691.041992
2012-05-01 00:00:00,264.41521543919475,271.7892090630499,259.27045288500017,271.1675720214844,9856822,2672850489.5879517
2012-05-02 00:00:00,271.06034962766216,272.5609102282024,263.7720382545737,265.4869689941406,11025632,2927161620.9248047
2012-05-03 00:00:00,267.63055908592446,269.5598602569421,262.2715477791645,263.1290588378906,8570998,2255278637.041443
2012-05-04 00:00:00,267.4162465006676,273.52549189639427,261.0925398423605,262.2715148925781,17134470,4493883403.781433
2012-05-08 00:00:00,263.87919353885906,267.3304369715745,249.32404589666544,251.44622802734375,10601625,2665738617.210388
2012-05-09 00:00:00,252.73238797103616,254.23293321587988,229.25980194911284,251.44622802734375,12360196,3107924661.878662
2012-05-10 00:00:00,243.62207902033597,250.04214229668403,240.83537370713145,247.0518035888672,8299307,2050358762.8877106
2012-05-11 00:00:00,245.33689341407498,247.49131624796513,239.87068291896747,246.08721923828125,7021421,1727881968.991272
2012-05-14 00:00:00,243.30053687118004,244.5866970216107,231.98224554124073,234.1901092529297,11420690,2674612638.8438416
2012-05-15 00:00:00,235.79783359811336,238.563141631208,227.22334676542522,228.72389221191406,10601838,2424893651.9601746
2012-05-16 00:00:00,225.18698822787022,237.94152700985802,219.72076166025403,234.4044952392578,12980189,3042614650.6551666
2012-05-17 00:00:00,233.6542772304393,235.47628695830173,222.57176794038844,225.7228240966797,8949795,2020173002.4863434
2012-05-18 00:00:00,220.04230204842082,223.68641209907742,213.2898250474871,221.97149658203125,16656301,3697224060.4907837
2012-05-21 00:00:00,212.75399968666363,225.07978266482934,212.110874024154,222.9361114501953,12580805,2804715745.6131744
2012-05-22 00:00:00,224.97257598994386,236.33376809487407,224.43663545824427,235.26197814941406,9558826,2248828313.546051
2012-05-23 00:00:00,231.40337376396582,233.86861497641948,224.11515410018356,225.5084991455078,9541624,2151717307.650757
2012-05-24 00:00:00,228.18807613150685,233.21479552962822,224.75824445002448,229.79580688476562,7354556,1690046130.2991943
2012-05-25 00:00:00,229.36701269671727,234.19009783945057,223.12907856310915,223.68641662597656,7914473,1770360104.8530426
2012-05-29 00:00:00,225.93716678930048,228.77751019753484,215.6478563888455,221.0068817138672,12231360,2703214732.7197266
2012-05-30 00:00:00,219.29197978764978,220.04230564331047,211.4678190359336,214.36170959472656,10887590,2333882405.766449
2012-05-31 00:00:00,216.71968990972246,217.4699095659674,210.39596737703488,214.14736938476562,29287362,6271811528.519348
2012-06-01 00:00:00,215.969341159856,217.98442963787136,210.61031532114458,214.25453186035156,9327318,1998420151.6026306
2012-06-06 00:00:00,209.00259122217344,233.97583311638087,209.00259122217344,226.1515655517578,21938918,4961520652.211639
2012-06-07 00:00:00,229.795776521525,241.90717347166432,227.54492035445475,234.85462951660156,18346625,4308789817.25502
2012-06-08 00:00:00,237.405544687286,239.8706796467786,229.90283325518303,239.0132598876953,13646075,3261592870.421982
2012-06-11 00:00:00,249.62416622311343,253.60058364234246,235.76568893778912,249.63490295410156,15981616,3989569159.209717
2012-06-12 00:00:00,237.61991217205775,238.5845169834653,229.95648397585893,237.9414825439453,12073525,2872792438.0313873
2012-06-13 00:00:00,241.7999446819733,243.84707594526915,234.91888593922863,235.92648315429688,7655921,1806234516.8371277
2012-06-14 00:00:00,238.90606057014736,246.51595661124702,235.5512654894187,238.46665954589844,9589524,2286781754.915222
2012-06-15 00:00:00,248.6595576433122,268.31008338366087,247.1461797449437,265.3797607421875,48522813,12876972504.477905
2012-06-18 00:00:00,268.05926891833644,274.92956103849434,250.05287717145967,252.1964569091797,23887529,6024350178.11528
2012-06-19 00:00:00,255.3047696317086,264.66917353572137,248.76675329015825,260.7709655761719,12088310,3152280270.884094
2012-06-20 00:00:00,264.30800113595535,266.8041771565349,260.3423053197477,265.3797607421875,12590071,3341150029.7071533
2012-06-21 00:00:00,265.4869874724146,268.41837328115,260.17083241212515,260.7709655761719,12228927,3188949101.750519
2012-06-22 00:00:00,254.5545122063694,266.1332634011009,251.09253172039482,260.66375732421875,11859329,3091297256.48407
2012-06-25 00:00:00,258.6273749838,262.0249500386626,251.5534191901926,253.80418395996094,7193324,1825695727.779602
2012-06-26 00:00:00,253.2683315387077,253.58979559695058,242.12152583470007,244.05072021484375,11587875,2828029239.5095825
2012-06-27 00:00:00,245.44406542857723,250.05287109418214,243.72925635083746,249.8385009765625,6252990,1562237648.2214355
2012-06-28 00:00:00,250.6960382670115,252.1964773854213,214.6831759177047,221.22128295898438,27499476,6083469361.4198
2012-06-29 00:00:00,230.86754578852378,233.22549585444412,220.14940318525092,230.76036071777344,21983796,5072988694.905945
2012-07-02 00:00:00,232.15370837571243,236.57490247320538,223.15046665178537,234.7260284423828,10810553,2537518170.955887
2012-07-03 00:00:00,233.4398844280091,236.76253054952738,229.2598336601838,232.04652404785156,9855899,2287027104.316696
2012-07-04 00:00:00,232.36808870428334,233.71854768676434,226.68749262454472,229.90284729003906,4588196,1054839324.3247681
2012-07-05 00:00:00,229.68860242209635,231.51059689234657,220.4871020929814,222.07870483398438,10707783,2377970580.2833557
2012-07-06 00:00:00,221.86429542427038,223.7935809358987,213.71856500306566,215.9693145751953,12635686,2728920444.6073914
2012-07-09 00:00:00,215.54066232365452,222.40023267675554,214.95436400527487,220.47093200683594,8192308,1806165780.047058
2012-07-10 00:00:00,223.79360779811594,226.36594323008208,219.18480155060402,223.15048217773438,8985459,2005109508.438263
2012-07-11 00:00:00,220.89973940345172,226.58142961679832,218.6489893344122,222.82904052734375,6472355,1442228654.602356
2012-07-12 00:00:00,219.50638608774767,223.0433114669214,218.11302561654273,219.6135711669922,7499261,1646939489.323349
2012-07-13 00:00:00,221.54274705139645,224.32945257018477,217.79145183316848,221.22128295898438,7406448,1638463928.729004
2012-07-16 00:00:00,220.79254507393944,222.07870527247172,218.50964565009113,219.184814453125,7207568,1579789454.7382812
2012-07-17 00:00:00,217.89861527314545,219.9778960854905,214.46887560572952,215.9693145751953,8773505,1894807861.272049
2012-07-18 00:00:00,218.97042846679688,220.49565167609165,214.65640400561844,218.97042846679688,7158240,1567442879.868164
2012-07-19 00:00:00,219.61353104160065,228.08083184204793,217.25558121963704,227.54489135742188,7852622,1786824019.8609009
2012-07-20 00:00:00,225.82998574491378,229.68858757405192,218.6489656116977,219.39918518066406,9881159,2167918233.2405853
2012-07-23 00:00:00,215.4335011484795,216.39809084508633,208.14517456939956,212.11085510253906,10664301,2262014004.1808624
2012-07-24 00:00:00,212.21804429920883,213.7185897466553,207.1805889016998,210.71751403808594,6578979,1386306099.7887726
2012-07-25 00:00:00,209.86008268174706,220.0636970087447,208.64030205179927,218.0058135986328,6628807,1445118463.2233124
2012-07-26 00:00:00,219.6135791510575,223.90081542713028,214.25455278887296,222.82904052734375,7170655,1597830173.6026
2012-07-27 00:00:00,225.07976213966612,231.58562858448317,220.4174090347082,229.90284729003906,7801342,1793550738.483368
2012-07-30 00:00:00,231.83213202818618,240.13649897250113,229.2930548870263,238.15585327148438,7530255,1793374304.8768616
2012-07-31 00:00:00,238.37011504269944,240.8353561070491,228.08082059846262,229.04541015625,7651334,1752502934.272461
2012-08-01 00:00:00,229.25983833980584,233.92536559693937,228.61669752058697,230.8675537109375,4261354,983808373.4763184
2012-08-02 00:00:00,231.83216777173905,235.29513573083452,217.46989875365804,219.184814453125,12157412,2664720093.4501953
2012-08-03 00:00:00,218.6489584474224,232.26090018946618,215.40344379206994,231.5105743408203,19850901,4595693491.692764
2012-08-06 00:00:00,229.5813842239142,247.37339209805526,227.0239921886958,245.22972106933594,14899808,3653875759.82666
2012-08-07 00:00:00,246.3015907990132,248.20619863814164,238.26732755620893,243.8363494873047,9307802,2269580461.4306335
2012-08-08 00:00:00,242.76462398598096,247.76894352461298,241.42491670447822,245.33694458007812,8890968,2181282923.479248
2012-08-09 00:00:00,247.15901491117074,247.15901491117074,238.40558748241813,242.22874450683594,5238094,1268816933.2287903
2012-08-10 00:00:00,240.51380460561523,244.15791450415264,237.4055440893494,238.79888916015625,6993005,1669921825.8914185
2012-08-13 00:00:00,237.08398762160414,239.763492857616,236.33376806977282,238.37014770507812,4565435,1088263415.2879333
2012-08-14 00:00:00,238.69172914745363,240.56737682495498,235.79783845303479,239.5492401123047,7230534,1732068925.3061829
2012-08-15 00:00:00,237.6199414227057,240.02396689032804,236.44096634245787,237.51275634765625,7137623,1695276512.5004272
2012-08-16 00:00:00,236.33377411480404,244.69387561651538,235.6231604756718,243.62210083007812,8240455,2007556958.8957214
2012-08-17 00:00:00,243.51488922602962,249.31551785447863,242.47524874872025,248.2307891845703,11362082,2820418581.639801
2012-08-20 00:00:00,248.12361203726917,255.09035306224473,243.62209725499682,248.33798217773438,8943423,2220991621.5819397
2012-08-21 00:00:00,251.33905877414816,255.0903385973697,250.16008381373658,254.55450439453125,10391405,2645178949.737854
2012-08-22 00:00:00,251.76781639193413,254.63593582835983,248.87392576446092,252.51805114746094,8417616,2125599987.6276855
2012-08-23 00:00:00,251.4462631421477,254.76890926809168,242.76459119188772,244.26512145996094,12565786,3069383243.5298767
2012-08-24 00:00:00,242.55017668128622,243.58126718837707,236.22656189788754,238.90606689453125,8264198,1974367040.2176514
2012-08-28 00:00:00,235.58345382958433,241.33162930305969,235.1548046501325,239.97789001464844,6954688,1668971351.9501953
2012-08-29 00:00:00,239.54925160405637,240.70244035039397,235.5834644201634,238.0487060546875,6210084,1478302460.690918
2012-08-30 00:00:00,237.83428493947233,242.97894017087296,236.1193694896941,239.0132598876953,7652196,1828976311.2595825
2012-08-31 00:00:00,238.26301061604318,244.11727863878644,236.54818584260804,242.5502471923828,8663287,2101282403.3485565
2012-09-03 00:00:00,240.62103772683773,243.19337344298458,237.40559150558482,242.76461791992188,8940169,2170356711.42453
2012-09-04 00:00:00,241.47842692977207,241.7550002515048,236.03578530067497,236.5481414794922,10511134,2486389212.5419006
2012-09-05 00:00:00,235.26195710777625,239.5984720521296,234.83320168349948,238.90606689453125,8735047,2086855722.9088745
2012-09-06 00:00:00,239.54925115968422,251.4195050998968,238.215907046854,250.26730346679688,15189823,3801516042.347931
2012-09-07 00:00:00,252.83959276225917,263.4504738711734,251.87500310184794,262.0570983886719,29288528,7675266663.755371
2012-09-10 00:00:00,260.87816840369794,272.66813282856623,257.3412732314546,271.1675720214844,20411046,5534813786.238831
2012-09-11 00:00:00,269.9886184931738,286.4944849683523,267.95216247408405,283.707763671875,23426484,6646275386.334961
2012-09-12 00:00:00,285.8513089720129,296.03352707306254,283.7612758492108,294.42578125,22201706,6536754634.1328125
2012-09-13 00:00:00,294.4258100136831,295.4375838091659,290.8738801832093,293.56842041015625,15796131,4637245226.261902
2012-09-14 00:00:00,300.32070565323227,308.68080574676685,296.2478254738952,299.0345153808594,31723246,9486345493.917786
2012-09-17 00:00:00,296.1406728835934,300.7494788369119,292.1750076959266,294.10418701171875,11503859,3383333098.692444
2012-09-18 00:00:00,289.49549034578075,293.0324154934294,281.31543786413454,286.280029296875,13522942,3871348231.9399414
2012-09-19 00:00:00,285.3154508131315,289.5897326594404,281.7184182463476,287.67340087890625,5565158,1600947928.2884521
2012-09-20 00:00:00,283.814913057132,287.9949792896147,280.4922667143721,287.7806091308594,6883076,1980815803.973999
2012-09-21 00:00:00,288.85241031117937,295.9778037387748,285.4226698748138,295.6047668457031,13842209,4091822964.0744934
2012-09-24 00:00:00,291.53183635062953,296.3550119290329,286.6015668358947,290.9960021972656,8053572,2343557255.407837
2012-09-25 00:00:00,290.35284933152195,293.97554607589313,285.7440440547718,289.38824462890625,8280240,2396204118.7060547
2012-09-26 00:00:00,285.1010838289234,285.74413358371936,270.9928054706555,273.4183349609375,10717895,2930469005.186157
2012-09-27 00:00:00,276.0978213900369,277.4718494760847,268.5972967133311,275.0260314941406,5733602,1576889804.2268677
2012-09-28 00:00:00,274.3829830486587,279.7012028343696,271.7591206104507,275.45477294921875,7661511,2110399772.952942
2012-10-01 00:00:00,275.13325788211534,286.4944511680635,275.13325788211534,285.52984619140625,7668259,2189516812.8258667
2012-10-02 00:00:00,281.67119626523635,285.54045855135575,273.43650417432656,275.9906005859375,11322935,3125023631.045532
2012-10-03 00:00:00,272.9896484448647,280.1706835762751,270.8063715126893,276.6337585449219,11032494,3051960281.3442993
2012-10-04 00:00:00,277.59829982105003,282.85012400319744,276.63369516899485,278.455810546875,8274283,2304022179.4592285
2012-10-05 00:00:00,278.670183136669,283.27898972017647,276.7409731844394,282.42156982421875,7578931,2140453590.609436
2012-10-08 00:00:00,279.7420727114485,280.9210478832817,274.7613225123454,276.526611328125,6395852,1768623280.116211
2012-10-09 00:00:00,276.3121095334939,279.74193944968755,273.73979024846165,275.7762451171875,10867422,2996976833.263916
2012-10-10 00:00:00,276.526570681894,284.0292824341858,276.526570681894,281.56402587890625,13039679,3671504515.4086304
2012-10-11 00:00:00,278.6701292562309,295.43749904520814,278.4558502552958,293.4611511230469,12929342,3794259586.583557
2012-10-12 00:00:00,293.6755513384427,298.03882502675407,290.3529052734375,290.3529052734375,12573449,3650737446.4573975
2012-10-15 00:00:00,278.6701798665016,289.39041899743273,278.6701798665016,287.3518371582031,13086571,3760450218.9512634
2012-10-16 00:00:00,289.0667176307564,300.1063232421875,288.95953257055163,300.1063232421875,12055101,3617812037.423218
2012-10-17 00:00:00,304.39355300688356,309.43100751145994,301.4996476968475,306.6443176269531,18503190,5673898071.471863
2012-10-18 00:00:00,306.53724954882813,309.96708143212703,300.32081783557993,307.609130859375,14083179,4332114451.927002
2012-10-19 00:00:00,306.1085226770997,308.68084278521263,300.4279267551664,301.1781311035156,8810123,2653416379.9320984
2012-10-22 00:00:00,297.96278578957293,306.17488082054956,296.74517682102953,301.7140808105469,5626313,1697537855.1474304
2012-10-23 00:00:00,301.49962315282073,303.86832454814476,292.81796867473906,297.6411437988281,8230192,2449643760.563965
2012-10-24 00:00:00,297.74835548112856,300.642260814486,289.70981054884766,299.0345153808594,10081657,3014763415.2310486
2012-10-25 00:00:00,297.64125200434324,305.6069351515953,297.3947475740033,298.2843017578125,8157962,2433391998.9367676
2012-10-26 00:00:00,295.17600927366163,299.78472319150893,293.64331477563326,297.6411437988281,5203048,1548641157.960205
2012-10-29 00:00:00,294.53297801547535,299.57046435335883,292.38942819939314,296.0335388183594,4556802,1348966221.7545776
2012-10-30 00:00:00,296.14063032633226,301.42252371459347,294.40969351559863,300.9637145996094,4485637,1350013973.865448
2012-10-31 00:00:00,300.4279593329013,304.6165602351926,295.60475230291183,295.81915283203125,7400340,2189162309.468994
2012-11-01 00:00:00,297.4268087389353,310.7526235743537,297.4268087389353,307.8233947753906,19792370,6092554524.050598
2012-11-02 00:00:00,314.0398302230501,317.89834047635736,298.4986041510287,301.4996643066406,17599417,5306218317.492584
2012-11-05 00:00:00,297.42683140816257,299.8587387376768,294.6401412099219,296.35504150390625,7029847,2083330599.4511108
2012-11-06 00:00:00,297.74838928197295,301.6315623799658,296.46222923623526,300.32073974609375,9502853,2853903842.658386
2012-11-07 00:00:00,303.7504908242049,306.4204593363808,292.175048828125,292.175048828125,11796291,3446581898.9157715
2012-11-08 00:00:00,294.2113720772198,297.3196478588143,292.3893778269287,294.10418701171875,6264596,1842443913.5368652
2012-11-09 00:00:00,293.2468095135449,294.5866382118083,284.4386499691369,289.4955139160156,10251124,2967654410.5968018
2012-11-12 00:00:00,287.56616420442106,296.2777979948094,286.3335511681957,294.21136474609375,7847723,2308889293.979309
2012-11-13 00:00:00,291.63912075096107,298.8202484787054,288.74521441811777,297.5340881347656,7128750,2121046130.7907104
2012-11-14 00:00:00,295.4974732882294,300.32067878495775,292.1749495276856,297.6411437988281,8885701,2644750209.094391
2012-11-15 00:00:00,293.5683886454675,307.5019021542044,292.92524780129133,302.4643249511719,15262401,4616331815.599091
2012-11-16 00:00:00,301.07096698745704,304.71516838792706,295.1760916400309,297.3196716308594,12055868,3584446714.9849854
2012-11-19 00:00:00,300.4279214168099,308.46643679814804,298.9273608835468,307.9305114746094,10206959,3143034105.4703674
2012-11-20 00:00:00,305.4653724957431,309.3238525390625,301.11382293760727,309.3238525390625,8143217,2518891254.501587
2012-11-21 00:00:00,308.57366402410634,314.4686301997241,307.80192545419845,309.5382385253906,9749343,3017794458.9998474
2012-11-22 00:00:00,311.7891432227527,315.9692096947251,308.50185045543753,313.7183532714844,6174198,1936959229.3320923
2012-11-23 00:00:00,313.8254732865396,317.00561068159834,310.8243826322346,315.11163330078125,6157312,1940240641.0625
2012-11-26 00:00:00,313.93264064970464,313.93264064970464,302.78585028525026,305.5725402832031,8774209,2681157333.1057434
2012-11-27 00:00:00,310.9316685335905,318.9703071212722,310.9316685335905,316.2906799316406,15125195,4783958210.648651
2012-11-28 00:00:00,314.57578584094114,317.14919917615,309.9348155473754,315.7547607421875,7824479,2470616494.5772705
2012-11-29 00:00:00,317.04096302222007,322.2927886221208,316.18354318284884,320.470703125,8416795,2697336211.7089844
2012-11-30 00:00:00,307.823387003934,320.3635523689279,307.823387003934,316.39776611328125,11867956,3754994766.730713
2012-12-03 00:00:00,315.9691556070626,318.97024636990454,312.5393245755378,313.6111145019531,9356047,2934160327.002655
2012-12-04 00:00:00,312.6465559149278,317.5769178712525,311.4997453835569,316.9338073730469,5493729,1741148448.6457214
2012-12-05 00:00:00,318.97027458550696,320.12236988943675,315.9691835571933,318.54150390625,7675041,2444819102.682129
2012-12-06 00:00:00,320.4707293880569,323.9906157971237,317.79119345932537,321.86407470703125,8866813,2853908561.845276
2012-12-07 00:00:00,321.64976930156365,323.0431145063513,318.4343082270077,320.470703125,5984887,1917980945.0136719
2012-12-10 00:00:00,318.5414901081609,322.6143709812759,315.86198479851873,319.1845397949219,5066619,1617186453.8312073
2012-12-11 00:00:00,318.54149743347216,320.0420581034618,317.1481522106045,319.0773620605469,3774516,1204362608.3353271
2012-12-12 00:00:00,320.14924579403396,323.79335612004417,318.5415000364325,323.0431213378906,6375178,2059457400.2046509
2012-12-13 00:00:00,324.5435868850812,324.97226635564215,320.51243870800465,321.75689697265625,6969811,2242584759.845886
2012-12-14 00:00:00,321.54252517452636,325.81683670176557,321.060207620557,324.0076599121094,6994780,2266362299.4000244
2012-12-17 00:00:00,323.25731690545024,324.00764261181376,319.72039256802566,323.364501953125,6467825,2091465009.8449707
2012-12-18 00:00:00,323.04309347977954,329.13305189148923,318.5414725665255,327.0087890625,8973020,2934256404.4335938
2012-12-19 00:00:00,329.79554429622607,341.9498593751761,329.52753601916424,338.0484619140625,12479010,4218510136.710205
2012-12-20 00:00:00,335.4760943904629,342.59283086466405,335.4760943904629,340.5135498046875,7396205,2518508019.6331787
2012-12-21 00:00:00,336.65500953541266,340.29911910734467,331.18878443223093,337.833984375,11602854,3919838396.9414062
2012-12-24 00:00:00,335.9047344310838,341.09229132714853,334.725759413756,339.7633361816406,1718796,583983863.1756592
2012-12-27 00:00:00,339.3345567726777,353.1608836516139,338.69141600065717,348.33770751953125,6955810,2422970909.3414307
2012-12-28 00:00:00,348.3376688800763,352.2519735289936,345.9797191678409,348.0162048339844,5115263,1780194415.9877014
2012-12-31 00:00:00,343.6218139278548,349.9957870929995,341.9068832037803,347.8018493652344,2273526,790736547.3799438
2013-01-02 00:00:00,353.69686449605604,361.4417074559932,353.3988784482277,358.1983642578125,8546451,3061324768.409546
2013-01-03 00:00:00,357.76966460301503,361.4137743751397,353.38060500274474,356.2691345214844,7159308,2550640464.9327393
2013-01-04 00:00:00,355.5188278492941,357.9883365105023,353.05369284899103,357.7696838378906,7101112,2540562595.137451
2013-01-07 00:00:00,360.4492123216305,364.41490811372347,356.26917675865343,357.87689208984375,8929861,3195790901.474304
2013-01-08 00:00:00,357.1264913280845,367.44914962985695,355.59920308678824,361.1993713378906,9253436,3342335265.9154053
2013-01-09 00:00:00,362.056911385643,376.57989447243114,361.9978973398474,375.0257263183594,14333665,5375493127.429047
2013-01-10 00:00:00,377.7052734351092,387.0858045983916,376.4191133413402,382.4212646484375,16104730,6158791213.421631
2013-01-11 00:00:00,384.77919396831373,389.8628457951235,382.09968885519726,386.27972412109375,12008396,4638599894.016846
2013-01-14 00:00:00,387.3514876562538,395.7330918229341,386.92283854676884,390.67413330078125,11093003,4333749332.727966
2013-01-15 00:00:00,390.67413409579615,390.7813191528677,375.8832340454253,379.52734375,16306446,6188742136.3828125
2013-01-16 00:00:00,377.5980928982671,378.6699739830002,366.7085574022358,375.2401428222656,15515313,5821968266.052155
2013-01-17 00:00:00,375.1329600518498,382.52845665677967,374.16835515035007,379.205810546875,6962635,2640271648.717041
2013-01-18 00:00:00,380.27772015612635,385.8264691112398,373.0965931563984,384.56488037109375,9850467,3788143663.4544067
2013-01-21 00:00:00,385.3152795989961,395.8189638378986,382.4063385447092,393.2466125488281,8853009,3481415800.1142883
2013-01-22 00:00:00,392.17468906509976,393.5680340423557,385.2079338061775,388.959228515625,7316125,2845674335.723877
2013-01-23 00:00:00,387.8875119204381,390.9957880010324,384.24340157873013,384.77923583984375,6786853,2611440111.097351
2013-01-24 00:00:00,383.2786618012912,392.6666640805795,380.4919412660269,391.2101135253906,4804409,1879533390.3124084
2013-01-25 00:00:00,390.0311030313996,396.0331623187762,389.49514738966855,392.1746826171875,6637064,2602888467.709961
2013-01-28 00:00:00,393.6752258359737,397.2336543260958,387.5658901718412,394.2111511230469,7908345,3117557785.928192
2013-01-29 00:00:00,390.67416508481335,392.7963321907068,367.73753297670055,370.6313171386719,23555892,8730551278.336304
2013-01-30 00:00:00,370.9528305766214,377.1511578590333,366.41051085227093,372.1318054199219,8879627,3304391626.9654846
2013-01-31 00:00:00,371.16724322736013,372.59922234239565,360.66249932670013,367.9518127441406,13152360,4839434703.863525
2013-02-01 00:00:00,367.2015705090488,370.52421636266354,361.8232433081787,364.9508056640625,8242073,3007951181.6920166
2013-02-04 00:00:00,365.2722904839495,366.20266539316805,352.1962890625,352.1962890625,9093461,3202683218.9345703
2013-02-05 00:00:00,351.87475005920345,364.5221029023272,350.33886599756386,361.7353820800781,9501375,3436983515.9111023
2013-02-06 00:00:00,362.5928593494172,369.08586431149837,358.43320306309744,366.6657409667969,12580618,4612881620.790222
2013-02-07 00:00:00,364.4148582307038,367.54770523666366,355.0365150204094,356.8049621582031,8466410,3020857099.6658325
2013-02-08 00:00:00,359.05588113233296,367.3334908440111,358.19837015212926,363.4503173828125,6155590,2237251139.178467
2013-02-11 00:00:00,363.34313545882276,367.3334940305816,362.37843939430604,364.7364807128906,5895395,2150265624.712372
2013-02-12 00:00:00,364.4149097148814,380.65917340273586,361.84258947179245,379.63458251953125,12850697,4878568990.679993
2013-02-13 00:00:00,379.7418023761225,380.14906924075046,372.9894155605243,378.24127197265625,7956673,3009542116.1904907
2013-02-14 00:00:00,378.777168605023,379.52740337710634,369.773926122954,372.8822021484375,6623046,2469615977.4104004
2013-02-15 00:00:00,372.6677989243099,373.8885666469932,366.129783349837,368.91650390625,6290674,2320733459.2939453
2013-02-18 00:00:00,367.52318359585445,369.98297337003896,362.8071919178394,363.66461181640625,6303974,2292532257.610718
2013-02-19 00:00:00,361.9497726826724,371.146883584338,360.8082167406789,369.881103515625,8130495,3007316462.7282715
2013-02-20 00:00:00,368.80929363249004,383.20577454114056,367.1339690184324,379.52734375,10528778,3995959147.2734375
2013-02-21 00:00:00,376.84787930702737,376.84787930702737,368.4877773824103,371.3816833496094,7575387,2813359976.0847473
2013-02-22 00:00:00,373.41800523665125,376.6656306989849,366.8800200001655,369.7738952636719,9170669,3391073998.3038025
2013-02-25 00:00:00,371.7032080681656,384.70209318750443,370.64098551272235,380.2776794433594,15242096,5796228896.73291
2013-02-26 00:00:00,368.9165134338036,370.7385077123988,363.34310254968494,363.8789367675781,10609261,3860486612.5697327
2013-02-27 00:00:00,364.62924529198654,372.3998737523234,359.0558346725822,371.70318603515625,9015544,3351106428.6401367
2013-02-28 00:00:00,369.23806152972793,369.8340033493307,343.0527041786713,347.1588134765625,35797446,12427398878.851318
2013-03-01 00:00:00,340.8350717984229,343.7289773489474,327.3303310925302,336.5478515625,22183202,7465708973.876953
2013-03-04 00:00:00,332.47494286727346,335.154478066852,327.1159332133999,328.93792724609375,13296602,4373756701.296265
2013-03-05 00:00:00,331.93910289801977,338.1556249435183,331.93910289801977,335.2617492675781,9427640,3160727077.86499
2013-03-06 00:00:00,335.47605545937466,338.2787822796072,331.08161987062624,331.2959899902344,8823987,2923351508.8259583
2013-03-07 00:00:00,331.51045959336193,333.3861227711948,324.86519649982745,324.9723815917969,16814240,5464163617.456055
2013-03-08 00:00:00,328.40217533486145,329.7955206235839,318.9702831797751,328.18780517578125,23000744,7548563690.77002
2013-03-11 00:00:00,327.8661832170133,328.4342731873917,318.3271070398962,322.9359130859375,14584285,4709789393.180542
2013-03-12 00:00:00,321.7569964681529,333.46544100870824,319.39895492448,328.2950134277344,12578948,4129605902.5667725
2013-03-13 00:00:00,327.97336495703047,329.6882956495042,319.7204489302457,321.6497497558594,13683110,4401168907.381897
2013-03-14 00:00:00,322.0784407816624,328.6240201284639,318.3882549708687,326.3656921386719,10969005,3579906908.8975525
2013-03-15 00:00:00,321.64975592406,331.5103873931978,320.3635958458474,330.0098571777344,23726712,7830048838.417236
2013-03-18 00:00:00,321.54252593613967,322.5199479286493,312.43210010216194,318.64862060546875,16215011,5166890888.252502
2013-03-19 00:00:00,318.97023405653323,321.8823328546456,312.64649757345563,314.6829833984375,9051873,2848470400.9837646
2013-03-20 00:00:00,318.43425141778283,323.79329150735225,316.44493447833764,321.75689697265625,13712922,4412227231.148071
2013-03-21 00:00:00,321.86406002182747,327.0194526531404,317.7911789599488,322.07843017578125,10068118,3242723640.2645264
2013-03-22 00:00:00,320.79225070060505,320.79225070060505,310.18138430790214,314.3614501953125,11789024,3706014681.0273438
2013-03-25 00:00:00,321.8639993887587,326.0440647401693,304.57789564593594,307.8233947753906,11993345,3691832172.6124573
2013-03-26 00:00:00,308.7880571676399,309.9724082258101,302.14285576060297,306.5372009277344,12268750,3760828283.882141
2013-03-27 00:00:00,306.43009043203216,313.28966162246087,294.31857225299893,296.99810791015625,23124206,6867845428.924683
2013-03-28 00:00:00,294.7473388125862,299.72049520592316,292.38938877386374,295.28326416015625,15203023,4489198256.541931
2013-04-02 00:00:00,294.6401900833918,304.6080079332013,288.2093584732036,304.07208251953125,13559757,4123143549.4487915
2013-04-03 00:00:00,304.50077248526577,304.8715921108396,289.4954708374247,290.5672607421875,12866126,3738474988.183838
2013-04-04 00:00:00,291.63905199577596,303.4289839838568,288.29499336819543,294.10418701171875,15080890,4435352892.863159
2013-04-05 00:00:00,294.96175428491813,298.0946021354013,286.7088367630417,288.8524169921875,11936470,3447878209.8547363
2013-04-08 00:00:00,290.67441621313407,293.79982183405787,283.9991776700991,285.2082214355469,7456954,2126784587.666687
2013-04-09 00:00:00,287.0303121447556,295.81918581344206,287.0303121447556,293.56842041015625,8614508,2528947506.1706543
2013-04-10 00:00:00,291.21029745772483,307.76439066864395,291.21029745772483,305.89410400390625,11543432,3531067788.7700195
2013-04-11 00:00:00,306.430049782468,311.1020608308894,303.1074041400537,307.8233947753906,8995859,2769135856.3007507
2013-04-12 00:00:00,304.3936031064115,306.04095472311394,300.5351228032541,305.46539306640625,7084421,2164045445.412903
2013-04-15 00:00:00,305.57261961821644,306.85877989386427,294.9992620090253,300.427978515625,8971216,2695204287.7070312
2013-04-16 00:00:00,297.5340287879038,306.75154991112646,296.3550537698957,304.1792297363281,12173657,3702973609.334259
2013-04-17 00:00:00,307.18030413653645,308.25209413381936,301.07096751237333,303.53619384765625,10471032,3178337198.9370117
2013-04-18 00:00:00,305.46544908565534,305.46544908565534,291.42474897909887,293.56842041015625,10861607,3188624810.105896
2013-04-19 00:00:00,295.8191272269341,300.85667360471217,294.10419649625794,300.6423034667969,5960930,1792107726.0043335
2013-04-22 00:00:00,304.3936063106162,317.0409588038027,303.3218163393392,306.7515563964844,9984887,3062879627.6930237
2013-04-23 00:00:00,306.10852542818645,317.1481317987865,304.9295504301465,314.03985595703125,7869444,2471319060.221924
2013-04-24 00:00:00,314.89733024745567,320.25646306308727,313.8255401315108,317.68402099609375,9364699,2975015233.738098
2013-04-25 00:00:00,318.64867542925185,324.2220865695584,316.8265899489649,322.29278564453125,9758189,3144993915.6558228
2013-04-26 00:00:00,320.577931571793,322.292832227854,311.146038708761,316.2906799316406,11268181,3564020630.082794
2013-04-29 00:00:00,318.32709408167483,321.0065991734524,313.9326583498339,315.11163330078125,7461668,2351258390.628174
2013-04-30 00:00:00,317.8984244503038,334.0827955228792,317.2553746729729,328.2950134277344,22207590,7290641057.24762
2013-05-01 00:00:00,327.00878578696086,333.5467710275258,326.2670250450403,328.8307800292969,5884570,1935027743.2369995
2013-05-02 00:00:00,324.32927428803055,332.260635588511,323.3645782586746,329.3667297363281,8353256,2751284611.3703613
2013-05-03 00:00:00,319.3988564940166,321.3281570947064,300.1063060767511,310.6100769042969,33214487,10316754361.406769
2013-05-07 00:00:00,313.0752875768725,314.79018794625915,303.1074405695549,310.395751953125,18672288,5795798874.4453125
2013-05-08 00:00:00,311.36032946797087,312.75367450588766,303.9648336647569,305.89410400390625,10915338,3338937537.40979
2013-05-09 00:00:00,312.324987952099,316.50502378437795,305.9798682014319,314.8973083496094,15083913,4749883603.079681
2013-05-10 00:00:00,315.4332112298839,325.22638527058115,315.1116560168206,321.0066223144531,16710688,5364241511.430664
2013-05-13 00:00:00,320.8994393186971,322.3925282788564,313.1824786270346,318.755859375,8932531,2847296595.298828
2013-05-14 00:00:00,318.21992517530407,324.34639165725616,313.8254892203452,324.2220764160156,18635032,6041888769.1188965
2013-05-15 00:00:00,324.5436962486347,331.83194827490746,321.3282650368403,329.04522705078125,14201597,4672967709.348694
2013-05-16 00:00:00,330.6528986767755,343.40743556581276,327.43743781537626,341.6925048828125,20147911,6884390177.745972
2013-05-17 00:00:00,341.47815316079704,361.26702618769593,338.82549727754537,360.9850769042969,23787266,8586848046.352966
2013-05-20 00:00:00,371.48883758090653,378.8843339417004,352.62493375345184,377.16943359375,25228781,9515525040.030762
2013-05-21 00:00:00,375.24005055769646,376.3118402609554,360.8370715452074,366.77276611328125,16551835,6070762307.200623
2013-05-22 00:00:00,367.6303437735307,378.1876625830041,364.65491797424454,374.70428466796875,20965246,7855767505.317993
2013-05-23 00:00:00,363.4502429776069,365.66140169576215,355.6259770166276,361.41375732421875,17963158,6492132426.188599
2013-05-24 00:00:00,363.9860941139211,369.7738746915803,348.7664231883606,350.4813537597656,15063009,5279303786.015533
2013-05-28 00:00:00,354.1255316819271,361.30665866335596,351.01734660852594,356.1620178222656,10913762,3887067495.9519653
2013-05-29 00:00:00,354.7686485480237,354.76974196342076,349.0880822064888,349.4096374511719,7553234,2639172753.5238647
2013-05-30 00:00:00,348.3377177005827,355.8114540932616,347.74821500358223,355.3044738769531,6671958,2370576526.9191284
2013-05-31 00:00:00,356.5906865499746,364.2004612042051,353.43633568281143,360.770751953125,15214500,5488946605.59082
2013-06-03 00:00:00,359.5917055340141,362.3784263142114,355.304484849684,356.4835510253906,11275303,4019460052.32724
2013-06-04 00:00:00,360.34203856158155,363.1287593970264,356.77288793853876,359.4845275878906,5840791,2099673993.3746033
2013-06-05 00:00:00,355.3044886566316,358.94869005991814,347.9304653558563,351.98193359375,38145424,13426500097.273438
2013-06-06 00:00:00,350.4814264342489,352.6249761955702,339.5489733660371,339.6561584472656,7867364,2672198633.3463135
2013-06-07 00:00:00,341.0495239167328,352.41068659696134,332.5822064797596,350.91015625,10863162,3811993874.7890625
2013-06-10 00:00:00,359.05582916566647,359.80606384339825,352.2498056231039,357.9840393066406,12557172,4495267154.828247
2013-06-11 00:00:00,356.3763131976512,357.88112579496925,346.46957711318225,351.01727294921875,10299442,3615282043.7386475
2013-06-12 00:00:00,358.94871355550964,359.05589863667944,348.0162908659368,348.9808654785156,8224249,2870105533.9308167
2013-06-13 00:00:00,334.9401238541251,338.3699548963676,320.3635924989235,337.6196594238281,32136178,10849805471.543518
2013-06-14 00:00:00,340.8351078576213,342.16090429496785,333.3324260920315,338.6914367675781,14434998,4889010212.357117
2013-06-17 00:00:00,340.0848123456796,343.3002430491256,335.1545419626711,338.6914367675781,9377738,3176159556.8499146
2013-06-18 00:00:00,338.6914107525032,348.016238045135,333.5467706183883,346.1941223144531,10003295,3463081932.7775574
2013-06-19 00:00:00,347.26592570286726,347.26592570286726,341.6925147200796,342.4428405761719,8254809,2826800242.373749
2013-06-20 00:00:00,335.2617794907485,342.4814196835856,324.00777026788904,325.50830078125,18004246,5860531522.307617
2013-06-21 00:00:00,321.97122447346123,325.6154257392836,301.928466796875,301.928466796875,29082842,8780937895.155762
2013-06-24 00:00:00,306.10856116022546,307.56936411060246,299.1418043083942,301.07098388671875,16363549,4926589797.308533
2013-06-25 00:00:00,305.35819076703956,305.94338051976285,299.9991501514916,301.7140808105469,11721915,3536666809.5643616
2013-06-26 00:00:00,303.21466923707897,304.32078043810253,300.427978515625,300.427978515625,11813344,3549059057.4296875
2013-06-27 00:00:00,301.0709934960776,303.31856963085255,292.71089108157855,295.6047668457031,19087803,5642445555.411713
2013-06-28 00:00:00,298.069979012857,299.9916866922064,291.5318721364083,293.13958740234375,17035656,4993825170.968262
2013-07-01 00:00:00,296.99809101336496,304.04952581325927,291.0688647082696,302.142822265625,17873198,5400258486.632324
2013-07-02 00:00:00,303.53623963388526,305.46544977094266,292.7537961579248,293.9970703125,10121618,2975726038.8222656
2013-07-03 00:00:00,290.7815895305875,293.1020289233623,286.17278425383734,289.38824462890625,16481387,4769519652.979675
2013-07-04 00:00:00,292.60373428954586,305.5458863779492,291.1032948386052,304.5008544921875,15600323,4750311683.854126
2013-07-05 00:00:00,302.2499925259123,306.53715193099816,295.49751600345365,296.56939697265625,12278588,3641453438.8356934
2013-07-08 00:00:00,297.96279780234545,314.79018540613185,297.6412122232914,309.5382385253906,13329034,4125845705.6050415
2013-07-09 00:00:00,310.8243813963837,329.90265438872177,310.8243813963837,326.2584533691406,20957545,6837576218.114166
2013-07-10 00:00:00,322.72154295062256,331.18882919645694,321.622873227649,322.9359130859375,9877714,3189868589.791748
2013-07-11 00:00:00,328.18775335375267,329.90265361030646,321.2209976375668,325.8298034667969,8911468,2903621867.0406494
2013-07-12 00:00:00,327.0087791818619,338.2627551933418,325.0794784228809,326.2584533691406,14329392,4675085271.640137
2013-07-15 00:00:00,327.7589961512334,343.40743885355255,327.2231619341506,342.9786682128906,14177254,4862495695.835876
2013-07-16 00:00:00,344.47923442939367,350.37423149520714,341.4781737300295,342.01409912109375,12106132,4140467829.821045
2013-07-17 00:00:00,346.9443377453346,347.4802630400637,336.01188694987206,344.6935729980469,13434613,4630824756.8160095
2013-07-18 00:00:00,342.9786771296433,360.34202061014724,342.9786771296433,358.4127197265625,13322777,4775052738.880493
2013-07-19 00:00:00,352.94653893031034,362.3538287777388,350.2584684772144,361.306640625,16549455,5979427990.224609
2013-07-22 00:00:00,360.8778791669128,363.87893958017816,356.2691642243123,358.94866943359375,8851487,3177229481.1587524
2013-07-23 00:00:00,360.9851507873375,367.26815935121914,359.9133605957031,359.9133605957031,8631445,3106572376.7469788
2013-07-24 00:00:00,359.9132688294758,366.4512541513084,359.9132688294758,365.7010498046875,5782866,2114800167.079834
2013-07-25 00:00:00,365.70103324006107,367.81572859502296,357.98404291040003,362.3783874511719,8463351,3066935487.813263
2013-07-26 00:00:00,362.16411853446795,362.8071378035094,349.1952116927596,351.55316162109375,10060982,3536970031.112915
2013-07-29 00:00:00,352.4106969579999,354.0773657435232,345.01519971113174,348.9808654785156,9568471,3339213290.886078
2013-07-30 00:00:00,348.33774851998606,348.8458221965227,339.1202265550761,340.1920166015625,10814206,3678906547.084717
2013-07-31 00:00:00,341.4782232978769,343.1931240529141,337.83411234556644,340.40643310546875,8874814,3021043778.2144775
2013-08-01 00:00:00,341.69252221699617,358.46736555159373,340.0848068910593,357.4481506347656,17849115,6380133147.217255
2013-08-02 00:00:00,359.27022049613777,359.48449951171875,334.8329364544418,345.6581726074219,25923673,8960729436.452362
2013-08-05 00:00:00,342.97870716960625,346.26921924329264,336.62502230181724,340.1920166015625,13045141,4437852823.641724
2013-08-06 00:00:00,338.79864939410027,343.8361959262667,338.1555997059391,340.5135498046875,9415627,3206148573.4068604
2013-08-07 00:00:00,340.19203356974424,346.285242901544,338.47719370795215,343.94342041015625,11004179,3784814964.065613
2013-08-08 00:00:00,343.83624029826774,347.5907252033553,341.7869064040408,346.0870056152344,7107052,2459658345.4317627
2013-08-09 00:00:00,347.1587798439286,351.0173516480921,344.2648737702933,348.9808654785156,6385642,2228466871.7959595
2013-08-12 00:00:00,350.5885382330953,354.6400058915391,350.00969639374495,353.1608581542969,13254262,4680886542.121887
2013-08-13 00:00:00,355.6260407943405,357.55534173972643,353.8993861534462,356.9122009277344,7330781,2616445181.2292175
2013-08-14 00:00:00,359.05580641203994,370.5241819344224,356.6356535517223,369.4523010253906,14745855,5447890060.336761
2013-08-15 00:00:00,370.7385804644569,370.9657982725673,361.8426433610103,365.0579833984375,13245422,4835347044.581299
2013-08-16 00:00:00,359.0558690336057,367.95183519280624,354.98301852084626,367.63037109375,12754287,4688863262.846191
2013-08-19 00:00:00,368.273374003999,368.916514781992,361.19943289899464,364.3077087402344,7502290,2733142080.204773
2013-08-20 00:00:00,362.27122674590316,364.41489774759003,354.23268069126294,362.9143371582031,12645313,4589165385.553009
2013-08-21 00:00:00,362.1641278158013,365.05791202284104,357.2337362132072,358.0911560058594,8560007,3065262802.0482483
2013-08-22 00:00:00,355.9475930538988,369.7739206771678,355.9475930538988,367.63037109375,9549306,3510614908.4677734
2013-08-23 00:00:00,368.91655759578424,372.7750382397785,363.3431460444879,369.02374267578125,8121288,2996948093.10791
2013-08-27 00:00:00,365.05793261866927,366.8800484919543,351.6303977345479,353.8040466308594,10364568,3667026099.980713
2013-08-28 00:00:00,352.7321285830692,362.1641103182995,348.2488225441523,360.12762451171875,12722862,4581854069.050415
2013-08-29 00:00:00,361.9497189905356,365.2722431113845,356.05475353083716,363.55743408203125,8835882,3212350587.7716064
2013-08-30 00:00:00,364.414923065553,366.1298235388708,356.85866373619234,357.66253662109375,7541287,2697235837.807678
2013-09-02 00:00:00,360.9851023122136,364.7128894213012,356.69785100343233,358.8415222167969,6902540,2476917960.762329
2013-09-03 00:00:00,360.1276035687064,361.19939338173305,351.47808240134805,355.09014892578125,8181895,2905310314.045105
2013-09-04 00:00:00,356.91218914752676,357.12765270217534,346.5156929776496,352.1962890625,8159600,2873780840.234375
2013-09-05 00:00:00,355.4117385238173,360.5564711578678,354.54356660028304,359.9133605957031,9379614,3375848395.8305054
2013-09-06 00:00:00,360.0203965409851,364.6292017972399,357.1264913280845,361.1993713378906,8911846,3218953172.660095
2013-09-09 00:00:00,360.1276960388911,366.2455982688887,355.45996637613075,364.4149475097656,11544386,4206946818.222473
2013-09-10 00:00:00,366.8800057772873,382.4137604715595,366.8800057772873,381.5638427734375,19340267,7379546596.784302
2013-09-11 00:00:00,381.56392144119974,382.63568115234375,374.16839370164706,382.63568115234375,11894346,4551201183.571655
2013-09-12 00:00:00,383.06438480517295,387.1372350069216,380.59706298991335,386.27972412109375,10275580,3969248207.5842285
2013-09-13 00:00:00,386.0653414820385,387.41051551213485,380.17046687138435,387.35150146484375,6393112,2476381532.23291
2013-09-16 00:00:00,391.2101861045782,394.13832221738573,387.351583844957,392.8179016113281,9318440,3660450047.0910645
2013-09-17 00:00:00,382.42133284446317,391.68064842627064,381.6711283391684,388.53070068359375,13666471,5309843553.502014
2013-09-18 00:00:00,389.9239469749213,392.92491609649755,387.13722648634547,391.7459411621094,8104983,3175094193.4378967
2013-09-19 00:00:00,396.67641169315726,401.49949745521985,393.13936469339654,395.4974365234375,11462087,4533226025.708618
2013-09-20 00:00:00,392.4962869216233,393.27974932156815,389.28082602241955,390.5669860839844,9994909,3903681484.31369
2013-09-23 00:00:00,390.1382826827722,391.2101638290904,384.886426500333,386.92291259765625,7304608,2826320202.7441406
2013-09-24 00:00:00,386.9229527411869,397.64100600015604,385.5296073361535,394.318359375,10150816,4002653111.4375
2013-09-25 00:00:00,393.67529226199036,407.9335497239227,391.2101570160765,399.46307373046875,15549923,6211620037.852112
2013-09-26 00:00:00,400.32048909290495,401.71383431346277,387.7803213625891,397.7481384277344,8042285,3198803887.4552917
2013-09-27 00:00:00,396.5691972968774,397.9625730093377,388.6378655918986,392.8179016113281,8964261,3521322195.516266
2013-09-30 00:00:00,386.38691556646603,389.17360557070003,383.27864001711123,385.7438659667969,8612524,3322228303.4918213
2013-10-01 00:00:00,385.52951913817515,395.926014753265,385.0546732073011,394.7470397949219,8448459,3335004181.078766
2013-10-02 00:00:00,393.7825684229492,398.498469854607,390.03127214861956,393.2466125488281,6792680,2671198400.128174
2013-10-03 00:00:00,392.1747151085372,395.1757753735029,389.92395028245755,393.0321044921875,5381851,2115240224.5933838
2013-10-04 00:00:00,393.0321449288519,401.92820232160085,391.74598478943994,399.9989013671875,9806120,3922437226.6748047
2013-10-07 00:00:00,399.1414827766831,400.74919801998396,389.6131282992847,400.4276428222656,8187834,3278635068.4400024
2013-10-08 00:00:00,399.7846024976469,401.49944210156394,397.3193762969468,398.0697021484375,7603796,3026840808.9174805
2013-10-09 00:00:00,396.0331579708897,399.6773586427608,393.56802325071214,396.2475280761719,5552897,2200321709.9115906
2013-10-10 00:00:00,398.92704603872335,415.21850637854243,396.99786689086284,412.53900146484375,11742386,4844192195.254761
2013-10-11 00:00:00,415.3257309726086,415.3257309726086,401.49943449056303,403.96466064453125,7722570,3119645369.3536377
2013-10-14 00:00:00,392.0675589670417,401.9282217547878,392.0675589670417,398.39129638671875,11672582,4650255075.160278
2013-10-15 00:00:00,401.28502627193586,407.2250955785767,399.78458723476115,404.0717468261719,5836693,2358442736.1980896
2013-10-16 00:00:00,402.14250548498586,407.9302858935762,397.6408850015744,406.32257080078125,8615815,3500800100.343933
2013-10-17 00:00:00,404.39330979209245,406.3226106141881,399.57022478640425,403.96466064453125,6851784,2767878598.369629
2013-10-18 00:00:00,407.2872501428599,407.3944352183602,394.3183115970475,399.46307373046875,9361334,3739507253.857544
2013-10-21 00:00:00,397.962520211107,397.962520211107,371.1672551960221,378.4555969238281,25821911,9772446741.218964
2013-10-22 00:00:00,377.27663814484555,391.9603554384422,374.8328852805995,387.99468994140625,13243493,5138404960.276184
2013-10-23 00:00:00,385.85107503217733,389.68279680589353,371.7031932704462,377.3837890625,17304001,6530249463.321289
2013-10-24 00:00:00,380.59920112527834,384.8864219331907,378.96469705328747,382.0997314453125,7568324,2891854567.8911133
2013-10-25 00:00:00,381.67106148504394,400.1190122559976,381.4888256047473,394.854248046875,17392495,6867500534.884033
2013-10-28 00:00:00,397.64096172203915,401.53698283557185,390.9957907022877,394.9614562988281,10818605,4272931985.9217834
2013-10-29 00:00:00,385.1008216892916,392.9249987465683,381.5639265148008,390.9958190917969,12345080,4826874666.35376
2013-10-30 00:00:00,392.1747911105078,397.533802302807,391.2101861045782,392.8179016113281,12607274,4952362917.719055
2013-10-31 00:00:00,390.3525946846624,395.49735614123915,388.7899525129654,393.9967956542969,10676275,4206418139.5240784
2013-11-01 00:00:00,386.9229342070683,387.8875392119459,359.8061407888316,364.4149475097656,45196611,16470320625.184296
2013-11-04 00:00:00,370.09551365658143,370.09551365658143,353.48246493888774,355.51885986328125,18903979,6720721060.959412
2013-11-05 00:00:00,353.6968888503632,355.09023416535666,341.69255455997757,349.4096374511719,22741394,7946062232.674255
2013-11-06 00:00:00,349.7310458973049,353.9111115494279,345.658165309678,351.55316162109375,13368540,4699752503.258057
2013-11-07 00:00:00,350.91014100163125,355.94759646841356,343.7290144402782,344.9079895019531,10123381,3491634987.6722717
2013-11-08 00:00:00,342.978667429028,349.84361430609005,339.227372328335,345.6581726074219,7521776,2599963346.9223633
2013-11-11 00:00:00,347.5874246360979,365.80818485614213,346.7300353403377,364.200439453125,20959593,7633492981.358643
2013-11-12 00:00:00,359.0558527878136,360.72677353094525,352.8983455333588,355.4116516113281,12248264,4353175737.611572
2013-11-13 00:00:00,354.4471447977949,356.69791034697033,345.8726711263536,348.230712890625,9668452,3366851932.508789
2013-11-14 00:00:00,353.26802765281207,353.8318350088083,348.4448520813956,350.2669372558594,6870780,2406607067.1588135
2013-11-15 00:00:00,351.1243967885212,356.1619734124429,350.4813775088617,353.69683837890625,5632549,1992214773.31427
2013-11-18 00:00:00,353.6968999718389,359.48456045896944,353.3753143443941,357.2337951660156,6538857,2335900702.1578674
2013-11-19 00:00:00,354.44706632354445,355.3044861654677,349.7921847240645,351.1244201660156,6890039,2419260948.796234
2013-11-20 00:00:00,349.516795928219,356.4835523455408,347.05156961261343,351.1244201660156,6568840,2306480136.16333
2013-11-21 00:00:00,349.5167495958745,356.8049691493256,347.87686982370445,353.589599609375,5791298,2047742741.0385742
2013-11-22 00:00:00,354.87583661846577,357.8768971799998,353.16090581847084,353.8040466308594,3595147,1271977556.8327942
2013-11-25 00:00:00,356.16198480716145,358.51993484987014,354.0580108349519,355.3044738769531,6533537,2321394926.3406067
2013-11-26 00:00:00,354.339834278444,358.841454901363,352.3644582852895,353.589599609375,6194595,2190344365.7922363
2013-11-27 00:00:00,355.30450976455023,358.30985307214985,350.53606451895376,354.33990478515625,7390994,2618924110.227661
2013-11-28 00:00:00,355.3044321041789,361.41376775001237,354.060064921089,356.8049621582031,8101894,2890795982.079773
2013-11-29 00:00:00,355.6260406487813,360.2562596488107,349.3024250576242,350.6957702636719,10071536,3532045075.258301
2013-12-02 00:00:00,350.3741812135668,356.26914706075416,348.0162313218654,355.1973571777344,8909896,3164771511.928467
2013-12-03 00:00:00,352.3034805654418,357.01938073658346,352.3034805654418,354.76861572265625,12295268,4361975208.299072
2013-12-04 00:00:00,354.7686085324916,357.49640628660995,353.3752633746582,354.8758239746094,13172088,4674455582.466064
2013-12-05 00:00:00,354.7686230621423,357.5070817273338,353.6646988075223,354.66143798828125,10448538,3705693511.9552
2013-12-06 00:00:00,355.7332249322291,360.23484613256664,352.83934945337796,359.5917053222656,8400838,3020871662.5560913
2013-12-09 00:00:00,360.9850769042969,363.44602063880194,359.16305217502537,360.9850769042969,6751423,2437162950.8684387
2013-12-10 00:00:00,361.5209790415738,366.1887078994965,359.055844040106,360.87786865234375,7333201,2646389947.279236
2013-12-11 00:00:00,357.9840732002971,357.9840732002971,348.5135781996124,350.37420654296875,11659799,4085292823.0755005
2013-12-12 00:00:00,348.3377259792783,348.5520961237635,338.1555997059391,340.5135498046875,13587644,4626776891.922363
2013-12-13 00:00:00,339.33452376364124,341.7996585641974,334.29706910639305,338.5841979980469,8044695,2723806604.7138977
2013-12-16 00:00:00,338.69149449311175,347.90913899988107,336.2434890575841,343.62188720703125,7431647,2553676567.196472
2013-12-17 00:00:00,342.54998656523236,345.2241155377512,341.0494565148221,342.1212463378906,5968118,2041819968.4515991
2013-12-18 00:00:00,345.12230249120034,347.3216159119246,341.3709166627973,343.51458740234375,6743283,2316416077.482239
2013-12-19 00:00:00,347.58751413065414,352.9251427697614,347.5435345344972,349.5168151855469,8761238,3062200002.8425903
2013-12-20 00:00:00,348.1234875881362,353.3292384485775,346.9658947473231,350.588623046875,8520770,2987285021.599121
2013-12-23 00:00:00,350.1598365505146,354.8651066585895,350.1598365505146,353.48248291015625,3656135,1292379677.6547241
2013-12-24 00:00:00,354.23269370782054,358.82108954971045,353.16090372656276,356.0548095703125,1416152,504227730.6826172
2013-12-27 00:00:00,359.0559059506603,365.5939226813496,358.09120982783134,364.4149475097656,5485304,1998926769.2351074
2013-12-30 00:00:00,364.41490834205183,367.3944954012383,361.0654735583802,364.09332275390625,4051918,1475276288.1463623
2013-12-31 00:00:00,364.41487324722493,366.55842261421145,362.09652931265776,362.3783874511719,2067527,749227100.271759
2014-01-02 00:00:00,364.7364037999499,366.8831725222474,363.66452288458936,364.52203369140625,5003754,1823978584.1715088
2014-01-03 00:00:00,364.6292579404186,371.48882879738574,364.09330223880625,367.9518127441406,6462638,2377939367.2091675
2014-01-06 00:00:00,367.7375824611165,371.5960631051107,364.41493609915875,369.02374267578125,5933733,2189688359.6987915
2014-01-07 00:00:00,367.09441982480763,378.5724559888083,366.5317057813778,375.56170654296875,7823083,2938050401.9072876
2014-01-08 00:00:00,375.88331937250086,388.007564866889,373.84683319849364,383.60028076171875,12687862,4867067425.465942
2014-01-09 00:00:00,385.3151947510334,391.63562142119605,382.42128879833325,386.0653991699219,12788506,4937199673.676941
2014-01-10 00:00:00,388.2090074004424,388.74487195173185,382.31404174660366,382.5284118652344,9668575,3698504639.7499084
2014-01-13 00:00:00,387.4586899058182,394.53266099089444,387.2444109005319,394.4254455566406,9755318,3847745648.6967163
2014-01-14 00:00:00,387.4587541901969,397.5177807951577,386.60136467300134,396.14044189453125,8507694,3370241660.663452
2014-01-15 00:00:00,397.319385948474,405.6794873881424,396.5691511966974,401.9281921386719,10451406,4200714718.887268
2014-01-16 00:00:00,403.75029072876316,404.0717548101226,394.54877624424194,398.1768798828125,10681336,4253061041.459961
2014-01-17 00:00:00,394.31830269405845,397.6301969243833,389.0664770943064,389.8168029785156,12492756,4869886204.310669
2014-01-20 00:00:00,385.851116970609,386.4941666801826,379.510279932622,384.77923583984375,8822458,3394698647.469116
2014-01-21 00:00:00,384.88642091565544,388.8821554066045,383.2787055237766,384.77923583984375,5606119,2157118184.847229
2014-01-22 00:00:00,382.2069012133821,382.850042016842,371.1672640348236,372.9893798828125,18616514,6943762012.439697
2014-01-23 00:00:00,364.4149295463506,380.7063932146536,364.4149295463506,369.5595703125,12184955,4503066734.077148
2014-01-24 00:00:00,368.2733886921495,374.91858979195854,362.4856074217086,364.09332275390625,12071854,4395281434.660034
2014-01-27 00:00:00,362.37842513049867,365.80825633752465,351.8747435999945,356.0548095703125,16495821,5873416404.860962
2014-01-28 00:00:00,352.62494172402245,374.0611661852911,350.76862629355344,368.5949401855469,18048591,6652619320.0784
2014-01-29 00:00:00,368.166184840509,372.4534356318965,357.76968899275045,365.7010498046875,10567218,3864442716.11499
2014-01-30 00:00:00,364.4148615801414,373.8467518467093,359.27019140086406,372.34619140625,9765450,3636128114.868164
2014-01-31 00:00:00,370.9529338678045,373.4180692943257,361.62822646053456,364.4149475097656,10412432,3794445860.729004
2014-02-03 00:00:00,364.4149528752057,366.2370385737361,356.16203543465525,357.2337951660156,9705974,3467301927.8026733
2014-02-04 00:00:00,354.76863170097187,359.05588289657265,351.55320089743344,354.9830322265625,7234647,2568176929.1488037
2014-02-05 00:00:00,354.66143065101267,358.09117070772527,352.57677364411825,354.76861572265625,14173622,5028356256.716187
2014-02-06 00:00:00,357.3409667004596,363.1287479667792,353.4824559804622,360.9850769042969,11401455,4115755109.99588
2014-02-07 00:00:00,362.0569676765945,365.0579371574974,359.69892640754074,361.7353820800781,8431617,3050014197.047882
2014-02-10 00:00:00,364.41491058123563,365.37948511571625,361.5210047419097,361.84259033203125,5117848,1851855377.2456055
2014-02-11 00:00:00,363.87899973674104,368.16625130206535,362.27128419632584,367.8446960449219,8407030,3092481394.9905396
2014-02-12 00:00:00,369.7738985480224,373.84677918968725,369.0236942045313,371.06005859375,11551657,4286358523.2749023
2014-02-13 00:00:00,368.80934069969464,369.9883157326557,362.80715897355145,368.5949401855469,9194868,3389181820.473999
2014-02-14 00:00:00,369.34517906950765,370.10185282906946,364.3077236690289,367.20159912109375,5666612,2080788987.9987793
2014-02-17 00:00:00,367.6303645074874,379.1286892542691,367.6303645074874,377.062255859375,9913015,3737823798.2678223
2014-02-18 00:00:00,377.81248236388075,388.367706674399,377.4910182517546,386.0653991699219,12638270,4879198752.367249
2014-02-19 00:00:00,384.45777302458913,388.10188337856454,383.9218476437265,385.2080078125,5808901,2237635181.790039
2014-02-20 00:00:00,375.1329728736669,382.4212846558409,374.0611828636681,381.2423095703125,8236168,3139975710.3291016
2014-02-21 00:00:00,384.88634009505256,390.6741203649954,384.88634009505256,385.9581298828125,16215818,6258626789.800049
2014-02-24 00:00:00,382.5284180545779,387.99464355959924,382.5284180545779,387.7802734375,7184346,2785947656.3496094
2014-02-25 00:00:00,387.1371800020048,388.95920434306305,385.62589814762526,388.42333984375,9323340,3621402861.298828
2014-02-26 00:00:00,389.9240627893164,390.9690643000137,378.88442336312073,379.4202880859375,10317156,3914538301.7475586
2014-02-27 00:00:00,363.3431684907746,369.666784874756,342.97873097688114,350.05267333984375,42753448,14965958766.895996
2014-02-28 00:00:00,349.3024342300641,353.8040555586048,341.90690696760834,351.44598388671875,20398862,7169098125.759399
2014-03-03 00:00:00,341.9068525833866,348.12340376638195,338.56282453296643,344.6935729980469,12739141,4391100028.215912
2014-03-04 00:00:00,348.33770523987107,355.09018215324164,347.05154519482994,353.26806640625,11916186,4209607987.1572266
2014-03-05 00:00:00,352.410671419491,355.1973922100083,348.12345071928416,351.1244201660156,6197535,2176105883.3335876
2014-03-06 00:00:00,353.6968824813514,356.91222226173414,350.9873080582978,356.1620178222656,9493422,3381196335.5582886
2014-03-07 00:00:00,356.4835888160271,357.5553789144058,349.3024615172268,350.15985107421875,13442789,4707124994.262146
2014-03-10 00:00:00,347.4803040308641,350.26699440161514,339.013017474374,342.7643127441406,13842882,4744845935.128235
2014-03-11 00:00:00,341.90696045736337,343.7826236490906,331.72474111667475,332.4750671386719,17895740,5949887357.996216
2014-03-12 00:00:00,327.115938319659,332.99905837123157,324.00766286075986,327.97332763671875,18025029,5911728741.878357
2014-03-13 00:00:00,327.97335826066495,328.434263149299,321.5425581242242,322.1855773925781,12255112,3948420335.730713
2014-03-14 00:00:00,321.5425780422056,324.5436385402089,312.5393358029017,321.0066223144531,15184804,4874422642.546997
2014-03-17 00:00:00,323.6861445050547,327.2231605836527,318.32710378549103,324.7579040527344,10912294,3543853727.847229
2014-03-18 00:00:00,322.6143238920121,328.5092893835519,320.7922083064609,327.4374084472656,11401769,3733365693.0743713
2014-03-19 00:00:00,327.4374280852406,327.8126213639821,321.5425533580855,323.1502685546875,7126244,2302847662.3862305
2014-03-20 00:00:00,324.11492932676606,329.366755329081,322.07844315478815,327.22320556640625,10233437,3348618059.1018677
2014-03-21 00:00:00,325.8298588471775,329.0451986636233,318.54151633172256,320.5779113769531,14948764,4792243540.786987
2014-03-24 00:00:00,321.75692161620515,328.6164922413268,318.0055355581657,325.4010314941406,16409305,5339604773.101959
2014-03-25 00:00:00,325.50827350632477,331.8319199269606,325.50827350632477,329.9027099609375,12295819,4056424009.2891846
2014-03-26 00:00:00,328.7237072104306,331.61749154380055,324.22208605293275,328.08056640625,9280051,3044604388.3588867
2014-03-27 00:00:00,325.0794483079518,325.61537357264484,321.26485710542465,323.5788879394531,7860924,2543629046.0965576
2014-03-28 00:00:00,326.79447733753653,332.36788968068936,322.4204507199044,329.2596130371094,9798816,3226354364.381836
2014-03-31 00:00:00,330.9745081485019,335.690499961637,329.15239210072997,333.33245849609375,9553434,3184469642.300171
2014-04-01 00:00:00,333.97557782691854,342.9165869813909,333.7611773009895,339.87054443359375,10193968,3464629454.098633
2014-04-02 00:00:00,340.83514900612613,347.05161064460543,340.0848534036023,346.0870056152344,8456122,2926553942.097107
2014-04-03 00:00:00,345.765434723443,347.258493443486,338.90586287866597,339.6561584472656,8404985,2854804916.906891
2014-04-04 00:00:00,340.0847961930109,342.8393522120013,337.6636407101258,341.15667724609375,5596281,1909208630.8954468
2014-04-07 00:00:00,337.40529657436963,339.8490495664272,333.33244579045555,334.40423583984375,6255286,2091794134.7896729
2014-04-08 00:00:00,334.72577650228885,335.34741348895824,325.18669968940543,331.5104064941406,9010748,2987156732.2962646
2014-04-09 00:00:00,332.58219001199376,337.0838112026295,330.4385189304161,332.0462646484375,6024201,2000313439.5413818
2014-04-10 00:00:00,337.6196962049762,340.8351270898587,330.8673095703125,330.8673095703125,13134820,4345882555.090332
2014-04-11 00:00:00,329.04511743516736,331.23167432079737,322.185547309056,327.97332763671875,11107937,3643107061.069031
2014-04-14 00:00:00,325.61544885239056,328.66799117769193,321.43541305724415,326.04412841796875,9186101,2995074294.104431
2014-04-15 00:00:00,326.0440953004766,327.33034647510374,316.2906186905337,318.9702453613281,14953671,4769776107.922577
2014-04-16 00:00:00,322.61431665906235,323.91441760403615,319.3988561581502,321.75689697265625,16103139,5181296036.159363
2014-04-17 00:00:00,321.9712210843841,326.51572829506574,319.29171585040893,324.6507263183594,16940508,5499748226.401978
2014-04-22 00:00:00,326.68723369875494,327.062335905844,323.04312335004647,323.9005432128906,14827727,4802708829.912445
2014-04-23 00:00:00,324.1149334641026,325.0795384627819,321.28213712237834,322.7215881347656,7178229,2316569462.8750305
2014-04-24 00:00:00,323.900456433782,327.4481326734976,322.39989614421256,325.6153564453125,17132372,5578563415.533691
2014-04-25 00:00:00,327.9734426763294,328.5093985088294,322.82880124301977,324.9723815917969,11999884,3899630882.305298
2014-04-28 00:00:00,324.22207223000174,327.75899721675853,315.8619710756125,316.7193908691406,12298884,3895295048.8502197
2014-04-29 00:00:00,317.2552643338648,323.04304441606115,317.2552643338648,322.82867431640625,21484768,6935899171.435547
2014-04-30 00:00:00,322.61438943749306,325.82985066377967,319.72048344562984,320.2564392089844,10203003,3267577410.018585
2014-05-01 00:00:00,321.1137743766408,332.26059539994367,321.1137743766408,328.6164855957031,12357582,4060905167.30072
2014-05-02 00:00:00,356.91220508613316,372.73103943363924,342.9786921123183,355.51885986328125,48727744,17323631990.589844
2014-05-06 00:00:00,353.9111344692085,359.48451520278564,347.2659333939027,348.5520935058594,14604008,5090257561.976318
2014-05-07 00:00:00,346.5157070880316,352.41067355230217,345.93161069838163,348.8736572265625,16557733,5776556867.090942
2014-05-08 00:00:00,349.40960512165293,356.48354649630676,348.4835127386875,354.76861572265625,10793893,3829334477.868469
2014-05-09 00:00:00,353.9111344692085,356.7193286701081,347.69467367965296,348.5520935058594,8532952,2974178283.38501
2014-05-12 00:00:00,349.19519165138786,351.767511561081,346.8372418583836,349.6239318847656,20337649,7110528808.672272
2014-05-13 00:00:00,351.66033401947794,354.1254689235189,350.48135909777517,352.6249084472656,7751224,2733274653.354248
2014-05-14 00:00:00,351.9818971718156,356.59070302028675,350.695737160353,355.6260070800781,7854944,2793422370.557617
2014-05-15 00:00:00,355.19737822445813,360.44920363320506,346.89082390299376,348.6592712402344,11280924,3933198740.7564697
2014-05-16 00:00:00,347.90909841079616,350.2670182833064,342.33568691664414,345.97979736328125,9491343,3283812927.845398
2014-05-19 00:00:00,348.33768095124805,349.40956190776427,340.5135057880529,346.9443359375,5745597,1993402335.7294922
2014-05-20 00:00:00,347.80190196122334,352.1963385728834,345.7065231536025,350.588623046875,7061936,2475834418.2851562
2014-05-21 00:00:00,349.94544545603446,354.98302242042195,348.76647039271785,354.2326965332031,7190299,2547039003.649994
2014-05-22 00:00:00,354.12556078589125,356.48360235891937,351.3388396044069,355.7332763671875,5504659,1958190381.354126
2014-05-23 00:00:00,355.51882993280026,360.2701443358828,354.44704002359913,358.6271057128906,4831044,1732543327.291626
2014-05-27 00:00:00,360.2348562224249,367.41598295686606,357.9840911181854,363.4503173828125,7977523,2899433266.2786865
2014-05-28 00:00:00,364.30768746691456,369.1308633621442,363.9861019103737,367.7375183105469,14104200,5186643505.755615
2014-05-29 00:00:00,368.27339137571886,371.5960375088059,367.5231566127167,371.1672668457031,6372148,2365132757.0963135
2014-05-30 00:00:00,369.02372584707024,374.7043222193094,367.6303806159497,371.4888610839844,23023113,8552830026.977875
2014-06-02 00:00:00,369.77393312281527,372.1318833029084,368.0590326530672,369.666748046875,4769372,1763078237.4658203
2014-06-03 00:00:00,368.4877548239939,370.8457048880552,363.9861337192625,365.4866943359375,6810929,2489303925.5667725
2014-06-04 00:00:00,364.95081375995295,364.95081375995295,358.0301331285421,362.16412353515625,8459692,3063796938.557373
2014-06-05 00:00:00,361.092202162214,367.3087226858116,359.4844567248322,361.41375732421875,8536588,3085240343.808838
2014-06-06 00:00:00,364.41489774759003,367.30877311235463,360.2348319308718,362.9143371582031,11534138,4185904046.9612427
2014-06-09 00:00:00,364.4149555379646,368.16625130206535,362.7000245391838,367.8446960449219,12692885,4669010424.758148
2014-06-10 00:00:00,367.2016117885245,368.91654262623973,364.95084669051533,366.12982177734375,9281254,3398143872.890259
2014-06-11 00:00:00,367.5231934364058,368.7257681573707,362.7000165487654,364.4149475097656,13026130,4746916480.205383
2014-06-12 00:00:00,362.2712543174318,365.28844285571734,359.1630693239705,364.7364807128906,10647302,3883459460.567322
2014-06-13 00:00:00,365.4866063203147,368.48766608566297,361.09217134450665,366.77276611328125,11183700,4101876584.3811035
2014-06-16 00:00:00,366.4512802307907,369.98832692728064,362.6999848769048,363.98614501953125,9768837,3555721320.9541626
2014-06-17 00:00:00,364.09328307737746,367.080432600187,360.1276180875994,366.45123291015625,7880727,2887902125.378357
2014-06-18 00:00:00,366.55842261421145,368.16616816422294,361.84255326155267,362.3783874511719,5324163,1929361602.4671936
2014-06-19 00:00:00,365.1651402085941,367.094441274133,362.7000048615069,362.80718994140625,4651152,1687471387.1103516
2014-06-20 00:00:00,361.84252791286724,364.73640288034176,361.092202162214,361.41375732421875,10422770,3766932467.4261475
2014-06-23 00:00:00,361.84256931602397,363.23591443219135,353.48243787372854,353.69683837890625,7117336,2517379240.880371
2014-06-24 00:00:00,354.3398812501421,356.5907374189431,348.87365511515753,351.1244201660156,8169206,2868407719.966736
2014-06-25 00:00:00,349.08802794886054,350.3249235518791,344.9400965395433,346.1941223144531,6607769,2287570789.4116516
2014-06-26 00:00:00,348.0162048339844,349.4095497994479,342.44279459948785,348.0162048339844,9999386,3479948366.3900757
2014-06-27 00:00:00,347.48026322561117,352.90260015636636,346.944337930596,350.4813537597656,9073984,3180262196.314453
2014-06-30 00:00:00,350.58858837504596,355.4116737307854,349.57353448492955,351.98193359375,6883237,2422775068.644043
2014-07-01 00:00:00,353.58959898027956,355.304438433754,348.12340395227295,350.4813537597656,6130446,2148607013.23114
2014-07-02 00:00:00,349.94547174102723,351.45456722485864,347.37315127416235,349.4096374511719,3621148,1265264009.8370361
2014-07-03 00:00:00,349.0880694187117,356.6978454589844,348.03337918894056,356.6978454589844,10083088,3596615765.17334
2014-07-04 00:00:00,356.0547997374662,356.80500410739313,352.64753550154967,355.3044738769531,2536396,901192846.3236084
2014-07-07 00:00:00,355.51880918428793,357.34092481793783,351.922961538211,353.589599609375,4747871,1678797805.886963
2014-07-08 00:00:00,353.8040107625098,354.76858520639075,342.76428343194533,343.1930236816406,7019726,2409120991.3566284
2014-07-09 00:00:00,342.87154980329933,344.58648083611666,337.5758349985607,338.9058837890625,7571315,2565963201.5203857
2014-07-10 00:00:00,339.8705227072202,340.5135420080109,330.11704582823324,337.512451171875,11757726,3968378922.467285
2014-07-11 00:00:00,336.9766455687142,342.346317332093,333.01088876757177,336.65509033203125,7382080,2485214809.2382812
2014-07-14 00:00:00,338.3699598149832,343.53929311037405,337.0837997315116,342.4428405761719,7027729,2406595481.55954
2014-07-15 00:00:00,341.9068313493125,352.0772015148433,340.62067146712667,350.8028869628906,12395132,4348248089.886108
2014-07-16 00:00:00,351.1243967885212,354.44276018180443,348.3377065561865,353.69683837890625,7847279,2775557772.177185
2014-07-17 00:00:00,353.2680417738465,354.5542017292073,346.30128633246295,346.9443359375,7813684,2710913406.6054688
2014-07-18 00:00:00,345.5509555481241,345.5509555481241,337.51241038453867,342.1212463378906,11395345,3898589633.8502502
2014-07-21 00:00:00,341.4781505853483,343.19305097522374,339.12020051507824,341.9068908691406,5124932,1752249566.0357666
2014-07-22 00:00:00,343.3002376351694,348.44490845596135,342.442848181557,345.44390869140625,6424109,2219169322.819641
2014-07-23 00:00:00,343.3001732888813,356.86933305162336,343.3001732888813,346.83721923828125,6494376,2252491312.527832
2014-07-24 00:00:00,347.4802533035332,352.62489300762877,344.69356333960053,352.4106140136719,4959748,1747867838.033081
2014-07-25 00:00:00,385.8511307689296,405.14368578874354,385.76645182247177,390.3526611328125,47879079,18689725900.23816
2014-07-28 00:00:00,392.81780670591075,394.6998475369029,375.9904208649454,377.2765808105469,20651109,7791179793.465912
2014-07-29 00:00:00,378.7772382694961,382.09979393594125,375.77617713861827,379.4202880859375,12019631,4560491856.706665
2014-07-30 00:00:00,380.38472779564404,390.24538843730085,379.3129379851283,388.959228515625,14442201,5617427359.027588
2014-07-31 00:00:00,389.0664536279419,390.2454286154202,380.17048794325507,380.81353759765625,7969472,3034882825.1054688
2014-08-01 00:00:00,376.8478655154744,378.6699813890106,370.3398272008618,375.1329650878906,13062697,4900248257.654694
2014-08-04 00:00:00,375.13302474939405,381.13517720052505,372.882259342617,377.8125305175781,9879658,3732658589.628235
2014-08-05 00:00:00,378.7772132682462,380.9207935086392,372.13192013805946,372.2391052246094,6445551,2399286136.919586
2014-08-06 00:00:00,370.4170466371301,372.1318558624858,363.1287353644538,370.952880859375,8145395,3021557740.987549
2014-08-07 00:00:00,370.4170769166882,370.79755508530644,360.3420441694192,361.6282043457031,8838887,3196390834.224579
2014-08-08 00:00:00,359.05592018895675,374.4899653508384,357.7826075146568,370.4171142578125,10720623,3971102234.7059326
2014-08-11 00:00:00,372.88220243451406,372.88220243451406,362.9143550248918,363.98614501953125,10622999,3866624454.5563354
2014-08-12 00:00:00,364.9507866375924,368.9164819207587,360.77075161104864,366.55841064453125,9832353,3604131688.575989
2014-08-13 00:00:00,368.2733893097319,375.56170085275994,366.4512734581659,373.41802978515625,6821924,2547429419.4240723
2014-08-14 00:00:00,372.02471739241446,377.7053141013567,370.3238489985698,374.27557373046875,4986610,1866366318.7200928
2014-08-15 00:00:00,374.5970937285509,377.5980628752545,372.56060791015625,372.56060791015625,7565181,2818488432.310364
2014-08-18 00:00:00,375.0257831984706,376.41912841796875,371.4888579852656,376.41912841796875,6894735,2595310139.372864
2014-08-19 00:00:00,379.63459646006754,387.26906535967805,378.34843629129404,385.2080078125,14614474,5629612414.767578
2014-08-20 00:00:00,385.6366658408251,387.8874304696493,379.9560706241866,385.9581298828125,6318831,2438804195.805542
2014-08-21 00:00:00,385.52956733718344,389.0858096589923,383.06443204833863,386.92291259765625,6492692,2512171299.239502
2014-08-22 00:00:00,386.38697233750946,391.31733384335934,382.9572322296816,384.0290222167969,6411456,2462185178.6660156
2014-08-26 00:00:00,385.4223418411696,392.1747276533363,384.58952390033886,391.9603271484375,7358911,2884401163.0162354
2014-08-27 00:00:00,393.03212693030946,394.4254720796401,388.7706624175687,392.7106628417969,6732830,2644054132.1011353
2014-08-28 00:00:00,392.9249826746601,393.0321677546106,386.92292192392665,387.67315673828125,4514260,1750057424.5373535
2014-08-29 00:00:00,387.994661516038,391.41155376343823,386.2797308325211,388.8520812988281,5307635,2063884916.5245056
2014-09-01 00:00:00,387.67310694062525,389.0664520557039,380.70635099258647,386.17254638671875,4345789,1678224404.189392
2014-09-02 00:00:00,385.8510886704017,391.3173145273404,375.347316483033,376.74066162109375,14717623,5544727026.509827
2014-09-03 00:00:00,376.7406409896675,382.5284217335009,372.34620530759105,377.490966796875,18257018,6891859375.647949
2014-09-04 00:00:00,377.8124152146249,381.3494309988286,373.96250046079473,380.3847351074219,12660248,4815765081.874268
2014-09-05 00:00:00,381.7781738899799,384.52525842764027,371.5960473127373,371.9176025390625,9906884,3684544545.9125977
2014-09-08 00:00:00,366.5584961166307,367.5231922363095,357.4481892784659,367.0944519042969,25132950,9226166504.988098
2014-09-09 00:00:00,366.77283299093494,371.917564218814,365.38483348458055,368.91650390625,12007667,4429826529.710449
2014-09-10 00:00:00,369.4522707440681,371.81031135821206,365.4866063203147,366.77276611328125,9320272,3418421942.368164
2014-09-11 00:00:00,373.5252698644792,376.2048059414538,368.3217056871583,370.84576416015625,14774445,5479040346.0672
2014-09-12 00:00:00,372.1318657132793,377.16297317998016,371.70321654772414,374.8114013671875,8816732,3304611676.398926
2014-09-15 00:00:00,372.6677981973806,374.4898835433024,369.30017043822045,371.59600830078125,7283064,2706357510.599121
2014-09-16 00:00:00,370.30987569553776,376.52630615234375,368.4877598420517,376.52630615234375,11900810,4480968029.520874
2014-09-17 00:00:00,379.5273457642281,382.74280637551067,375.47806498082826,380.3847351074219,12930002,4918375385.708435
2014-09-18 00:00:00,382.20692629301044,388.4545194769949,380.9207660922841,382.8500671386719,12585529,4818370622.625702
2014-09-19 00:00:00,395.92609308180835,400.64208496611,392.06758187888056,392.281982421875,37005369,14516539511.572998
2014-09-22 00:00:00,389.92401531976844,390.9958053802284,383.7074628822631,385.4223937988281,11125595,4288053457.336273
2014-09-23 00:00:00,385.9582310619854,386.5155691871611,382.9572613912503,383.60028076171875,7965768,3055670841.282715
2014-09-24 00:00:00,381.5639120237485,388.1018981933594,377.27666067643474,388.1018981933594,18410227,7145044044.870636
2014-09-25 00:00:00,388.637782938225,393.1392821327554,384.9935516205821,387.35150146484375,9922672,3843561897.743164
2014-09-26 00:00:00,387.7803746876908,389.7096759176839,385.4224242195105,388.53070068359375,6285798,2442225501.295532
2014-09-29 00:00:00,387.99464220153436,390.4597771064704,384.6719964385588,387.35150146484375,5397832,2090858329.8549805
2014-09-30 00:00:00,405.14363405262327,406.9656283106711,392.2819121000667,394.6398620605469,23671596,9341755380.192993
2014-10-01 00:00:00,392.7106838834702,397.10502895925543,390.4598276903536,395.0686340332031,7976842,3151400072.838684
2014-10-02 00:00:00,394.10404875606184,396.4137368833799,384.24341624932987,384.56488037109375,13459734,5176140995.536743
2014-10-03 00:00:00,388.316279968838,395.71171662911695,385.4224042057483,392.8179016113281,13806038,5423258876.726257
2014-10-06 00:00:00,395.71168477261415,399.14151604958835,394.2112152154295,398.6055603027344,8828911,3519253016.017975
2014-10-07 00:00:00,398.06964359842823,398.5840954039353,394.53262797919825,396.2475280761719,9093655,3603338314.9275208
2014-10-08 00:00:00,394.4254254854709,395.3901213635105,390.3525755874291,392.4962463378906,7858071,3084263370.9566345
2014-10-09 00:00:00,394.53269626721544,396.42554999967126,381.9925288999532,384.1361999511719,11958284,4593609773.696899
2014-10-10 00:00:00,380.81359548818295,386.8157475225625,378.7772004035038,382.63568115234375,10916095,4176887445.848694
2014-10-13 00:00:00,378.88431212130246,389.4951776849571,378.88431212130246,386.3869323730469,7181456,2774820753.8120117
2014-10-14 00:00:00,383.4930419921875,386.1725471615387,377.4909820003923,383.4930419921875,9178328,3519824925.1220703
2014-10-15 00:00:00,385.5294503919867,386.49405505039186,366.77276611328125,366.77276611328125,16319342,5985490206.488647
2014-10-16 00:00:00,369.6667598257959,370.734267330503,351.33880982692244,361.9497985839844,25154340,9104608296.513062
2014-10-17 00:00:00,363.98615163057775,372.91643918180154,361.9497870509538,369.666748046875,14522869,5368621755.5407715
2014-10-20 00:00:00,367.0944016427028,378.0268230224329,362.8586020354357,377.16943359375,15010638,5661553832.34082
2014-10-21 00:00:00,374.9186214748629,387.99471538111914,373.6324612494753,385.85113525390625,13437986,5185062153.626099
2014-10-22 00:00:00,388.85208575346735,393.032121139876,387.3515251847806,390.5669860839844,9134853,3567772004.530243
2014-10-23 00:00:00,389.06647207435765,394.85425333748134,386.0107407926006,393.8896484375,8328905,3280669462.319336
2014-10-24 00:00:00,392.6035174327021,394.96146769428833,387.56597055264746,390.3526611328125,10164687,3967812620.0321045
2014-10-27 00:00:00,394.4254827758821,395.9260434073692,381.8853457191899,384.99359130859375,11699723,4504318375.085754
2014-10-28 00:00:00,386.4941286630233,386.70849879356035,379.09860214065714,384.8863830566406,7364514,2834501156.4299927
2014-10-29 00:00:00,386.0653984556018,388.53065521492385,383.1715228809045,385.6367492675781,7618083,2937812763.7705994
2014-10-30 00:00:00,389.17363573632616,393.0729367047657,381.45664509777697,391.5315856933594,11715106,4586834028.745789
2014-10-31 00:00:00,401.9282116533439,417.8982109289366,396.033245070103,415.8617248535156,36687792,15257048462.187012
2014-11-03 00:00:00,411.8960536330458,412.3997536272684,405.6795015335821,407.5016174316406,14025123,5715260307.177704
2014-11-04 00:00:00,406.2153869748766,413.64842308506957,404.60764150457095,406.7513122558594,8331154,3388707822.105652
2014-11-05 00:00:00,408.1447195996789,413.0750203294994,407.18002357387576,410.2882995605469,7445859,3054948827.877594
2014-11-06 00:00:00,408.68055574886375,413.2893616852143,404.9292607060099,408.0375061035156,7588815,3096521146.880951
2014-11-07 00:00:00,409.6451595199623,409.9882185472268,399.7845891455944,401.82098388671875,13376986,5375153675.958862
2014-11-10 00:00:00,401.39222304257265,406.32261465424057,399.57022875931796,405.6794738769531,5742607,2329657786.442108
2014-11-11 00:00:00,404.92929811211724,408.57340842649614,403.1071822096316,404.8221130371094,5016113,2030633463.8929138
2014-11-12 00:00:00,402.57124632315595,407.8230706915301,399.03420048612224,400.9635009765625,7743152,3104721334.513672
2014-11-13 00:00:00,402.5713296986063,403.32153407170034,396.1404077256224,400.64202880859375,6209490,2487782671.466675
2014-11-14 00:00:00,401.3922105774833,403.9646521161631,398.379396059332,403.6430969238281,6616256,2670606061.8808594
2014-11-17 00:00:00,401.285079796572,409.2165326325895,400.85643060007544,407.2872619628906,5952479,2424368873.801605
2014-11-18 00:00:00,408.78770508383667,411.5058439881023,405.7866146411028,409.0020751953125,5984832,2447808707.6953125
2014-11-19 00:00:00,411.0384607090104,413.6108716174103,408.7330556958316,411.3600158691406,6716912,2763069026.911621
2014-11-20 00:00:00,412.64619746703096,412.753382526045,406.00099716195376,407.9302978515625,7746726,3160124244.5544434
2014-11-21 00:00:00,406.4298284169312,412.1104247838114,395.9260555379375,404.8221130371094,22098937,8946138372.213959
2014-11-24 00:00:00,403.85751126501634,411.14573195075934,403.64314111332453,406.1082763671875,10315480,4189201802.7001953
2014-11-25 00:00:00,405.2508631053435,417.22403461349086,405.2508631053435,414.8971252441406,12037649,4994385964.798004
2014-11-26 00:00:00,414.89707153832643,416.9334662583705,412.11038137226313,414.7898864746094,6340702,2630059062.7493286
2014-11-27 00:00:00,415.1114817738909,419.9956768933717,412.91429405965624,418.6484069824219,6479440,2712607234.1381836
2014-11-28 00:00:00,417.0406514520583,424.5433629334296,416.61191119705654,423.68585205078125,12302517,5212402397.514221
2014-12-01 00:00:00,421.11357526085504,423.9002962876266,411.4266133300266,413.2894287109375,7819853,3231862578.9735107
2014-12-02 00:00:00,414.6827676446803,424.7578007715429,414.6827676446803,423.1500549316406,8746359,3701022291.3018494
2014-12-03 00:00:00,423.1500098888895,428.08028010137554,416.076068660503,423.3644104003906,11455748,4849955997.715454
2014-12-04 00:00:00,424.1146236165501,428.93779997817194,417.5766379715478,421.00634765625,7263856,3058129484.4609375
2014-12-05 00:00:00,426.04393077772727,432.9035021108975,423.1500249183425,432.4747314453125,12232620,5290299049.372559
2014-12-08 00:00:00,432.3675292996445,432.3675292996445,428.0802784027945,428.7234191894531,7044581,3020176853.077057
2014-12-09 00:00:00,427.00850117378707,428.2678725303546,416.0760498046875,416.0760498046875,11032551,4590380239.348755
2014-12-10 00:00:00,414.36111232125495,418.11240700859196,411.0384667357841,413.5036926269531,8444001,3491625594.045685
2014-12-11 00:00:00,411.5744217215993,414.1467417354823,407.39438651271723,410.39544677734375,6513690,2673188717.719116
2014-12-12 00:00:00,406.75135497489543,410.04493432587526,402.14254893761756,402.5713195800781,8313811,3346901865.009369
2014-12-15 00:00:00,400.4276696237475,404.71489031107234,389.49521738662736,389.8168029785156,11078132,4318441999.213989
2014-12-16 00:00:00,385.9581707868492,398.81989258419514,382.85001652011204,398.71270751953125,13441197,5359176048.173401
2014-12-17 00:00:00,393.6752624511719,397.8553282159093,389.27226146552283,393.6752624511719,10184974,4009572312.508362
2014-12-18 00:00:00,399.6774155014632,409.85954136126287,396.67635509114496,409.21649169921875,14471821,5922107818.11908
2014-12-19 00:00:00,412.6462124942657,418.43399328329,409.21647271677836,416.6119079589844,13552493,5646129966.33078
2014-12-22 00:00:00,417.46935569318396,422.2924401647209,415.00422093016357,415.75445556640625,5177095,2152400313.140564
2014-12-23 00:00:00,418.6483631564894,419.7201530397268,415.90565260230363,419.29150390625,3938271,1651283570.380371
2014-12-24 00:00:00,418.11244044512665,423.5786660761296,418.11244044512665,423.2571716308594,11666233,4937816783.166595
2014-12-29 00:00:00,423.68593973785045,426.0439812557411,415.658144310494,421.9710998535156,3880077,1637280359.2063293
2014-12-30 00:00:00,419.3986226283134,423.3986394153681,416.29043785782903,417.1478576660156,3107881,1296445901.0309143
2014-12-31 00:00:00,420.36336319506455,423.3644543325111,417.0407168159685,422.7213134765625,1782464,753485523.3046875
2015-01-02 00:00:00,423.3644478692201,423.3644478692201,410.5026939893379,417.04071044921875,6821674,2844915771.412964
2015-01-05 00:00:00,414.7898451338152,417.68375044781396,402.78554441096685,405.1435852050781,10462633,4238868644.304962
2015-01-06 00:00:00,404.71488416327014,407.54877362395666,396.35478268912715,396.56915283203125,10062584,3990510412.1811523
2015-01-07 00:00:00,398.8199570935568,401.92823335364005,392.9249901920439,393.7825012207031,6954685,2738633254.5021057
2015-01-08 00:00:00,397.5337709177593,406.5048792302903,394.85426553315494,404.8221130371094,8079328,3270690632.879883
2015-01-09 00:00:00,401.4994705691183,402.5713517018277,389.9239986954797,394.1040344238281,18275474,7202438034.407776
2015-01-12 00:00:00,394.85427122227594,397.4265915689347,389.28085985010097,394.9614562988281,7243804,2861023376.9832764
2015-01-13 00:00:00,392.71070483068644,401.9282268901049,391.7396304791332,400.5348815917969,5840597,2339362827.820404
2015-01-14 00:00:00,394.10406697936986,398.4984124774351,387.3515888690764,388.7449645996094,7194672,2796892511.945801
2015-01-15 00:00:00,390.6741666757096,397.5337375465494,383.5616220404044,388.8520812988281,15832483,6156493966.678314
2015-01-16 00:00:00,385.74385182539453,389.6023315178157,385.1007111313737,389.06640625,10222036,3977050811.078125
2015-01-19 00:00:00,388.8521436019516,396.61530192059683,388.4416876047444,395.4974365234375,4517512,1786664415.4638672
2015-01-20 00:00:00,398.4983831815262,409.398762299514,395.88217434733247,407.82318115234375,11264416,4593889966.943359
2015-01-21 00:00:00,406.0010567578244,407.85849604549225,399.4630709247102,407.5016174316406,9208243,3752373916.203583
2015-01-22 00:00:00,409.5380737549834,414.89708412221546,406.42979793084965,413.7181091308594,8319368,3441873198.1237793
2015-01-23 00:00:00,415.7544792914166,416.2904045945186,403.96463895812053,407.3943786621094,7706801,3139707404.867523
2015-01-26 00:00:00,406.6442583390216,411.96147712606864,402.2498214810074,410.6099548339844,5587648,2294343892.908203
2015-01-27 00:00:00,411.5744494876138,411.6280875815421,399.7846081317469,403.321533203125,5584501,2252349505.494385
2015-01-28 00:00:00,405.1436297784073,406.75134500551565,397.96250378883286,401.82098388671875,7049230,2832528534.2437744
2015-01-29 00:00:00,396.5690893210087,399.7845498316694,392.3890544396984,395.71160888671875,9388001,3714940979.9401245
2015-01-30 00:00:00,397.7480442553635,399.46297466542484,387.9945996480745,388.42333984375,9374218,3641165063.9833984
2015-02-02 00:00:00,391.7459411621094,392.7245781345936,386.81567130097903,391.7459411621094,8479046,3321631855.426819
2015-02-03 00:00:00,394.4254670621212,402.999968731955,394.104002977698,402.5713195800781,11669971,4697995624.931244
2015-02-04 00:00:00,402.99998280131194,408.14471435546875,399.784612901324,408.14471435546875,11323195,4621502188.866272
2015-02-05 00:00:00,401.92820712984127,405.8938726692438,399.99890615234784,404.8221130371094,4566066,1848444486.3869019
2015-02-06 00:00:00,403.53594640572607,412.21763426898303,402.5177033191784,411.5744934082031,8471843,3486794490.958832
2015-02-09 00:00:00,407.50161930508517,412.43188978495004,405.0364840651527,408.3590087890625,6863360,2802714886.5625
2015-02-10 00:00:00,406.21547085181675,413.39659774598834,406.21547085181675,409.9667663574219,7599693,3115621564.5191345
2015-02-11 00:00:00,408.6805720366077,409.85954705447546,403.53590131497737,405.5722961425781,6815247,2764075374.568817
2015-02-12 00:00:00,406.3226675263115,417.7910460176795,406.3011636902043,414.6827697753906,9086677,3768088386.414337
2015-02-13 00:00:00,415.7544662774772,421.23779138753383,413.5037015654782,416.9334411621094,9096837,3792775554.1007996
2015-02-16 00:00:00,413.8252746735723,417.6838770066836,410.1811640020882,411.7889099121094,6658901,2742061584.002655
2015-02-17 00:00:00,407.93032178609326,414.25396728515625,406.10823642123466,414.25396728515625,6164449,2553647454.377014
2015-02-18 00:00:00,417.0407145966804,425.1864465759745,415.84032674432905,424.9720764160156,9108580,3870892155.8013916
2015-02-19 00:00:00,424.8649352051311,427.11570014379606,421.4351041451655,424.3289794921875,7961462,3378279045.72583
2015-02-20 00:00:00,422.2924981177472,428.40186482703007,421.3536796169297,426.0439147949219,9837364,4191149069.822632
2015-02-23 00:00:00,428.72341593233557,431.93878574209083,425.29358486826646,427.437255859375,7945787,3396325390.9230957
2015-02-24 00:00:00,428.72343741244606,434.51121877604305,424.97205095585997,432.90350341796875,10593817,4586100493.868835
2015-02-25 00:00:00,425.9367300963576,434.4040164724705,425.9367300963576,432.2603454589844,11301854,4885343314.367004
2015-02-26 00:00:00,438.4769054003593,443.72873091291814,402.14256337118036,414.3611755371094,30142254,12489779800.778137
2015-02-27 00:00:00,412.1103711934518,416.1832212782334,392.6034493948802,393.56805419921875,30563908,12028977800.283936
2015-03-02 00:00:00,394.3182665296609,406.0010132068745,391.53266979095247,405.465087890625,15282329,6196450871.158447
2015-03-03 00:00:00,405.1436474760589,407.18001193349136,395.6634940684061,396.6763610839844,10952235,4344492725.536652
2015-03-04 00:00:00,396.2476060226772,401.82101724787526,394.79533787300585,399.9989013671875,8732693,3493067605.9769287
2015-03-05 00:00:00,400.2132505224582,406.5369873046875,398.0697010236189,406.5369873046875,10556936,4291784956.6083984
2015-03-06 00:00:00,405.35800322392214,408.0375083759245,402.14254237075744,403.1071472167969,16405704,6613256537.523193
2015-03-09 00:00:00,400.3204260418932,403.96462687606146,392.4962509496989,394.2111511230469,17344491,6837391762.753326
2015-03-10 00:00:00,393.13934015025495,396.59814698671363,385.4223791145936,385.6367492675781,17247246,6651171881.25824
2015-03-11 00:00:00,385.1007102016613,388.20898562956245,383.27862504077075,385.9581298828125,14960488,5774121970.614258
2015-03-12 00:00:00,387.0300952327857,393.1393408776637,385.422379827724,386.0653991699219,16120915,6223727484.459381
2015-03-13 00:00:00,388.9592943094037,390.2454544486379,379.2058170734933,381.7781677246094,14999363,5726429323.1763
2015-03-16 00:00:00,382.20688747803246,384.457743532341,375.45450155098325,376.74066162109375,15806054,5954783241.578735
2015-03-17 00:00:00,376.2047343479323,377.2766153945718,357.17690951390324,375.8832702636719,11848490,4453649168.886414
2015-03-18 00:00:00,375.2401169589323,379.63455271236495,373.3109073007355,376.9550476074219,13935211,5252948125.924469
2015-03-19 00:00:00,377.9195817692634,379.42014213011817,373.525146484375,373.525146484375,11519291,4302744858.171143
2015-03-20 00:00:00,373.5251837471943,382.63561038300384,355.7032447908383,381.88531494140625,12351258,4716764051.252563
2015-03-23 00:00:00,382.0996636291452,385.1007237365766,379.2057582061424,379.52734375,10614772,4028596221.671875
2015-03-24 00:00:00,380.8135054746293,381.1350606473512,376.4062223492718,377.2765808105469,8525553,3216491485.3591003
2015-03-25 00:00:00,378.7772108484179,381.56393196295863,376.6335395037658,377.59814453125,8443887,3188396063.831543
2015-03-26 00:00:00,376.6334732829392,378.2412189155868,370.2026729882236,375.4544982910156,10171119,3818792381.2032166
2015-03-27 00:00:00,364.950797834708,375.99043393147633,364.950797834708,367.7375183105469,12670531,4659429625.616852
2015-03-30 00:00:00,370.3098490358077,374.0718959705997,366.9872031570666,372.024658203125,8606502,3201830964.8745117
2015-03-31 00:00:00,370.7385637010982,372.6678648288048,364.4149475097656,364.4149475097656,10542699,3841917102.6962585
2015-04-01 00:00:00,364.3077312819918,373.6324378920989,364.3077312819918,370.20269775390625,11703329,4332603968.501526
2015-04-02 00:00:00,370.095478763399,375.4544890006049,369.8810782620193,374.70428466796875,8290551,3106504981.958313
2015-04-07 00:00:00,378.4556042607808,380.063319585401,375.40096640485524,378.3484191894531,10798805,4085710800.8851624
2015-04-08 00:00:00,379.8489606610127,379.8489606610127,373.5252235018033,373.7396240234375,11162212,4171760916.1499023
2015-04-09 00:00:00,375.668869221565,377.0622447231278,370.9528781259343,372.7749938964844,8426524,3141197432.668579
2015-04-10 00:00:00,373.31092981576836,375.24013959031913,370.41705440864877,373.9539794921875,7831239,2928522988.404419
2015-04-13 00:00:00,373.63241343147916,379.63456458464043,372.2390379308774,378.5627746582031,7304866,2765350341.4663696
2015-04-14 00:00:00,377.812411842425,384.25080467773597,377.27657767693506,379.09857177734375,12153848,4607506418.398926
2015-04-15 00:00:00,378.5628041726672,383.06442548166626,377.6731589339776,381.2423095703125,6143709,2342241808.487915
2015-04-16 00:00:00,383.38585559963394,386.7085015285216,379.95611572265625,379.95611572265625,9871916,3750894858.100342
2015-04-17 00:00:00,380.1705406023352,382.9572616024002,374.0612035675445,374.27557373046875,9824992,3677254517.6972656
2015-04-20 00:00:00,375.1329549645977,380.427696983504,374.0611650057667,377.062255859375,10591460,3993639800.444336
2015-04-21 00:00:00,379.8489526640044,382.7428584964504,376.8478617593218,379.63458251953125,7754224,2943771591.0029297
2015-04-22 00:00:00,380.9207294391307,381.0279145076525,371.54238522890756,374.4898986816406,8835058,3308639975.2664185
2015-04-23 00:00:00,375.1329829105436,376.5263281844107,369.4255976875918,376.20477294921875,6873039,2585670076.4661255
2015-04-24 00:00:00,377.06225367883826,381.9925239081253,376.8478531666065,379.31298828125,9115460,3457612372.158203
2015-04-27 00:00:00,380.8135241445112,382.79634150258903,373.73958335160773,381.4566345214844,7337887,2799085679.5189514
2015-04-28 00:00:00,380.27768033385473,380.70635986328125,376.2047388419623,380.70635986328125,5441781,2071720635.6831665
2015-04-29 00:00:00,382.2068821808389,384.350553137487,370.58743174674134,374.59710693359375,11838301,4434593305.60907
2015-04-30 00:00:00,370.8457368347135,371.16729207441153,356.3763888739398,362.80718994140625,23129033,8391379468.792053
2015-05-01 00:00:00,360.6635453551662,369.2379242750318,357.0193143422896,364.200439453125,7876795,2868732200.4821777
2015-05-05 00:00:00,367.6303886433681,369.34519801931515,359.37744140625,359.37744140625,12200466,4384572255.043945
2015-05-06 00:00:00,357.4481493188395,362.3784196046209,355.51884841311204,357.0193786621094,9843726,3514400940.2400513
2015-05-07 00:00:00,354.55422569285963,356.91217564617597,349.5167705893318,355.94757080078125,11587331,4124482321.5145874
2015-05-08 00:00:00,375.1329108163077,382.099666219399,369.2379452459115,377.7052307128906,35108943,13260831415.900726
2015-05-11 00:00:00,377.27664911406555,385.10079526175974,374.5971436801814,383.3858947753906,18382834,7047719261.597473
2015-05-12 00:00:00,381.7781613351258,381.7781613351258,375.0257751581834,376.09765625,11742845,4416456482.207031
2015-05-13 00:00:00,376.74067349218586,381.2422946247108,376.63348842085827,378.3484191894531,8685385,3286101684.8017883
2015-05-14 00:00:00,377.5980621846522,383.06437888107627,375.7760679855407,381.02789306640625,6965507,2654052456.349304
2015-05-15 00:00:00,381.027921228755,382.18548354203335,375.2937781291865,377.062255859375,7673041,2893214148.7614746
2015-05-18 00:00:00,378.02683641680613,379.95613734241766,375.02577588788137,376.52630615234375,8549896,3219260758.866699
2015-05-19 00:00:00,376.41905178105026,379.52732718251076,372.4533870783739,373.525146484375,8203751,3064307293.996338
2015-05-20 00:00:00,372.98937533953773,382.4212666988244,371.7032152388729,380.1705017089844,13070420,4968988128.947144
2015-05-21 00:00:00,379.52746022038315,382.528521248788,376.41918372936124,380.4920349121094,9810879,3732961314.9864807
2015-05-22 00:00:00,379.52736173510846,382.23900105609624,378.77712704534133,380.5991516113281,6619724,2519461338.3011475
2015-05-26 00:00:00,378.2412280278016,379.2058025362778,369.1297985407821,369.9883117675781,8406039,3110136178.2624207
2015-05-27 00:00:00,370.952868304326,373.9539589898404,368.27336318468343,372.024658203125,8004724,2977954710.1103516
2015-05-28 00:00:00,370.73845661273396,374.7042428059769,369.66666683409125,373.525146484375,6211322,2320084959.911621
2015-05-29 00:00:00,373.84678462778544,376.84784502656805,368.05900359252905,370.0954895019531,11321847,4190164507.5312195
2015-06-01 00:00:00,369.77388527209007,373.31090120246597,365.61523242888165,365.9154052734375,6944209,2540993050.538452
2015-06-02 00:00:00,368.7021213050036,370.6313310672491,361.5209949955046,369.9883117675781,12125412,4486260715.366333
2015-06-03 00:00:00,370.30985613823447,376.6334713331946,369.9883009388404,374.59710693359375,9466220,3546018625.596924
2015-06-04 00:00:00,372.56063476528595,379.20580540439016,369.3451737708528,377.062255859375,11344858,4277717749.8842773
2015-06-05 00:00:00,376.09769482136767,385.5295872729492,373.6324682870996,382.63568115234375,15039504,5754650857.233398
2015-06-08 00:00:00,381.3494690226522,383.17149369363796,375.4545028731534,377.16943359375,11230752,4235896370.671875
2015-06-09 00:00:00,375.66882154568395,378.99137597279696,373.3108718560832,377.9195861816406,11357461,4292206961.1941223
2015-06-10 00:00:00,377.81245324214376,381.81037428839227,374.7042988662327,380.2776794433594,12975947,4934463013.740021
2015-06-11 00:00:00,380.27767469351784,391.145827428459,378.02681865727396,387.4587097167969,15699744,6083002553.124023
2015-06-12 00:00:00,385.63665074271563,390.0095820633071,380.4383732831443,383.0643310546875,9087455,3481079870.564575
2015-06-15 00:00:00,379.95613527580844,382.20690028761265,372.66782376474197,375.66888427734375,8204378,3082129529.449585
2015-06-16 00:00:00,374.91857295591785,378.0268184089019,370.84569227240354,375.4544982910156,13942885,5234918892.404327
2015-06-17 00:00:00,376.52627299368095,376.84782818173977,372.1318372867666,372.56060791015625,8255722,3075756807.057251
2015-06-18 00:00:00,370.6313896716633,374.1684064098565,367.4160193110739,372.2391052246094,9663420,3597102814.2095947
2015-06-19 00:00:00,371.91756411235343,375.4544890006049,370.7384980316678,374.70428466796875,10090262,3780864404.8223877
2015-06-22 00:00:00,379.84893916964427,381.4566544507835,377.38380408636726,380.2776794433594,9055447,3443584371.4823303
2015-06-23 00:00:00,381.4566445294483,386.27972950212956,380.07824276294645,385.3151550292969,10227358,3940756033.3101196
2015-06-24 00:00:00,383.92179601112616,389.8167617992782,383.8145805767243,388.6377868652344,16977025,6597913423.555756
2015-06-25 00:00:00,387.03008035143193,396.56915696568433,386.34405336528204,395.1758117675781,14987102,5922540198.893494
2015-06-26 00:00:00,393.03209852122643,395.7116339300351,389.28080361965374,393.56805419921875,11294041,4444973740.416199
2015-06-29 00:00:00,381.56381649661864,389.7095464582009,380.3965654939692,383.27862548828125,13421344,5144114280.525391
2015-06-30 00:00:00,382.85002825837984,384.457743532341,376.74066162109375,376.74066162109375,12097306,4557547066.272827
2015-07-01 00:00:00,379.4202570612248,390.674235381793,379.09867143399305,388.7449645996094,17440827,6780033674.702911
2015-07-02 00:00:00,387.45867741894807,393.35367338162615,386.81565818794655,392.3890686035156,9505526,3729864493.7265015
2015-07-03 00:00:00,389.0664647579578,389.0664647579578,383.1714985339918,385.10076904296875,9073039,3494034296.456848
2015-07-06 00:00:00,381.0279454556603,382.2069205598665,371.3816833496094,371.3816833496094,12864812,4777755536.536255
2015-07-07 00:00:00,376.0976556869584,376.0976556869584,360.7171294112293,360.9850769042969,11704460,4225135393.2232666
2015-07-08 00:00:00,362.27121823890093,365.8082343055541,359.1630335549832,362.5927734375,15988155,5797189463.598633
2015-07-09 00:00:00,363.128712537915,370.8456724797058,362.91431204267303,367.7375183105469,12881711,4737088434.733673
2015-07-10 00:00:00,373.9539843764338,374.2755395914899,368.8093439167126,369.881103515625,7973784,2949352025.1152344
2015-07-13 00:00:00,374.5971351708555,376.8478698730469,370.8457183070996,376.8478698730469,11167062,4208283527.4402466
2015-07-14 00:00:00,378.13401867415087,379.7417643714181,370.309872938999,378.3484191894531,7838439,2965661004.562958
2015-07-15 00:00:00,378.3484360178755,383.06442750281644,376.37633995926046,382.0997314453125,6781229,2591105779.769165
2015-07-16 00:00:00,383.17148734763214,387.99466347926614,383.17148734763214,386.601318359375,6183785,2390659433.4509277
2015-07-17 00:00:00,386.9229101560951,386.9229101560951,384.9936091483131,386.0653991699219,4723013,1823391899.1297302
2015-07-20 00:00:00,385.636712173744,387.88747707298984,384.13618199248305,386.17254638671875,4878478,1883934271.751587
2015-07-21 00:00:00,385.85110061957096,387.6731253405655,383.81461463809626,387.24444580078125,7634250,2956320910.3546143
2015-07-22 00:00:00,384.0290338654911,387.7803293068295,381.24231299463764,385.6367492675781,9551574,3683437947.7487183
2015-07-23 00:00:00,388.5305750868958,389.3322306055961,378.6699145549879,378.777099609375,7824532,2963753536.760742
2015-07-24 00:00:00,377.06226097279074,379.52739613512017,373.846799934752,379.205810546875,9630670,3652006023.4594727
2015-07-27 00:00:00,375.5616742106839,378.56276489619825,371.70319412783346,372.024658203125,6854308,2549971590.9189453
2015-07-28 00:00:00,373.2037222369146,377.91962206387535,372.3462113537025,376.9550476074219,5868592,2212195376.748535
2015-07-29 00:00:00,378.4555895910303,382.20688470620655,374.8113884250893,378.5627746582031,8611405,3259957370.5055237
2015-07-30 00:00:00,392.28185185632015,396.5690716003425,364.73638755074234,366.9871520996094,35466430,13015724140.840149
2015-07-31 00:00:00,365.7009764100223,369.13080672742524,362.72139010081224,366.77276611328125,14502998,5319304693.395386
2015-08-03 00:00:00,364.41491058123563,366.7728606854572,358.7343143477225,361.84259033203125,22362955,8091869564.67865
2015-08-04 00:00:00,360.12767842307954,365.59390479815505,353.6968774629594,363.3431396484375,665199333,241695614144.26648
2015-08-05 00:00:00,365.2722717495043,373.7395880939799,365.2722717495043,371.59600830078125,38105925,14160009622.608948
2015-08-06 00:00:00,370.30986933836334,374.8542854863503,368.9165241699463,373.9539794921875,37622780,14069188300.559082
2015-08-07 00:00:00,374.3827259908869,375.56170103831295,369.34517946704455,370.30987548828125,19405902,7186197153.357788
2015-08-10 00:00:00,371.38166090711763,373.6324259022893,362.27123361979926,368.5949401855469,23935713,8822582701.533417
2015-08-11 00:00:00,367.73749203037704,372.3890925262294,366.4051353435023,369.4523010253906,19684908,7272634556.07312
2015-08-12 00:00:00,366.5584793831997,369.28846418789664,362.05697945641344,363.3431396484375,79506542,28888156592.87036
2015-08-13 00:00:00,367.63032050544706,369.2379445059819,362.8071144047683,363.0215148925781,15745766,5716051826.46405
2015-08-14 00:00:00,363.87891946675245,367.4159353971283,362.6999445292716,365.9154052734375,11718471,4287969065.1500244
2015-08-17 00:00:00,367.30876914127026,368.273374003999,363.5574740126213,364.3077087402344,12977224,4727702741.248779
2015-08-18 00:00:00,363.55747593899997,366.9872158831485,362.85006663842825,365.16510009765625,10061955,3674274804.753113
2015-08-19 00:00:00,363.87895540237747,396.56915728368745,355.8404090523546,356.0548095703125,9659399,3439275471.508667
2015-08-20 00:00:00,354.01830765841794,358.8414838479888,353.696843572836,355.84039306640625,21252411,7562466283.848816
2015-08-21 00:00:00,349.4096373302284,354.2327230176056,346.3013610839844,346.3013610839844,13638750,4723117688.484192
2015-08-24 00:00:00,335.36888266188197,338.79862246515376,321.8640202224374,330.22412109375,37820230,12489152211.313477
2015-08-25 00:00:00,334.8329700828659,346.1941630833307,334.2971358131921,344.2648620605469,19574060,6738661065.864868
2015-08-26 00:00:00,348.65926798303207,352.4106542514172,340.299166764047,347.37310791015625,18934971,6577499724.458679
2015-08-27 00:00:00,355.94756810857825,359.91326364373055,352.5177371522407,357.7696838378906,13184311,4716946778.090424
2015-08-28 00:00:00,357.4481517722161,360.9850769042969,347.48030457062964,360.9850769042969,15875002,5730638817.825867
2015-09-01 00:00:00,360.234817746183,360.234817746183,345.1223311051327,351.55316162109375,17961516,6314427737.307861
2015-09-02 00:00:00,353.58966981578436,358.3055703755179,347.4803328372172,351.23162841796875,9690418,3403581294.190796
2015-09-03 00:00:00,355.6260294025924,361.41381056276043,355.5188443328018,358.4127197265625,9296366,3331935821.633545
2015-09-04 00:00:00,354.66141448872645,355.41164921074846,345.3367085250818,345.6581726074219,11791254,4075743310.3899536
2015-09-07 00:00:00,348.44492239548146,349.516803525451,344.9079971322109,347.9090881347656,4968171,1728471842.3075867
2015-09-08 00:00:00,349.838230961801,355.84038196506776,343.4481301628956,351.55316162109375,6975077,2452110371.9005737
2015-09-09 00:00:00,357.6624687751594,359.6988633453816,354.3398231623203,355.09014892578125,9246333,3283281761.9873657
2015-09-10 00:00:00,352.94648925421257,356.3763200304814,350.6957245017185,353.589599609375,7837577,2771285713.3376465
2015-09-11 00:00:00,354.339922975883,355.36891802530437,351.1244615131158,352.30352783203125,5659778,1993959756.1461182
2015-09-14 00:00:00,353.69684056270626,355.6624367064583,346.83726963313734,348.7664489746094,8571495,2989449873.5536194
2015-09-15 00:00:00,349.94544098964593,354.76861737280683,345.5510048950537,352.51776123046875,13500687,4759231956.313293
2015-09-16 00:00:00,353.8040703493853,354.7686449557177,349.83828311708396,351.23162841796875,8588014,3016382142.0963135
2015-09-17 00:00:00,351.7675877549147,352.41069824428087,348.5521264260338,349.4096374511719,21074691,7363700141.705475
2015-09-18 00:00:00,348.76640726289713,348.76640726289713,335.36885257950735,341.7996520996094,18884153,6454596925.595795
2015-09-21 00:00:00,340.51353970567163,348.44490071727523,339.7633353401649,342.4428405761719,7381129,2527614781.419159
2015-09-22 00:00:00,343.40743777667274,343.94336311001234,332.04624592691323,333.6539611816406,12077344,4029653666.1533203
2015-09-23 00:00:00,333.9755824394911,339.65614859869214,332.2606515622102,335.7975769042969,6890796,2313912599.7418213
2015-09-24 00:00:00,337.6196704478122,339.7633414952743,332.5821847190846,333.0108642578125,9217593,3069558611.3067627
2015-09-25 00:00:00,339.54894079887055,342.6572167384241,338.0484105508913,341.9068908691406,9003556,3078377838.7261963
2015-09-28 00:00:00,340.62068877989003,341.79966366971064,329.47389836489003,331.83184814453125,10794454,3581943620.531128
2015-09-29 00:00:00,327.8661349999763,338.0483504582552,326.25841996684187,330.7600402832031,14634292,4840439011.436157
2015-09-30 00:00:00,336.54786949406366,339.0130045561095,334.4041985165969,337.6196594238281,8618688,2909838507.2402344
2015-10-01 00:00:00,341.1566415716576,346.5156514322859,340.7278709716729,342.1212463378906,9990290,3417890466.0769653
2015-10-02 00:00:00,344.3720464267702,351.0173389836418,339.8705465338976,343.8362121582031,9766445,3358057455.051422
2015-10-05 00:00:00,348.98078334144196,352.4106140136719,346.62283360127907,352.4106140136719,8048311,2836310221.2829895
2015-10-06 00:00:00,353.5896699668052,356.05483570085016,350.48142412228106,354.33990478515625,7640004,2707158289.918213
2015-10-07 00:00:00,356.05475368297675,359.48446286107657,353.26803334929355,355.09014892578125,7327531,2601934074.048279
2015-10-08 00:00:00,353.91114979742713,357.34098111403733,351.62175068162344,354.55426025390625,6382265,2262859245.819397
2015-10-09 00:00:00,357.01938187366216,360.12765784328496,353.69685725065824,358.3055419921875,5677900,2034423036.8774414
2015-10-12 00:00:00,358.4127107080483,358.84148134906854,350.3741951477781,351.8747253417969,6463863,2274470017.772003
2015-10-13 00:00:00,351.12437745812053,351.7203494769604,342.33562772518906,346.4084777832031,6344199,2197684318.3437195
2015-10-14 00:00:00,344.6936327432918,346.40853323837877,341.79972676808916,344.2648620605469,4694521,1616158624.5053406
2015-10-15 00:00:00,345.1223036409864,349.73101806640625,345.1223036409864,349.73101806640625,6361610,2224852341.8414307
2015-10-16 00:00:00,351.7675877549147,353.3753032330302,348.7664965891558,349.4096374511719,11219365,3920154257.082367
2015-10-19 00:00:00,347.48030692850705,350.48139784011124,345.1652430025054,346.7301025390625,6320213,2191408101.558716
2015-10-20 00:00:00,347.909038255672,348.1234083764024,342.48560784082616,346.4084777832031,7491229,2595025234.615387
2015-10-21 00:00:00,346.40852182090066,348.33773166215224,342.12130109713695,345.7654113769531,7143877,2470105569.7313538
2015-10-22 00:00:00,344.8008453276388,346.83733159040935,342.7643590648683,346.0870056152344,8474095,2932774163.8490295
2015-10-23 00:00:00,348.6592617549846,355.09018349507363,347.05154650628515,353.69683837890625,8405598,2973033437.2840576
2015-10-26 00:00:00,352.41061794673544,354.5541975989368,349.73102189091173,351.01727294921875,6780026,2379906237.0448
2015-10-27 00:00:00,350.37421672533804,352.1963022328495,348.0162665946494,348.4449157714844,4617376,1608901191.4052734
2015-10-28 00:00:00,347.26593658836157,350.15981205320816,343.72901143426833,349.8382568359375,6692920,2341439465.942383
2015-10-29 00:00:00,349.30241494167996,349.6239701519082,339.9776175715269,343.72900390625,10192210,3503358190.9033203
2015-10-30 00:00:00,335.2617915856641,346.40858574809874,335.2617915856641,340.40643310546875,14528109,4945461764.4574585
2015-11-02 00:00:00,342.97871467469247,347.9091069341933,340.5135792902419,346.3013610839844,9677333,3351273589.562958
2015-11-03 00:00:00,346.7300047006548,347.05575125152245,343.0857740098099,344.5863342285156,6750818,2326239627.6638794
2015-11-04 00:00:00,346.3013212088159,355.84039752161095,344.37202033618627,348.6592712402344,11936510,4161774877.75177
2015-11-05 00:00:00,348.44493454255377,348.6593047014911,330.08485026135685,334.40423583984375,18631776,6230544815.619141
2015-11-06 00:00:00,335.1545435998158,343.30024472605993,332.1534526553317,342.2284851074219,10579088,3620465260.0581055
2015-11-09 00:00:00,342.9787285712167,348.5521404277302,342.1213390022361,342.5500793457031,9000261,3083040119.6820374
2015-11-10 00:00:00,343.62179499809304,343.64964671315147,331.08162863148647,334.7257385253906,12828105,4293896920.006256
2015-11-11 00:00:00,336.01195128657537,336.65509213603684,333.22526071098684,334.40423583984375,5410674,1809352304.3485107
2015-11-12 00:00:00,334.08276658508106,334.5114157784202,331.72469487300964,332.2606506347656,8494744,2822469168.4157715
2015-11-13 00:00:00,330.33135251888984,336.01194908496467,328.93800724022503,330.43853759765625,8088396,2672717745.7507324
2015-11-16 00:00:00,327.6518700106357,331.1888867399448,326.1513395480086,330.5457458496094,7824333,2586299987.2607117
2015-11-17 00:00:00,333.2252734125395,335.7975939272398,331.2960633991647,333.33245849609375,8411603,2803860307.8831177
2015-11-18 00:00:00,333.3324109209188,338.7986367934606,331.83188071062466,338.4771423339844,7739420,2619616764.9224854
2015-11-19 00:00:00,339.7632849594198,343.3001791055399,337.4052137896777,337.833984375,8204400,2771725141.40625
2015-11-20 00:00:00,338.9058271134305,340.406357346977,331.72467041015625,331.72467041015625,7424488,2462885834.76416
2015-11-23 00:00:00,329.1523285760005,332.15341921837313,322.9358986560976,326.2584533691406,12133961,3958807349.101471
2015-11-24 00:00:00,324.4364001257008,325.829775447231,317.1480898484239,324.0076599121094,11911206,3859321982.7910767
2015-11-25 00:00:00,324.4364714966242,325.401076444119,320.8994550743327,322.07843017578125,11470933,3694540093.291565
2015-11-26 00:00:00,321.54265065271426,329.3667981323349,321.43546555748867,329.2596130371094,8338038,2745379165.3687134
2015-11-27 00:00:00,327.3304094910513,329.68835992470775,326.5800835061342,328.7237548828125,6333955,2082121470.8587646
2015-11-30 00:00:00,328.7237048783644,329.90267991585057,324.0923925502349,324.1148986816406,18505032,5997756571.780518
2015-12-01 00:00:00,330.65292577824613,335.1545470550573,330.65292577824613,334.61859130859375,14000724,4684902542.18042
2015-12-02 00:00:00,335.58324051917873,336.5478453121279,331.2959899902344,331.2959899902344,4905707,1625241057.1670227
2015-12-03 00:00:00,333.6540074255216,338.36999914931,327.65185546875,327.65185546875,10528558,3449701564.1103516
2015-12-04 00:00:00,326.79433122033964,328.294891509909,323.79327138648125,325.6153564453125,7449562,2425691785.991455
2015-12-07 00:00:00,328.40214923373424,328.40214923373424,320.5778820303687,321.0066223144531,7320610,2349964289.3814087
2015-12-08 00:00:00,319.82759286802786,320.68501254503485,309.4310072194566,312.0034484863281,15565347,4856441940.886322
2015-12-09 00:00:00,312.3249405171971,313.932655707791,308.2520600095161,311.1459655761719,9136022,2842636386.715149
2015-12-10 00:00:00,309.53823381269586,315.0044596298805,308.7880294604385,313.6111145019531,10164080,3187568456.6870117
2015-12-11 00:00:00,312.64657550159563,313.18253132299384,304.82239804907897,306.0013732910156,9352830,2861978824.1574097
2015-12-14 00:00:00,306.1085273356171,308.0377067007697,301.60690633262004,302.89306640625,12010013,3637749665.148926
2015-12-15 00:00:00,304.71515341044494,310.82439860572896,304.44714517946903,309.5382385253906,8883870,2749897471.088562
2015-12-16 00:00:00,309.43101093684083,314.68295709589796,308.68080667624923,310.6100769042969,12960699,4025723713.1234436
2015-12-17 00:00:00,315.43325930721363,320.2564667477137,313.71835865479005,315.8620300292969,8995207,2841244343.5537415
2015-12-18 00:00:00,314.1470284764224,319.1845138427394,313.075268961414,315.11163330078125,13397417,4221681952.881653
2015-12-21 00:00:00,315.1117040451399,320.0420965729979,312.646568526514,315.8620300292969,7438821,2349641102.084564
2015-12-22 00:00:00,321.4353950499156,321.4353950499156,316.719403757723,318.755859375,6146302,1959169775.9882812
2015-12-23 00:00:00,321.5425307226925,326.36561522768216,319.3988599903886,326.1512451171875,5385563,1756508078.1070557
2015-12-24 00:00:00,326.9015954883483,329.68831627557404,325.4332298415605,326.6872253417969,1004678,328215468.1819458
2015-12-29 00:00:00,320.79220652781464,332.47495238975443,320.47065136050446,332.3677673339844,7775499,2584325242.537628
2015-12-30 00:00:00,330.76006983057493,331.0816250149835,324.4364245576711,324.5436096191406,5019884,1629171273.22937
2015-12-31 00:00:00,327.9734087434347,328.29499435872384,323.5789722906111,323.6861877441406,2491934,806604616.5700073
2016-01-04 00:00:00,319.6132917690833,320.98953720984906,312.93595615344003,314.5758361816406,8012316,2520481005.451538
2016-01-05 00:00:00,317.1481586550695,321.22103970460734,315.9691835571933,318.54150390625,8947362,2850106147.473633
2016-01-06 00:00:00,316.61217936604015,319.8662743147145,312.9680692666184,315.3260192871094,7220610,2276846208.124695
2016-01-07 00:00:00,309.10958129141994,310.93160592287103,302.4642894351721,309.2167663574219,10811659,3343146234.9391174
2016-01-08 00:00:00,310.8244226734245,314.4686545495991,303.857666015625,303.857666015625,7435567,2259354034.1228027
2016-01-11 00:00:00,302.14284106073046,309.2167824307587,299.9991700019072,300.5351257324219,10022785,3012198950.164032
2016-01-12 00:00:00,302.2499882951324,309.2167437214538,300.32071799361904,303.75042724609375,7591550,2305936555.960083
2016-01-13 00:00:00,305.67978547640325,308.25210586590305,300.4279596190662,302.0356750488281,11454056,3459533536.00708
2016-01-14 00:00:00,300.10632990017217,300.8566557108956,292.60364887318445,296.890869140625,10816538,3211331367.9125977
2016-01-15 00:00:00,294.53295433936415,298.6058353394484,282.5287422351091,283.49334716796875,16830940,4771459516.583252
2016-01-18 00:00:00,282.31435254020954,287.13743761590894,276.31220134462967,278.884521484375,12263280,3420038974.6289062
2016-01-19 00:00:00,284.0292650015787,286.81595509810086,278.8845035621271,283.6004943847656,11188031,3172931122.7920837
2016-01-20 00:00:00,277.9199148023271,278.51795219925526,270.2029544335149,272.23931884765625,16551493,4505967180.2317505
2016-01-21 00:00:00,272.9896011173048,281.671164960176,268.84170065259826,281.3497009277344,16178454,4551803194.373108
2016-01-22 00:00:00,287.2446984933277,287.8749918106213,280.2779405930028,280.92108154296875,12987254,3648393439.953247
2016-01-25 00:00:00,282.95741828353596,282.95741828353596,267.6305585061692,269.3454895019531,14110920,3800712654.7229004
2016-01-26 00:00:00,267.95208033645036,280.1706608422578,266.665889989015,279.63482666015625,19382973,5420154295.013489
2016-01-27 00:00:00,265.80848629087114,277.81269602923453,263.66481557899897,274.0614013671875,24439006,6697788232.3811035
2016-01-28 00:00:00,271.16752762202685,278.13428360480265,264.41517214533025,268.702392578125,13702356,3681855841.1572266
2016-01-29 00:00:00,273.20389702380305,275.1482321310953,267.7376717374746,270.845947265625,16859280,4566267661.816406
2016-02-01 00:00:00,274.8116958845614,275.24046661492656,262.37874184597104,266.987548828125,14818108,3956250333.1904297
2016-02-02 00:00:00,266.8802542520618,268.1664140522542,252.83954481852277,257.87701416015625,17152774,4423306143.68396
2016-02-03 00:00:00,255.41196508299927,257.44845125556645,246.19653864614673,249.51698303222656,18045157,4502573132.982864
2016-02-04 00:00:00,253.37554835528385,260.6637687903204,248.6595570435296,259.1632385253906,18805783,4873767625.285736
2016-02-05 00:00:00,260.9852548348198,266.4514484488367,256.6980054469376,259.27032470703125,15846163,4108439826.3705444
2016-02-08 00:00:00,262.5930946740399,263.3433295051617,246.30163035574864,247.2662353515625,18074312,4469167084.80957
2016-02-09 00:00:00,246.51599433032297,251.446264709514,238.58454190568867,241.79998779296875,18119271,4381239506.617493
2016-02-10 00:00:00,242.65739733362264,254.55451472036128,239.65630653348921,249.73133850097656,20589333,5141801688.932327
2016-02-11 00:00:00,246.51599657012636,247.0646784523222,236.76253449191125,239.5492401123047,18818414,4507936773.818756
2016-02-12 00:00:00,241.585618823577,257.34124755859375,241.23080555367417,257.34124755859375,20149025,5185175230.589294
2016-02-15 00:00:00,263.02178435010813,265.16536409361254,261.30688410813144,263.98638916015625,8946715,2361810987.6950073
2016-02-16 00:00:00,266.3443418324923,270.0957582863605,260.12791191462054,267.95208740234375,12568212,3367678640.3151855
2016-02-17 00:00:00,267.73761067459975,276.8480346950723,266.02280202072876,275.7762451171875,10708894,2953258576.6779785
2016-02-18 00:00:00,277.0625587333129,279.6348791658886,268.3808709690967,269.98858642578125,11566064,3122705269.870117
2016-02-19 00:00:00,268.48800119677514,272.668066604692,259.59194508977043,263.6648254394531,14832791,3910885249.7948914
2016-02-22 00:00:00,265.37978508297266,268.59524643247704,261.41411927567924,262.8074645996094,13526611,3554894341.535187
2016-02-23 00:00:00,260.77093784532656,264.20076882580065,252.62522214702403,252.94677734375,17292416,4374060899.6875
2016-02-24 00:00:00,252.94680511724712,254.87609095046994,245.9800484437115,248.76675415039062,15572391,3873893163.4307556
2016-02-25 00:00:00,253.48273990175898,263.4441022382143,251.66062411033005,261.5212707519531,19050597,4982136336.023346
2016-02-26 00:00:00,235.79783885170073,246.21801093901303,231.40340267246808,242.8717803955078,46594011,11316370407.337875
2016-02-29 00:00:00,236.86961397647497,244.4795112740614,236.70888192392349,239.97789001464844,23365891,5607297220.492264
2016-03-01 00:00:00,239.65628699019763,241.15683226789912,235.04758758790618,236.2265625,33199022,7842490845.421875
2016-03-02 00:00:00,238.47732460031864,242.55019003559386,236.9767944301476,240.94256591796875,27400675,6601988942.384338
2016-03-03 00:00:00,242.8717565007935,248.23078188902346,241.15684104117955,245.44407653808594,24440742,5998835350.095612
2016-03-04 00:00:00,246.5159620869799,248.23077116827665,244.0507209155622,247.1589813232422,20939760,5175449750.753174
2016-03-07 00:00:00,247.37338864931021,249.40976827530784,241.37122223136774,246.8374481201172,17541705,4329949697.8759
2016-03-08 00:00:00,246.6230394475338,248.87389530184075,243.4076851169295,246.51596069335938,19361361,4772884507.245941
2016-03-09 00:00:00,248.44520447990845,251.23189506264447,245.56742632161252,248.01644897460938,18208515,4516011231.400909
2016-03-10 00:00:00,247.37338006701304,249.19548061058597,237.40554869353153,237.6199188232422,34658231,8235486036.777176
2016-03-11 00:00:00,242.87175842095434,248.2415357679136,241.15684294778217,246.08721923828125,16809138,4136514028.2125244
2016-03-14 00:00:00,246.94465878966764,248.69391078580065,244.4795234474882,247.8021697998047,19512694,4835287911.83963
2016-03-15 00:00:00,250.8030873102114,252.83957302845104,248.92743992338023,251.44622802734375,21436003,5390002098.332825
2016-03-16 00:00:00,251.76782045018396,252.30366988493287,249.30268525548212,251.12469482421875,18824713,4727350307.278503
2016-03-17 00:00:00,252.30366070211298,252.83960123529857,242.44301397792634,247.48057556152344,11937633,2954332285.6822357
2016-03-18 00:00:00,248.01645394137242,255.5191515061531,247.48060446354702,253.05401611328125,20027101,5067938339.156311
2016-03-21 00:00:00,252.08937880899256,255.6263038221055,250.05289288676585,252.4108428955078,10822739,2731776673.4280853
2016-03-22 00:00:00,251.5534557108444,251.5534557108444,246.19442972682901,250.1601104736328,12636844,3161234291.078064
2016-03-23 00:00:00,249.40977032495954,251.1246858772671,244.3723150417544,244.58668518066406,9932838,2429439920.856537
2016-03-24 00:00:00,242.44300112808935,243.7292674513547,238.1558567479104,239.6562957763672,11322291,2713458320.7621
2016-03-29 00:00:00,242.0143674688271,244.26511727338928,234.94041098026753,236.5481414794922,11190296,2647043721.4053955
2016-03-30 00:00:00,238.15587978069374,241.37123458021415,237.61993922408135,239.7635040283203,10742801,2575731610.8389435
2016-03-31 00:00:00,238.58455686358792,239.87071707554642,235.0476314670268,238.69174194335938,10598627,2529804740.837921
2016-04-01 00:00:00,236.44096544780325,241.9071764597815,232.5288317138934,234.1901092529297,14726526,3448806732.8561096
2016-04-04 00:00:00,232.90395805141154,234.94042898892104,230.6531928880003,231.6177978515625,13033570,3018806781.5441895
2016-04-05 00:00:00,230.22444570408234,230.22444570408234,223.15050360404987,225.7228240966797,16425604,3707633722.3737183
2016-04-06 00:00:00,226.90187083054226,229.47419092940186,221.86430939479035,224.0079803466797,13265229,2971517157.1262054
2016-04-07 00:00:00,224.0079744846592,224.91464349025202,218.97041318073423,221.8643035888672,14322458,3177642169.8507996
2016-04-08 00:00:00,222.29307905339437,227.54491983932292,222.18587879399337,226.6875,12223895,2771004197.8125
2016-04-11 00:00:00,227.2233419606496,230.86754320747968,224.11517236584257,229.68858337402344,12693928,2915650339.7718506
2016-04-12 00:00:00,229.58139735049815,234.2972977219671,228.6167012920792,232.36810302734375,14307824,3324681921.3291016
2016-04-13 00:00:00,235.04759799723493,247.69494964694468,234.51165748836868,246.08721923828125,22212797,5466285445.234436
2016-04-14 00:00:00,247.05181419493513,250.26727508134334,243.30051909240657,248.2307891845703,16280405,4041297781.3944244
2016-04-15 00:00:00,248.9811397307726,254.018595389604,247.8021646241502,251.87503051757812,17458066,4397250906.527893
2016-04-18 00:00:00,248.87390860284785,255.30473909832406,246.08721842540598,254.55450439453125,12452761,3169906404.6985474
2016-04-19 00:00:00,254.34015681819497,261.6284684731527,254.23297174453634,260.4494934082031,17912895,4665404428.224335
2016-04-20 00:00:00,259.80636295816083,267.9520938297769,259.0561282456225,267.4162292480469,14103054,3771385521.5615845
2016-04-21 00:00:00,268.80954757846797,275.56193267255543,268.7023625237399,271.810546875,22830636,6205607656.6640625
2016-04-22 00:00:00,271.81056460396377,274.06142052742393,267.30903499290923,269.774169921875,11572240,3121891440.1367188
2016-04-25 00:00:00,270.41722505815994,271.27473594203485,265.1653695353904,266.1299743652344,12657460,3368529505.3289795
2016-04-26 00:00:00,266.13003828535443,271.5963563667872,264.17935469718935,270.52447509765625,14945595,4043149242.397156
2016-04-27 00:00:00,269.6669252965155,272.13205968098595,265.70126112469876,270.202880859375,10163580,2746228595.8447266
2016-04-28 00:00:00,266.9874987445517,270.84597900425234,255.41193647486412,262.3786926269531,27801936,7294635620.178223
2016-04-29 00:00:00,262.59303607281436,265.80849670767043,245.8728199701588,246.51596069335938,21748038,5361238480.765686
2016-05-03 00:00:00,245.87283680990882,246.62305633866612,234.29727492407937,238.47732543945312,22191974,5292282605.741882
2016-05-04 00:00:00,236.33379015657894,239.65633018586945,234.19011894760854,234.9404296875,19345630,4545070624.775391
2016-05-05 00:00:00,234.7260272770984,236.7034838915278,227.75927144793604,228.50949096679688,10335806,2361829767.791565
2016-05-06 00:00:00,227.65206519463354,231.29617480759796,222.2930402706006,229.04541015625,13808958,3162878448.9404297
2016-05-09 00:00:00,230.97473951405945,233.01111912382024,227.43770821093568,228.1880340576172,10983003,2506189862.6189117
2016-05-10 00:00:00,229.04542212511615,232.63062418585068,228.5523829982749,230.6531524658203,12680602,2924820826.464386
2016-05-11 00:00:00,230.65314041294155,232.26087066963308,224.2223256904231,229.04541015625,10386313,2378937321.0961914
2016-05-12 00:00:00,227.5449067375439,230.33159698650766,224.0079817655321,224.65101623535156,16319830,3666266394.2881775
2016-05-13 00:00:00,223.2576531641956,227.13873053738817,220.43453096154136,226.47311401367188,11932101,2702300070.195648
2016-05-16 00:00:00,224.54380140448023,227.97363220485508,223.25764143040297,227.75926208496094,7306507,1664124642.7386017
2016-05-17 00:00:00,229.47419812961908,234.08291314081225,227.59636369918567,229.90284729003906,12122391,2786972206.863144
2016-05-18 00:00:00,228.18804755142486,240.51382991937203,227.97366221698556,239.7635040283203,18752751,4496225289.930588
2016-05-19 00:00:00,239.22768569489074,248.01645232170756,238.57171239055424,243.08616638183594,21849270,5311255282.5416565
2016-05-20 00:00:00,246.51599578032597,250.58886153067994,245.12263538143142,248.4451904296875,15983973,3971141215.8079834
2016-05-23 00:00:00,248.12363359160523,253.5898448534639,246.9446584619232,250.91033935546875,13295637,3336012791.6171265
2016-05-24 00:00:00,250.374489210107,264.09361746046784,249.624178469012,262.9146423339844,22034626,5793225813.753113
2016-05-25 00:00:00,264.8437986906962,275.8834040306386,264.1268220772165,274.3829650878906,18918944,5191035951.051758
2016-05-26 00:00:00,275.3475949482586,275.3475949482586,264.9510078885435,266.4515380859375,14431729,3845356389.2894287
2016-05-27 00:00:00,265.48695572285555,270.4172256928405,264.69383484433814,269.2382507324219,11073550,2981423231.3980103
2016-05-31 00:00:00,268.5952421021524,271.70342720134744,263.129045976807,264.2008056640625,12416415,3280426846.4593506
2016-06-01 00:00:00,263.66480670212974,265.0581516148696,250.91027164095428,256.80523681640625,13722623,3524041449.257263
2016-06-02 00:00:00,256.69812858980504,263.7720706938356,256.69812858980504,257.0196838378906,9646487,2479337038.886322
2016-06-03 00:00:00,259.2704111000888,260.98534179931977,251.22112844448353,254.2329559326172,9564656,2431650767.3586426
2016-06-06 00:00:00,254.018557193549,259.2703974038949,248.1235914289001,249.08828735351562,17368784,4326360659.973145
2016-06-07 00:00:00,250.3744783502189,253.2683690602537,244.90826734028468,246.19442749023438,19654284,4838775197.110474
2016-06-08 00:00:00,244.4794768434501,246.08720717329086,239.9778562180108,241.58558654785156,13158766,3178968202.3559265
2016-06-09 00:00:00,240.19223216600366,243.35733505941872,237.0839716764599,237.9414825439453,13311527,3167364469.3037567
2016-06-10 00:00:00,237.40554200166815,237.94148249716062,228.93824102954284,229.2598114013672,14272263,3272056323.650711
2016-06-13 00:00:00,225.72281594185674,234.36597588969457,225.72281594185674,231.6177978515625,20317208,4705826975.452148
2016-06-14 00:00:00,230.76037458364934,231.93934968745148,226.04438305049476,227.22335815429688,16942591,3849752422.854767
2016-06-15 00:00:00,228.93827234445698,234.40448345084755,228.1880527406119,232.58248901367188,14137626,3288164243.824402
2016-06-16 00:00:00,228.83107968393603,231.1891209160302,225.07976918049903,229.58139038085938,14328548,3289567971.978882
2016-06-17 00:00:00,232.58249481202267,241.90718666881617,232.58249481202267,238.0487060546875,29633105,7054122301.63269
2016-06-20 00:00:00,250.58886993422277,259.0561569399287,248.6595689158949,254.7689208984375,23201727,5911078950.770142
2016-06-21 00:00:00,254.018582856619,260.8781389346381,251.8750180903541,259.1632385253906,11467444,2971939924.6485596
2016-06-22 00:00:00,260.8781521781093,267.09470444302366,257.0882530613784,264.3080139160156,13860746,3663506246.654358
2016-06-23 00:00:00,266.88029143126505,273.95423206307623,264.20075603949743,268.4880065917969,22006640,5908518905.383301
2016-06-24 00:00:00,176.84844157604297,234.5116910191637,176.7743930567356,220.04232788085938,68091817,14983081922.317474
2016-06-27 00:00:00,205.25131344939373,223.51496554338425,162.37898024295964,186.81617736816406,74271119,13875046540.43602
2016-06-28 00:00:00,195.3906242527096,197.21272475940938,170.4132092148723,186.28030395507812,45007693,8384046732.356842
2016-06-29 00:00:00,189.71003112575042,194.10446689258762,183.70797125992027,193.13986206054688,32921744,6358501094.952637
2016-06-30 00:00:00,186.92337826462764,188.959849331017,180.32962758553538,183.9222869873047,45058319,8287229078.283524
2016-07-01 00:00:00,185.85156003213567,189.38857620197894,177.20960056469212,181.88587951660156,35980972,6544430738.082214
2016-07-04 00:00:00,184.13665408295512,184.84189178400362,178.13459361416818,179.52793884277344,18529972,3326647679.974304
2016-07-05 00:00:00,177.27707340277485,178.670418558761,169.8816680908203,169.8816680908203,27873489,4735194806.831131
2016-07-06 00:00:00,166.13027074987602,167.2020455383504,159.05632935109114,159.59226989746094,40611654,6481306046.150299
2016-07-07 00:00:00,161.09280316073938,173.50965790705732,161.09280316073938,169.98875427246094,29581316,5028491056.580017
2016-07-08 00:00:00,168.59540667391934,181.36069625520042,166.13027149720637,180.92129516601562,26927881,4871827106.596344
2016-07-11 00:00:00,183.38640655949328,192.17526245117188,180.70688639897864,192.17526245117188,26813490,5152889477.981873
2016-07-12 00:00:00,192.8182964716619,200.01017394431366,191.21056615509767,195.0690460205078,24362985,4752464242.161942
2016-07-13 00:00:00,195.49782085254773,196.8911811907305,186.49468508628945,190.5675506591797,23939713,4562132469.893723
2016-07-14 00:00:00,190.56754729356786,196.95546141832708,188.10230593616018,195.283447265625,21774103,4252121894.956787
2016-07-15 00:00:00,194.31883241911737,202.31449176704527,193.89009217267915,197.2127227783203,20414289,4025957517.273514
2016-07-18 00:00:00,196.14097837581178,205.251299988458,195.92659303317186,203.42919921875,29383192,5977399219.050781
2016-07-19 00:00:00,203.10772842327452,206.10880420873292,200.2138377124492,203.75076293945312,17915869,3650371977.473297
2016-07-20 00:00:00,204.92973517835455,208.68113708496094,203.53638986945407,208.68113708496094,20604570,4299785096.746674
2016-07-21 00:00:00,208.0379971559241,210.7175176953389,204.31664924129197,206.00161743164062,23291164,4798017455.865601
2016-07-22 00:00:00,204.82252830663367,205.6800392367932,201.60717363816266,203.00051879882812,19698520,3998809779.569092
2016-07-25 00:00:00,202.0358332623751,204.17950439453125,198.3016528520759,204.17950439453125,14166570,2892523241.5704346
2016-07-26 00:00:00,203.2149130271983,203.53637713240906,198.60610669189106,200.42820739746094,11718775,2348773066.1441803
2016-07-27 00:00:00,201.0712627849677,207.39498540791337,199.89228758964347,205.8944549560547,51838838,10673329295.565216
2016-07-28 00:00:00,206.85901032902925,208.46674078485924,201.07122928427492,201.49998474121094,22105467,4454251263.197342
2016-07-29 00:00:00,201.49999633942528,209.3241574430386,200.64248537619542,206.2158966064453,16451617,3392584950.280838
2016-08-01 00:00:00,206.10880156320485,206.85902114438701,200.32102021584382,202.67897033691406,14962443,3032572540.9647675
2016-08-02 00:00:00,201.2855934208696,202.67895369986815,195.17625735522586,199.14202880859375,22139014,4408808163.78186
2016-08-03 00:00:00,199.57066110876252,205.25125643724306,198.72400851249958,204.2866668701172,19487764,3981090352.3114624
2016-08-04 00:00:00,203.85796079868624,208.68113759641227,202.57180056772586,205.78724670410156,19932211,4101794822.415207
2016-08-05 00:00:00,198.28451127416835,199.35630113754326,186.2803007920916,190.99618530273438,42206165,8061216511.257782
2016-08-08 00:00:00,189.81726513903513,197.9833925987939,187.99525540134297,197.96298217773438,22822210,4517952751.486511
2016-08-09 00:00:00,198.3917718620838,207.18064647257356,197.31999677700992,206.10885620117188,27915225,5753575095.348358
2016-08-10 00:00:00,203.42920540949012,209.752927791021,200.83658082957632,208.89552307128906,17377734,3630130833.7237244
2016-08-11 00:00:00,209.7529045949618,210.8246945453312,205.25128353641216,209.00257873535156,15888956,3320832777.4125366
2016-08-12 00:00:00,209.10980532470222,211.54816725329906,207.609259720779,210.39596557617188,12688549,2669619518.61557
2016-08-15 00:00:00,209.7529073229289,211.46782289932256,204.07231117056395,206.96620178222656,9895730,2048081651.9624329
2016-08-16 00:00:00,205.3584442138672,206.85898945059273,202.2501838699026,205.3584442138672,12989154,2667432457.09433
2016-08-17 00:00:00,205.3584481698241,207.71639797504506,202.0358024618617,203.96510314941406,12715580,2593534586.3046265
2016-08-18 00:00:00,204.7154511714259,205.25128540619886,199.9994447444589,200.74966430664062,20285018,4072210553.9541626
2016-08-19 00:00:00,199.89226032932143,201.39280576286862,197.64149533113272,200.96405029296875,14342049,2882236256.540222
2016-08-22 00:00:00,200.74967467020645,203.8579507584662,199.03486531623182,201.71437072753906,12326756,2486483829.6519165
2016-08-23 00:00:00,204.28666012163748,211.68217053348314,202.67892990249135,210.18162536621094,18885221,3969326445.1800995
2016-08-24 00:00:00,209.00255888569262,213.82574988118998,206.966179434245,212.8611602783203,11103181,2363435990.440201
2016-08-25 00:00:00,210.39591772146414,212.75395863988797,209.43131293858715,209.53851318359375,8139377,1705512954.8207397
2016-08-26 00:00:00,210.18165729513728,211.89646652241055,207.82361616834055,210.82469177246094,9042710,1906426548.5377502
2016-08-30 00:00:00,210.9318862980771,214.89756694812112,210.1816667189597,214.46890258789062,13791567,2957862239.457367
2016-08-31 00:00:00,213.71856500306566,218.97040512263246,213.71856500306566,215.9693145751953,19472196,4205396823.39386
2016-09-01 00:00:00,217.04120194783764,220.26730809531017,211.73570876789552,215.4334716796875,20175993,4346584216.575073
2016-09-02 00:00:00,217.57706810401132,220.16442277534162,213.50420245920583,218.97042846679688,15292193,3348538053.406952
2016-09-05 00:00:00,214.36167821047306,217.5770323875797,209.75287278138265,211.25341796875,19041063,4022489640.508301
2016-09-06 00:00:00,212.11087135410972,213.93297212139007,209.10979547396306,209.4313507080078,11621336,2433872095.5115967
2016-09-07 00:00:00,209.32415481998146,211.14625549316406,205.78722966403794,211.14625549316406,15773081,3330426990.7403717
2016-09-08 00:00:00,211.14624667454953,217.16871717441964,209.97793247058152,216.6124725341797,15873837,3438471081.1745453
2016-09-09 00:00:00,216.50529962898742,223.79361130881824,213.50420867424685,221.54275512695312,19866191,4401210688.01828
2016-09-12 00:00:00,214.4689240030876,217.2556298741,209.75293218508148,213.9329833984375,20750074,4439125236.55835
2016-09-13 00:00:00,214.68318330261445,216.36485606158425,211.89647768796593,212.21804809570312,13814638,2931715511.508728
2016-09-14 00:00:00,213.71860759195746,214.4689183441399,210.6103313656394,211.5750274658203,10651602,2253612985.7049866
2016-09-15 00:00:00,211.25341701558207,212.86114724900472,207.71638620393887,208.1451416015625,11826717,2461673684.6466064
2016-09-16 00:00:00,202.2502441880259,202.57181464075595,196.46246200131685,198.92770385742188,32813723,6527558571.403473
2016-09-19 00:00:00,202.35739093097874,203.71860181636475,198.820465906678,199.24913024902344,19464383,3878261383.5838776
2016-09-20 00:00:00,199.46352530857163,200.74968554586528,196.8269059339147,196.89120483398438,15141581,2981244126.181366
2016-09-21 00:00:00,196.89118083336854,199.89225645598728,193.78290495560944,196.35533142089844,22714109,4460036400.625412
2016-09-22 00:00:00,197.10553714217016,200.92113093942487,192.60391643091205,199.89224243164062,15793930,3157084084.508362
2016-09-23 00:00:00,200.21385618372938,200.21385618372938,194.85482975252333,195.7122344970703,13538654,2649680226.422699
2016-09-26 00:00:00,194.6404542813495,195.06910352325175,189.49570663997503,190.2460174560547,16639139,3165529928.6477203
2016-09-27 00:00:00,191.31779221145896,192.17530323480955,181.7787148168616,187.1377410888672,21711689,4063076434.6840057
2016-09-28 00:00:00,187.78081097654146,190.7819012444685,185.42277026030052,189.0669708251953,15497624,2930088824.6678467
2016-09-29 00:00:00,192.28238065142753,192.41105437146445,188.85264057966845,189.81724548339844,11181360,2122414955.958252
2016-09-30 00:00:00,186.28028786747913,192.0680681441797,180.27812229759854,191.63931274414062,30307037,5808019741.991241
2016-10-03 00:00:00,191.2105665512125,192.60391156760429,183.87188289174412,192.17526245117188,16575551,3185410863.6977844
2016-10-04 00:00:00,191.85373788466893,197.53861728117465,190.88904175443605,195.4978485107422,23034355,4503166844.332657
2016-10-05 00:00:00,193.5686123256624,197.31992242094557,189.60284098988524,196.99835205078125,16156955,3182893509.1586304
2016-10-06 00:00:00,198.60607970945605,202.78612999300245,198.1773242838432,198.82044982910156,20240146,4024154932.3266907
2016-10-07 00:00:00,198.82050180037882,199.8922919334825,190.24601368596484,194.96202087402344,25495494,4970653033.421539
2016-10-10 00:00:00,194.10449319673498,194.74761885509804,189.06702229396822,191.4249725341797,16631054,3183599055.164459
2016-10-11 00:00:00,190.1388185444632,196.89120536752768,189.1742287365291,193.997314453125,20760045,4027392977.9260254
2016-10-12 00:00:00,194.53323612034123,195.28345569092514,189.28139539978238,189.6028594970703,14669089,2781301220.6170197
2016-10-13 00:00:00,187.67368591684442,189.60288074753007,181.5643335649648,182.63612365722656,20844281,3806918682.261978
2016-10-14 00:00:00,184.35104605542605,188.3167272471742,183.38645619862297,185.20855712890625,17116800,3170177830.6640625
2016-10-17 00:00:00,183.60081978368365,185.42282953061303,181.99308908631522,182.63612365722656,15321347,2798231425.287277
2016-10-18 00:00:00,183.49360888995184,190.7068845837546,183.49360888995184,190.35317993164062,18318698,3487022416.5073853
2016-10-19 00:00:00,190.99622076937902,194.42606742238874,188.74547075013663,192.92552185058594,10662394,2057047926.6265564
2016-10-20 00:00:00,194.31884611325776,200.10662723954323,193.13987109775587,199.67788696289062,21894119,4371771418.834076
2016-10-21 00:00:00,199.8922744361398,204.1795105249055,198.55246095540997,203.64356994628906,20787084,4233155994.533386
2016-10-24 00:00:00,201.6071698088642,203.96511980665207,199.5782466849465,201.49998474121094,14222844,2865902848.9766235
2016-10-25 00:00:00,201.28566330291403,207.07344618457444,194.7476606411936,206.10885620117188,24050568,4957035061.468506
2016-10-26 00:00:00,205.03690237143198,208.25234798124606,202.89332258596406,207.60922241210938,15322496,3181091479.9726562
2016-10-27 00:00:00,205.89442814248747,211.56427240918939,202.35739671286268,210.5031280517578,18834135,3964644331.6490936
2016-10-28 00:00:00,217.7914639936804,222.93610466539485,205.3584811282092,207.93081665039062,35981567,7481676610.670746
2016-10-31 00:00:00,206.64465099787242,207.82362605840754,201.96616985753212,202.67897033691406,19399791,3931929664.6313324
2016-11-01 00:00:00,204.28670176937982,204.39388684310543,199.1420460254081,199.99945068359375,12539928,2507978711.6118164
2016-11-02 00:00:00,199.24912151941206,199.26523420752278,193.99728118833323,195.8193817138672,17715191,3468977748.5630646
2016-11-03 00:00:00,195.49782633741,211.18487340647965,193.89011100242112,207.82362365722656,34893256,7251642903.119263
2016-11-04 00:00:00,207.60923700134236,209.3992033945116,197.67145875954424,198.28453063964844,20737033,4111832855.2639008
2016-11-07 00:00:00,201.9287282236417,203.21488821391878,197.96086117481062,199.89224243164062,18304646,3658956735.857361
2016-11-08 00:00:00,199.03485504119186,201.39280510254346,195.7122089723094,200.74966430664062,24527092,4923805485.418091
2016-11-09 00:00:00,193.99734974316675,206.53750548989018,192.92774630296947,206.10885620117188,21711862,4475007042.817688
2016-11-10 00:00:00,207.1805977069022,220.79254052108092,207.1805977069022,217.255615234375,37831020,8219001525.043945
2016-11-11 00:00:00,219.7207083503431,220.57812805209585,213.18261736385526,216.07650756835938,19736352,4264562012.2998047
2016-11-14 00:00:00,219.07759291871403,227.00904443797043,217.89861799502242,225.5084991455078,22348856,5039856974.179077
2016-11-15 00:00:00,226.1515317447206,228.72386687919698,221.64991109016262,227.75926208496094,26091584,5942599918.467773
2016-11-16 00:00:00,225.0797685082652,228.29522956900342,221.54275222965896,223.36485290527344,22894864,5113907929.64624
2016-11-17 00:00:00,220.1494208773242,222.9361114501953,215.3263352871311,222.9361114501953,14087757,3140669764.635269
2016-11-18 00:00:00,219.82794189453125,222.08725681860514,216.71966592107003,219.82794189453125,30478176,6699954702.779297
2016-11-21 00:00:00,220.14939410195848,221.0550608348288,217.30376574922485,218.22019958496094,12017564,2622475214.6050415
2016-11-22 00:00:00,220.4709458453176,227.1161464996831,219.93511164001333,222.72181701660156,21043211,4686782189.783737
2016-11-23 00:00:00,221.54275851069593,224.00800006458678,215.7550833377804,219.7207489013672,15390290,3381566044.6092224
2016-11-24 00:00:00,221.3284589214795,221.3284589214795,216.18371244446095,217.79144287109375,7803542,1699544671.6851807
2016-11-25 00:00:00,217.791430213668,219.72071572529634,215.21909509046242,215.9693145751953,7957829,1718646874.636612
2016-11-28 00:00:00,215.96935442338673,217.2363191148011,209.0025976257203,210.2888641357422,15261772,3209380698.5786743
2016-11-29 00:00:00,206.96620471601912,211.14625549316406,205.14410404283652,211.14625549316406,13830149,2920184174.2625275
2016-11-30 00:00:00,206.10880033682733,209.07125724475907,200.53538916914349,208.2523651123047,25676413,5347173734.850327
2016-12-01 00:00:00,205.89438562710325,214.04010009765625,205.4656302431027,214.04010009765625,15806920,3383314739.0356445
2016-12-02 00:00:00,212.64677543015503,214.36169082505896,207.0733649385851,207.28775024414062,13759009,2852074021.198883
2016-12-05 00:00:00,207.8236564666544,214.04017901663093,204.71548630962215,212.0037078857422,17230641,3652959781.2480927
2016-12-06 00:00:00,211.6822351910315,224.75823843347396,211.46784983547977,224.11520385742188,21153905,4740911731.455536
2016-12-07 00:00:00,227.1161716686645,234.6188688579838,223.68643145571818,232.7967529296875,21682356,5047582072.665527
2016-12-08 00:00:00,233.0110939245926,239.2276297578225,230.43877406809824,236.11935424804688,16841451,3976592534.7201233
2016-12-09 00:00:00,237.5127522063784,237.72712235273954,230.1172403244231,232.90394592285156,14844471,3457335871.0373383
2016-12-12 00:00:00,233.11829139152738,235.79781163312376,228.50948559588443,229.2598114013672,13113850,3006478777.745819
2016-12-13 00:00:00,227.86646655071405,235.47625716962548,225.6157167770419,235.26197814941406,15006134,3530372769.2151794
2016-12-14 00:00:00,235.79782916788628,238.37014935261325,232.47199399398804,233.01112365722656,11239650,2618963476.0139465
2016-12-15 00:00:00,233.8686453759029,246.30161289807393,233.20301360892708,243.300537109375,19793697,4815817111.480225
2016-12-16 00:00:00,244.47949826881637,246.30159887684744,242.443012337168,243.9435577392578,22738596,5546934006.235657
2016-12-19 00:00:00,244.9082803855886,245.12265054621486,238.31662574120287,239.12049865722656,8841036,2114072936.9664917
2016-12-20 00:00:00,238.3701957066914,242.8718176506537,237.29840554551427,242.5502471923828,11590067,2811173615.8262787
2016-12-21 00:00:00,242.22875082414072,246.1944316011357,239.9425560160485,244.8010711669922,17044953,4172622752.391037
2016-12-22 00:00:00,242.44299844190965,245.22970376275612,242.44299844190965,244.37229919433594,9118647,2228344732.931534
2016-12-23 00:00:00,246.08723106194208,253.16117230559206,245.22972013202659,247.69496154785156,7104027,1759631694.5998993
2016-12-28 00:00:00,246.73023389506739,248.23077921117118,240.29943387121017,241.47840881347656,10347550,2498709909.1178894
2016-12-29 00:00:00,240.4066448453143,243.12258219719212,238.15587978069374,239.7635040283203,9798817,2349398699.2522736
2016-12-30 00:00:00,240.7281951904297,240.9425653206785,237.72710448488195,240.7281951904297,4332116,1042862466.0355835
2017-01-03 00:00:00,243.19336260729446,249.40979348650114,242.44303667878484,247.58778381347656,15370876,3805641124.1117554
2017-01-04 00:00:00,249.3026628313208,252.73240263169293,247.05180686768236,251.2318572998047,14542322,3653494565.5118103
2017-01-05 00:00:00,250.69603719403,253.63272282953224,246.19441613160072,247.69496154785156,10001094,2477220593.766449
2017-01-06 00:00:00,248.1235914289001,249.6241367285559,245.7591721970021,249.08828735351562,11836689,2948380590.9461975
2017-01-09 00:00:00,248.65953317045353,250.69601897330784,241.58559244094138,243.72926330566406,13441560,3276101516.478882
2017-01-10 00:00:00,242.44302491235737,245.55130094640614,238.37015914206853,242.8717803955078,15298752,3715635136.069336
2017-01-11 00:00:00,242.65742284533098,244.05076813706089,237.92001848079983,238.69174194335938,16464292,3929890537.344116
2017-01-12 00:00:00,238.7989155993768,239.9778906751636,233.1183192517868,234.1901092529297,19970208,4676825193.32373
2017-01-13 00:00:00,236.1194020221956,237.94151797239363,233.01114106984542,236.97682189941406,20321491,4815722353.437546
2017-01-16 00:00:00,233.0111244539229,233.65425006127344,228.7238886966316,230.33160400390625,20331623,4683015337.592712
2017-01-17 00:00:00,230.86750652858635,241.3711860862255,229.68854688243638,236.0121612548828,19714048,4652755075.5625
2017-01-18 00:00:00,236.11937354060345,236.76251430256144,232.2608934405979,234.7260284423828,17989980,4222716557.157898
2017-01-19 00:00:00,234.7260390165247,237.94149999000595,232.90393839035605,235.90501403808594,13931239,3286449131.8629303
2017-01-20 00:00:00,236.22655647677587,239.01324646895716,234.4044408799264,236.7624969482422,10667730,2525718391.5696716
2017-01-23 00:00:00,234.1901021584994,235.31443680654968,230.22442156637376,231.4033966064453,12922962,2990417301.0160217
2017-01-24 00:00:00,233.22550085481544,236.11939152285615,231.72497057743274,235.79783630371094,9163114,2160642455.004242
2017-01-25 00:00:00,237.94148981783155,245.87283535216343,236.29732741183008,243.8363494873047,14847371,3620328744.1236725
2017-01-26 00:00:00,244.37232005051942,260.1279333167072,241.4880727356447,249.62416076660156,34145592,8523564746.878784
2017-01-27 00:00:00,250.05290578962223,255.82565269931243,244.90826523406741,248.4451904296875,14894666,3700508130.756592
2017-01-30 00:00:00,245.9800460612704,254.2725839575812,241.2640545670452,241.69281005859375,11943365,2886625448.4054565
2017-01-31 00:00:00,241.1568517702893,244.47949777368098,237.51274167954622,237.72711181640625,14541914,3457007215.5025635
2017-02-01 00:00:00,239.44204911406615,241.69281426507285,237.94151876496235,240.29946899414062,12593101,3026115483.2895813
2017-02-02 00:00:00,240.9425667657777,240.9425667657777,236.4409458667794,238.47732543945312,11421456,2723758279.5043945
2017-02-03 00:00:00,240.08504262596114,246.19439361556098,236.54811788658017,244.90823364257812,13793798,3378214703.402527
2017-02-06 00:00:00,245.5513012722543,246.08724183032257,239.5492408351966,239.97789001464844,13761883,3302547644.96846
2017-02-07 00:00:00,239.87067115875706,244.26509153862082,236.6359998020004,241.58558654785156,12462640,3010794194.334717
2017-02-08 00:00:00,243.5148779956052,248.3379627985263,239.87067701001428,243.72926330566406,22000180,5362087663.992004
2017-02-09 00:00:00,243.9435353505267,249.94568603537232,242.63060190487593,249.8385009765625,12731552,3180831866.7851562
2017-02-10 00:00:00,251.76785236960097,251.76785236960097,245.01548043744452,245.33694458007812,11314924,2775968882.315796
2017-02-13 00:00:00,245.22969211946074,252.41081761247,245.0154131225602,251.44622802734375,13575492,3413506257.015381
2017-02-14 00:00:00,251.23187529768015,258.52021716565986,249.8385301159297,258.3058166503906,16913435,4368838640.0383
2017-02-15 00:00:00,259.37757497330205,264.6295213362041,257.87704490331,263.6648254394531,17210992,4537933201.319824
2017-02-16 00:00:00,262.2715423372014,265.05823301851876,259.19868054308444,260.9853820800781,13326547,3478033960.603119
2017-02-17 00:00:00,260.3423218805532,261.414111927611,254.8760954480807,259.806396484375,12435570,3230840629.929199
2017-02-20 00:00:00,272.8825254338842,279.63491294401535,269.98861903869675,277.4912414550781,39850775,11058241027.696991
2017-02-21 00:00:00,276.52657921762915,277.81273932348824,269.8813781738281,269.8813781738281,28181602,7605689586.906311
2017-02-22 00:00:00,271.0603446534828,274.64237302586946,266.2371684771243,269.559814453125,28530742,7690741519.72998
2017-02-23 00:00:00,268.80958172519166,272.02495153962633,266.0228914388395,267.3090515136719,21760679,5816826463.783478
2017-02-24 00:00:00,262.59307550765715,265.8085366253942,251.87502364510667,255.3047637939453,26613985,6794677154.040604
2017-02-27 00:00:00,255.41195138207067,258.3058269320714,249.51696964751935,250.1601104736328,16997289,4252043693.992264
2017-02-28 00:00:00,249.62415165914885,256.5909077085085,249.62415165914885,254.87606811523438,17062125,4348727333.690643
2017-03-01 00:00:00,257.01971695918587,263.28981730998527,255.8407416429085,261.4141540527344,17806066,4654757680.397156
2017-03-02 00:00:00,267.9521509346462,268.16652111114024,259.32410061625933,262.5931091308594,18283177,4801036293.219818
2017-03-03 00:00:00,261.5213540114777,265.05828016131295,259.05621814232177,264.7367248535156,14943339,3956050625.2358093
2017-03-06 00:00:00,262.91455943338894,264.2221319445608,257.5555501417074,257.87701416015625,9809023,2529521563.0682983
2017-03-07 00:00:00,259.6991948809539,259.6991948809539,254.66175405577619,256.0550842285156,10963602,2807286033.5579224
2017-03-08 00:00:00,256.9124853668815,259.6991758811346,255.30476995553596,257.6628112792969,17810376,4589071550.101318
2017-03-09 00:00:00,257.2340686344898,261.0925799677336,254.66176318042116,259.9136047363281,17951635,4665874163.760834
2017-03-10 00:00:00,261.7356891701871,264.4527354833951,259.3776476014051,262.5931091308594,9921398,2605290747.74469
2017-03-13 00:00:00,263.23621724599025,263.23621724599025,257.55562088500085,258.6274108886719,12166677,3146636171.6287537
2017-03-14 00:00:00,258.7345713860674,259.27040559170734,247.90932025319944,252.08937072753906,17036982,4294842071.47641
2017-03-15 00:00:00,252.19651481917487,255.33264291713823,251.18045851912964,254.01861572265625,10665974,2709355950.813843
2017-03-16 00:00:00,256.48366931450784,257.98419920561224,250.44946105626093,257.87701416015625,15023944,3874329819.6293945
2017-03-17 00:00:00,259.8064383504259,264.62961583000555,259.4570009643896,261.4141540527344,22924357,5992751392.35788
2017-03-20 00:00:00,260.12795268401334,262.0571322541424,255.9478864416124,257.1268615722656,8127967,2089918645.672943
2017-03-21 00:00:00,258.305824389989,261.0925452096353,253.37555394312852,255.3047637939453,12094339,3087742361.6389008
2017-03-22 00:00:00,252.8396202829816,253.81496196604346,248.12362873854573,251.87503051757812,13177268,3319024779.6383057
2017-03-23 00:00:00,253.26837370939168,257.76990394420034,251.01751747404182,257.2340393066406,15918526,4094786742.787781
2017-03-24 00:00:00,258.8417980382748,258.8417980382748,254.44736154213885,256.16229248046875,12084224,3095522522.6875
2017-03-27 00:00:00,254.1257449559711,256.26943101903714,251.33905482234437,255.94784545898438,11208662,2868832889.3779907
2017-03-28 00:00:00,256.80531977238076,260.3423364673859,254.5545544729204,259.5920104980469,11629995,3019053784.1322327
2017-03-29 00:00:00,260.3423039555892,263.5576738753795,257.8770776755535,258.7345886230469,13056767,3378237238.491974
2017-03-30 00:00:00,258.62742135808156,260.4634480057988,254.98318940936855,259.806396484375,8138443,2114419548.8234863
2017-03-31 00:00:00,258.41295145161985,260.77090107117516,257.1267915913822,259.4847412109375,10434851,2707684611.3096924
2017-04-03 00:00:00,259.8063974451174,261.1997427350346,255.30477596382045,257.1268615722656,10979900,2823227227.3773193
2017-04-04 00:00:00,256.5909347099109,258.3058352289383,251.55346379082297,253.3755645751953,11376108,2882427787.168396
2017-04-05 00:00:00,252.83962431709102,258.6274211693719,252.08940469461214,256.6981201171875,11126936,2856263553.864258
2017-04-06 00:00:00,253.16119029826342,255.51914050775108,250.80313378450526,254.7689208984375,9514559,2424013929.2545166
2017-04-07 00:00:00,252.83957590774256,255.9478363039196,251.01747546990444,255.4119110107422,8396016,2144442491.4367676
2017-04-10 00:00:00,254.87610186988383,256.6981267721999,252.51807562626146,256.16229248046875,7338399,1879821110.9763794
2017-04-11 00:00:00,254.0185861587623,256.5909216197493,250.91032533001408,251.33908081054688,8093833,2034296546.454071
2017-04-12 00:00:00,252.51807046059358,254.23298617751706,247.05184400221577,248.01644897460938,14801753,3671078217.6592712
2017-04-13 00:00:00,246.51600201664058,248.37233273116578,242.55021493537603,244.8010711669922,12842865,3143947108.853073
2017-04-18 00:00:00,244.3723132132595,244.4076366008603,237.72711231060052,240.83538818359375,14874691,3582351981.0960083
2017-04-19 00:00:00,242.7645675808985,252.62521362304688,242.3359032646745,252.62521362304688,17796196,4495767816.177612
2017-04-20 00:00:00,251.33909395418556,259.59199576384106,249.51697798115856,256.6981201171875,19273401,4947445804.964722
2017-04-21 00:00:00,257.234054003281,259.05617003644903,254.76893377821767,257.0196838378906,12296271,3160383684.805023
2017-04-24 00:00:00,266.8803185654399,268.4880338894308,261.8428328235427,267.2018737792969,17648971,4715838121.476471
2017-04-25 00:00:00,267.73777177191243,275.13330047048186,266.7731970185965,271.59637451171875,17188696,4668387516.184082
2017-04-26 00:00:00,272.1321072014754,272.1321072014754,267.5790354236564,270.845947265625,12485306,3381594530.4711914
2017-04-27 00:00:00,273.41836929419617,276.4344953507265,269.7742582386243,271.59637451171875,14598151,3964804886.1746216
2017-04-28 00:00:00,278.6701056319686,286.923111527514,272.9359636058846,284.4578857421875,36633558,10420704455.893799
2017-05-02 00:00:00,282.957353645868,286.7087700370586,279.8491994841515,283.6004943847656,15550392,4410098859.076904
2017-05-03 00:00:00,282.8502378949029,284.56516891916425,282.2072184890152,283.922119140625,10386393,2948926710.7873535
2017-05-04 00:00:00,286.28006716648497,286.49446771195005,282.10003103252456,286.1728820800781,15461667,4424709807.152435
2017-05-05 00:00:00,286.9231830637,288.85239296036514,283.03035105945435,288.3165283203125,10532288,3036632711.4296875
2017-05-08 00:00:00,288.42361548041276,288.9595712257772,283.7077151816908,285.7441101074219,11082032,3166625372.0219727
2017-05-09 00:00:00,285.6369239746827,286.81599016293893,282.2071838378906,282.2071838378906,8673969,2447856364.1871643
2017-05-10 00:00:00,281.456811678709,282.850156668268,280.277836802203,281.9927673339844,12299757,3468442513.9655457
2017-05-11 00:00:00,281.88556804213783,283.8148382169006,276.74089819717256,279.5276184082031,20008326,5592879715.114929
2017-05-12 00:00:00,278.7772938928642,280.25644153015116,276.2049741454903,277.2767639160156,6987927,1937589785.0413513
2017-05-15 00:00:00,278.9917268586446,281.34976815209666,278.09142081873443,280.8138427734375,6589226,1850345873.9626465
2017-05-16 00:00:00,280.38513590931814,284.2436476505623,279.63493132640474,282.1000671386719,6913988,1950436478.9959717
2017-05-17 00:00:00,280.492263584621,283.49335465576155,276.0978576150654,277.16973876953125,9115519,2526546019.9786987
2017-05-18 00:00:00,276.6337653987382,283.2789664692076,276.4193952560191,282.3143615722656,16214490,4577583392.569885
2017-05-19 00:00:00,282.42155267978455,286.815988836213,281.02820746762455,281.7784118652344,8663301,2441131197.290497
2017-05-22 00:00:00,281.67123095831687,283.7077170151525,279.2060957184816,280.38507080078125,5694767,1596727648.4889526
2017-05-23 00:00:00,279.9564531461732,287.13748952392746,278.93064721284685,283.922119140625,9740181,2765452830.333252
2017-05-24 00:00:00,284.45798268786587,290.4601349443617,283.72916054429083,286.6016540527344,10339510,2963320668.0947876
2017-05-25 00:00:00,287.35187016112127,287.99501108103215,283.92212947832667,285.1011047363281,7111962,2027628223.0427856
2017-05-26 00:00:00,285.3154627710442,285.3154627710442,277.4526827421785,280.38507080078125,9252650,2594304925.3448486
2017-05-30 00:00:00,279.0989232968403,281.6712437285336,277.1697437183693,279.31329345703125,8294359,2316724729.4049683
2017-05-31 00:00:00,280.4921900868158,284.45788507715645,278.1342404752716,278.67010498046875,12090824,3369351193.380371
2017-06-01 00:00:00,279.2061421990441,279.8492831301744,273.5255448744018,277.4912414550781,11276855,3129228493.658905
2017-06-02 00:00:00,281.0282031383592,283.0645980157554,275.8728107464626,276.955322265625,7979002,2209827070.2680664
2017-06-05 00:00:00,277.5984288523746,279.42054507719774,277.0625945004888,278.3487548828125,5587775,1555350213.8153076
2017-06-06 00:00:00,277.4911602665745,277.67130041989185,269.66698486015576,269.774169921875,11752003,3170386854.244385
2017-06-07 00:00:00,270.095809985657,277.27684609826616,270.095809985657,273.4183349609375,10888068,2976997423.501465
2017-06-08 00:00:00,272.23941820311916,276.7410408064464,271.38202847030675,275.66925048828125,12622840,3479728841.833496
2017-06-09 00:00:00,273.311123135827,273.4054909514639,263.66486142265614,268.91668701171875,28329744,7618340900.370117
2017-06-12 00:00:00,266.4515499453635,270.63161589423686,265.16538982539356,268.0592956542969,10951094,2935542544.2839966
2017-06-13 00:00:00,270.0958100625195,276.52661133881327,269.13111393944934,270.3100891113281,11177103,3021283707.936493
2017-06-14 00:00:00,270.41726042010544,271.5127107474916,267.73772459004863,267.84490966796875,8391813,2247704394.935486
2017-06-15 00:00:00,267.73769867748206,274.11926494472704,265.48696412223734,269.559814453125,12867083,3468448506.032959
2017-06-16 00:00:00,271.1675708467419,273.24685213096393,266.2372088550904,267.63055419921875,18103612,4845079712.567627
2017-06-19 00:00:00,269.0238701853035,272.1857842534411,268.0592956542969,268.0592956542969,5491384,1472016527.2072754
2017-06-20 00:00:00,269.02384960005605,270.7666319652579,266.02288041926533,266.1299743652344,556859,148196871.39505005
2017-06-21 00:00:00,266.1299935962672,266.29081676271153,263.0218087543248,264.5223693847656,473440,125235470.56152344
2017-06-22 00:00:00,264.5223693847656,265.48697428431365,262.2715132527808,264.5223693847656,888411,235004582.707489
2017-06-23 00:00:00,264.2007805698056,265.0582003872306,261.8428305129167,263.2362060546875,2710032,713378541.9667969
2017-06-26 00:00:00,263.5576713254418,270.0957784095046,263.6648563962605,268.3208312988281,1801043,483257354.9649353
2017-06-27 00:00:00,267.6305120908625,269.9885531908532,265.70133274920704,269.31646728515625,4869548,1311449464.635498
2017-06-28 00:00:00,269.55985427296923,271.38197031777827,267.6305531447802,270.3100891113281,4139382,1118916717.2858276
2017-06-29 00:00:00,271.9177836250786,274.59728901212225,270.6316234691095,271.06036376953125,2623681,711175926.2752075
2017-06-30 00:00:00,270.41727649501127,271.16757208505345,264.4152155011809,264.9510498046875,1082400,286783016.30859375
2017-07-03 00:00:00,266.0228706207482,274.4900651402407,265.37972988836987,273.8470458984375,11241602,3078479498.865967
2017-07-04 00:00:00,271.81059885440607,277.2768250823692,271.81059885440607,274.16864013671875,8260480,2264764568.4765625
2017-07-05 00:00:00,274.2757714756389,275.88339542581383,272.5908187784936,274.0614013671875,9554655,2618562138.880005
2017-07-06 00:00:00,275.6691738847267,280.063519042625,271.0785910448579,278.5630798339844,13935624,3881950340.8483887
2017-07-07 00:00:00,278.3486448044652,279.74198972973295,276.2049741454903,277.2767639160156,7088574,1965496859.4992065
2017-07-10 00:00:00,278.6701561566507,278.6701561566507,273.7398859279547,274.8116455078125,6964515,1913929827.3138428
2017-07-11 00:00:00,275.7763342955763,276.20501381819014,272.39907832012517,274.9188537597656,7122091,1957997094.092743
2017-07-12 00:00:00,276.0978302196421,284.56511645670264,268.9166736752006,269.559814453125,21467279,5786715744.053467
2017-07-13 00:00:00,270.310026139253,276.097806684883,269.66697653408045,275.2403869628906,11054338,3042600268.7385864
2017-07-14 00:00:00,275.24046717890167,276.2050722404281,269.4526849464819,270.52447509765625,9571914,2589437010.529907
2017-07-17 00:00:00,270.3101229773596,272.1322088777997,267.95217233818414,271.59637451171875,5233989,1421532436.6342163
2017-07-18 00:00:00,270.84598795058884,272.66810381659684,267.52334180980654,268.91668701171875,5887479,1583241347.531067
2017-07-19 00:00:00,269.66700227893864,269.66700227893864,266.23717120030983,267.7377014160156,11211551,3001754894.0484314
2017-07-20 00:00:00,268.27370176844073,281.13542618321975,266.4494899580482,267.0947265625,13296548,3551437852.2851562
2017-07-21 00:00:00,266.6659337599744,266.9875193654235,263.1290388077119,264.3080139160156,11345939,2998822603.1022644
2017-07-24 00:00:00,263.6648938262692,265.3797944575237,260.98538816600376,263.5577087402344,8838913,2329563658.0342712
2017-07-25 00:00:00,264.7366299011233,270.5244107569958,263.6648400048601,269.2382507324219,9055259,2438022093.08902
2017-07-26 00:00:00,268.38084151966416,271.91776654002416,267.3090515812483,270.417236328125,7719467,2087476932.066162
2017-07-27 00:00:00,268.27369939198337,271.06039012508603,267.41627945306794,269.3454895019531,7766696,2091924535.9328613
2017-07-28 00:00:00,267.30905975705485,270.6316147422955,264.50305238120404,264.5223693847656,8589346,2272074155.385559
2017-07-31 00:00:00,264.30798860247296,267.41623406459564,262.9146130997678,266.4515380859375,9122535,2430713481.992798
2017-08-01 00:00:00,267.9521044258935,271.5963056758075,266.5351597194684,268.59521484375,7793660,2093339782.1191406
2017-08-02 00:00:00,269.23827260295246,270.5244327320026,266.3443667536185,268.91668701171875,6587067,1771372234.7642212
2017-08-03 00:00:00,264.7366579369103,276.63377610103385,264.7366579369103,274.5972900390625,17002061,4668719875.678833
2017-08-04 00:00:00,278.6701696262625,288.3165226462341,277.91993484683456,279.9564208984375,28973064,8111195299.901367
2017-08-07 00:00:00,279.634812820965,283.4932925543826,277.7055122089716,280.27783203125,11838625,3318104149.230957
2017-08-08 00:00:00,279.8491994841515,283.81486450685014,279.74201442310925,283.6004943847656,9126358,2588239640.732361
2017-08-09 00:00:00,282.957423225171,283.06463868522167,276.63380679514034,277.7055969238281,9783781,2717010742.777008
2017-08-10 00:00:00,277.1697069153955,282.4215321615331,275.77633143181816,276.7409362792969,10309888,2853168058.0546875
2017-08-11 00:00:00,276.63374055564316,277.0625111752227,271.5533994615576,275.56195068359375,13308645,3667356177.1554565
2017-08-14 00:00:00,276.63374004530635,281.2960927999377,275.7763202983063,278.2414855957031,10500229,2921599316.055084
2017-08-15 00:00:00,280.3850218587295,284.6722722565759,277.49114682308493,281.9927673339844,7871048,2219578607.338623
2017-08-16 00:00:00,283.06455917863565,285.6368790630997,281.349719752517,282.85015869140625,9536115,2697291641.0494995
2017-08-17 00:00:00,281.67121379283805,281.8856143028923,274.1686234553158,276.6337585449219,10241569,2833163725.867157
2017-08-18 00:00:00,275.3475813316658,276.09781602061605,271.27473121023473,275.9906005859375,9206945,2541030280.1116943
2017-08-21 00:00:00,274.5972414803918,275.13319713579517,271.810551500608,273.52545166015625,7357003,2012327568.4401245
2017-08-22 00:00:00,274.7044539033636,275.6691498810798,271.1675289206476,272.23931884765625,6651014,1810667521.0062256
2017-08-23 00:00:00,272.88243502721326,275.240384803155,271.48909002410477,274.3829650878906,9025638,2476481316.249939
2017-08-24 00:00:00,274.8116521149355,276.24253790235355,272.02496172424964,274.27581787109375,7285778,1998312719.7772217
2017-08-25 00:00:00,274.49010424445083,275.99063455231146,273.9542699862678,274.16864013671875,6025702,1652058523.2091064
2017-08-29 00:00:00,272.6681117014541,273.0967608873555,267.73771969781376,268.8096008300781,7439507,1999810907.042572
2017-08-30 00:00:00,270.73879637004273,271.274752094118,266.3443603515625,266.3443603515625,10426371,2777005114.783081
2017-08-31 00:00:00,267.52335995538925,269.98858642578125,266.4515698993659,269.98858642578125,10153320,2741280514.3286133
2017-09-01 00:00:00,271.38195671984244,271.73345938569736,268.80960596556537,270.95318603515625,5024097,1361295089.0996704
2017-09-04 00:00:00,270.8459626082581,270.8459626082581,266.8802975193023,267.95208740234375,5403049,1447758257.887146
2017-09-05 00:00:00,267.84483656675195,268.59516228006015,265.5941024079523,266.23712158203125,7039143,1874081170.7243042
2017-09-06 00:00:00,265.2725519724753,266.4773132937293,261.73562713454476,262.164306640625,7737373,2028463027.7648926
2017-09-07 00:00:00,262.05712811778005,263.5823514271938,257.98427739194716,258.5202331542969,14977634,3872021433.779724
2017-09-08 00:00:00,258.94898150492986,262.37872186959544,256.80531025222683,261.949951171875,8298807,2173872088.4348145
2017-09-11 00:00:00,263.2362162514064,264.09360572939653,259.23829497901414,261.3069152832031,9695025,2533377076.3435364
2017-09-12 00:00:00,262.80746840932113,268.05932490707835,260.55661202212406,267.63055419921875,10678701,2857946666.7577515
2017-09-13 00:00:00,266.34434048975663,270.09575692471253,266.34434048975663,267.5233154296875,10946753,2928511655.749878
2017-09-14 00:00:00,266.88029935432127,273.45044913651066,264.30797931921927,271.4891052246094,20063213,5446943745.300751
2017-09-15 00:00:00,270.52440460862124,270.9531448554983,267.4805189426023,269.774169921875,20502515,5531048965.435791
2017-09-18 00:00:00,271.7034134748677,272.02496870018405,269.45264838824585,271.06036376953125,13505581,3660827698.7788696
2017-09-19 00:00:00,270.6315852176959,274.70443526015225,270.36366812677215,273.8470458984375,12847548,3518263066.838379
2017-09-20 00:00:00,272.2393325932632,274.8116528460794,271.38194313007017,274.7044677734375,8835572,2427171103.7338867
2017-09-21 00:00:00,275.4547598414041,281.45681944610004,273.70979071771353,279.2060546875,15185705,4239940780.698242
2017-09-22 00:00:00,280.7065747651468,281.5639639997478,278.34862528627724,281.13531494140625,10000304,2811438614.5498047
2017-09-25 00:00:00,278.6701545912587,281.5640299684698,278.45587557084264,280.1706848144531,10414507,2917839558.194916
2017-09-26 00:00:00,278.884556231848,281.4568766920902,278.4559070246573,280.5994567871094,7278759,2042415821.4842834
2017-09-27 00:00:00,284.77956130380727,291.31757878557545,283.27903070978476,290.24578857421875,17832323,5175756651.245178
2017-09-28 00:00:00,285.1010754978872,290.5673019804265,279.84924954843217,285.52984619140625,16974209,4846643284.990784
2017-09-29 00:00:00,286.9231733043507,289.60267864936554,283.70771221956716,287.5661926269531,10710310,3079923068.5543823
2017-10-02 00:00:00,286.92318796055343,288.852397890144,285.6369366411128,287.3518371582031,14164193,4070106880.4133606
2017-10-03 00:00:00,287.78054168744933,291.31746624211337,287.1374009892586,290.9960021972656,6837130,1989577496.5029907
2017-10-04 00:00:00,290.88886232819294,293.88995350902076,289.70988717040177,290.78167724609375,10165516,2955945792.552002
2017-10-05 00:00:00,293.2467213954249,295.92625649617537,291.2863800519081,293.8898620605469,11129856,3270951844.59375
2017-10-06 00:00:00,295.39038863729235,295.9263444128945,290.6744880725077,292.175048828125,8288347,2421648189.4294434
2017-10-09 00:00:00,290.9960419734652,293.35399199888235,290.13853104954524,291.7462463378906,7714595,2250704133.2670593
2017-10-10 00:00:00,296.0334434327642,298.6057631285312,293.78267888528853,297.4267883300781,13872781,4126136698.0365295
2017-10-11 00:00:00,297.6411908228336,299.03453587179274,293.0323850589282,295.1760559082031,15646226,4618391280.528381
2017-10-12 00:00:00,294.3185111376126,297.10523128711,293.6754919630531,293.8898620605469,10635064,3125537491.965088
2017-10-13 00:00:00,293.2467090690727,295.6046585518277,290.99597500319857,294.9616394042969,9513427,2806096024.273102
2017-10-16 00:00:00,296.4622815087537,296.4622815087537,292.00357636528895,293.78277587890625,7190049,2112312553.925354
2017-10-17 00:00:00,293.139625266807,297.1053214101818,292.71088494176655,293.0324401855469,8226962,2410766750.173767
2017-10-18 00:00:00,293.67555134895656,300.10635184777493,291.85343552443896,299.24896240234375,9761024,2920976303.984375
2017-10-19 00:00:00,297.855581478058,301.4996915706668,296.4622363330469,300.2135314941406,22536759,6765840007.822357
2017-10-20 00:00:00,301.82126782967663,306.7515378465837,301.01201906896995,302.57147216796875,14280334,4320821681.430298
2017-10-23 00:00:00,302.3571249857954,302.4643100591059,297.9628103338928,299.5704345703125,10633469,3185472929.3199463
2017-10-24 00:00:00,298.9273661952396,301.92845694244755,297.7483912077954,301.1781311035156,10341648,3114678217.17041
2017-10-25 00:00:00,300.9637662282424,302.89306708832413,299.0345564860993,300.2135314941406,12898197,3872213271.27713
2017-10-26 00:00:00,299.89197104945913,301.2981637992515,297.2124658747338,301.1781311035156,20681190,6228722153.196716
2017-10-27 00:00:00,307.1802959474028,311.3603618687835,300.3528893648142,306.3229064941406,32696986,10015835785.118225
2017-10-30 00:00:00,306.1085317960346,309.5382414212797,303.9648607725741,304.60797119140625,12218342,3721804367.942749
2017-10-31 00:00:00,303.3218140260734,305.1438387397605,302.25002406297034,302.785888671875,9744696,2950556438.1972656
2017-11-01 00:00:00,303.85768436621225,305.46543024719034,302.6787091921856,304.9295959472656,10834638,3303801787.57489
2017-11-02 00:00:00,303.964884968304,304.8223655950026,297.9628243079037,302.0356750488281,16657095,5031036932.67746
2017-11-03 00:00:00,302.03566624986644,302.03566624986644,297.2124897284414,298.6058349609375,10799334,3224744146.092041
2017-11-06 00:00:00,298.28427655220264,298.28427655220264,295.2832767141019,297.3196716308594,7332167,2179997484.7826233
2017-11-07 00:00:00,298.7130296054277,300.3207754125056,295.60475344256946,296.2478942871094,9690782,2870873761.4954224
2017-11-08 00:00:00,295.0689325461126,295.8191673853704,293.0324463321037,295.6047668457031,8997052,2659571458.758667
2017-11-09 00:00:00,294.74731845080584,297.4268235129643,292.067783016003,293.3539733886719,9345698,2741597642.390564
2017-11-10 00:00:00,293.3540385794274,295.71195860660316,293.0324529489901,295.0689392089844,7108589,2097523815.502655
2017-11-13 00:00:00,295.28329226036243,296.0227751551768,292.23931496536954,294.42578125,7707580,2269310263.046875
2017-11-14 00:00:00,294.96172245959605,296.9981173830345,293.0324214926365,294.6401672363281,6519300,1920847642.263794
2017-11-15 00:00:00,293.7827473862429,294.8545373851734,290.9960569418459,294.6401672363281,8354785,2461655249.6235657
2017-11-16 00:00:00,295.7119322145992,295.8191476636101,292.1750373031744,293.6755676269531,8575652,2518459468.871216
2017-11-17 00:00:00,291.85342212677807,294.8545128428715,291.63905199577596,294.10418701171875,6991468,2056220012.1584473
2017-11-20 00:00:00,292.6037156496117,296.1407324041056,292.3894365934783,293.246826171875,6562732,1924500330.0166016
2017-11-21 00:00:00,292.8179626464844,295.9262377452714,291.85335801416426,292.8179626464844,7742121,2267032097.7825623
2017-11-22 00:00:00,292.28224862583477,293.88996417034525,288.74520153354877,288.8524169921875,15031835,4341981871.577759
2017-11-23 00:00:00,287.4589732153631,290.4600637948055,286.6015838483309,288.95953369140625,5801895,1676512873.7265015
2017-11-24 00:00:00,288.31657834283834,292.4966452105603,287.78065286450607,290.24578857421875,7083411,2055930211.4902954
2017-11-27 00:00:00,289.2811449026396,291.5319101210335,286.8160095214844,286.8160095214844,11195055,3210921001.4735413
2017-11-28 00:00:00,286.9232037793207,291.4247343600777,285.5298584221098,290.67449951171875,14661292,4261663714.295166
2017-11-29 00:00:00,291.85344177170134,302.78589397164717,291.85344177170134,301.8212890625,23541162,7105223860.869141
2017-11-30 00:00:00,300.6423467006688,304.2864573333924,295.8191697672091,296.4622802734375,18259179,5413157842.260864
2017-12-01 00:00:00,296.24790066233794,296.24790066233794,289.28114375410547,289.4955139160156,12769889,3696825578.705475
2017-12-04 00:00:00,295.8190714474285,296.6765518374036,291.6390064095027,293.8898620605469,9295959,2731988108.2304993
2017-12-05 00:00:00,294.53288123510634,294.53288123510634,290.7815867648088,293.8898620605469,14522444,4267999063.9420166
2017-12-06 00:00:00,292.1750464392502,296.35508231220496,289.0667702454886,294.42578125,13933271,4102314199.5429688
2017-12-07 00:00:00,293.78276316615677,295.60475766596664,292.60369691152886,294.85455322265625,18272468,5387720388.415283
2017-12-08 00:00:00,296.6766012869636,301.92845694244755,296.56941622035123,301.1781311035156,17143490,5163244278.791809
2017-12-11 00:00:00,302.03560325413576,303.10739303744367,299.89193256959464,300.85662841796875,12565536,3780424795.2246094
2017-12-12 00:00:00,300.6423346843179,301.1781689668061,299.03458885565743,301.07098388671875,9717120,2925542878.9453125
2017-12-13 00:00:00,300.42796452414325,302.89309987555396,300.10637891123173,301.07098388671875,8897021,2678634866.1307983
2017-12-14 00:00:00,300.32075635484625,301.28533088352555,296.9981102455385,297.8555908203125,7874874,2345575247.9055176
2017-12-15 00:00:00,298.28423521131583,298.28423521131583,293.67552064619355,296.1406555175781,13408319,3970748378.0487976
2017-12-18 00:00:00,296.6765820323121,297.7483718835836,294.21135603287047,296.56939697265625,10059349,2983295066.8674927
2017-12-19 00:00:00,295.819118269938,297.53401857604297,294.96169848953093,297.21246337890625,7581691,2253373058.687683
2017-12-20 00:00:00,297.10531712490507,298.28429225646175,292.92525087930096,294.42578125,9106943,2681318807.5742188
2017-12-21 00:00:00,293.3539811757563,296.99809114834386,291.85342063903613,296.35504150390625,6978869,2068223012.1453247
2017-12-22 00:00:00,295.0689325461126,295.7119519292115,292.9252612485953,295.6047668457031,2254744,666513074.416748
2017-12-27 00:00:00,296.35509280291234,296.7837420189945,294.64019221207906,295.6047668457031,5007214,1480156327.0165405
2017-12-28 00:00:00,296.4622791542264,297.3196990806593,295.1761188919265,296.0335388183594,3479532,1030058171.3917236
2017-12-29 00:00:00,296.1406832675022,299.356144227345,294.8545231816822,297.9627990722656,3481073,1037230254.8548889
2018-01-02 00:00:00,297.10527831319405,299.7847834654183,295.92630333565023,297.21246337890625,6379825,1896163504.1763306
2018-01-03 00:00:00,296.890888339634,298.6058190792118,295.28326416015625,295.28326416015625,9898966,2922998992.2904053
2018-01-04 00:00:00,296.1406832675022,299.4633292966044,295.39035741003994,297.9627990722656,11219873,3343104764.315338
2018-01-05 00:00:00,297.9627711515998,299.3561161761155,295.9262853991469,296.1406555175781,9216364,2729340076.4486084
2018-01-08 00:00:00,296.35503231244434,299.5704019254884,295.60470650838784,298.7129821777344,11262991,3364401629.8509827
2018-01-09 00:00:00,295.8191272269341,301.49969290051905,294.42575170313086,300.6423034667969,9884096,2971577389.126953
2018-01-10 00:00:00,306.0013409777374,314.68302860412683,303.9648852328538,314.4686584472656,25714391,8086370040.558441
2018-01-11 00:00:00,314.0399115431918,318.86311894723565,310.395800836476,318.11279296875,13896774,4420741590.395508
2018-01-12 00:00:00,318.3271174474307,324.7579179906707,317.7911617189746,324.1148986816406,21145481,6853565431.889557
2018-01-15 00:00:00,323.25737389118046,323.686144530106,319.93481906338565,321.6497497558594,16669350,5361692256.092834
2018-01-16 00:00:00,315.1116541396367,321.3282059859462,312.6465190114242,320.14923095703125,17120185,5481014061.592102
2018-01-17 00:00:00,318.4343739806019,320.1493051314035,314.4687076935341,315.96923828125,11410455,3605352774.7924805
2018-01-18 00:00:00,316.71935038502147,319.1844851284434,315.2187900065391,318.64862060546875,7008702,2233313224.53479
2018-01-19 00:00:00,317.4696457605836,319.7204103967021,315.9691157547433,318.64862060546875,10144754,3232611868.4818115
2018-01-22 00:00:00,317.7911231926621,319.6132388088683,315.96912906702903,318.0055236816406,13829434,4397836401.390686
2018-01-23 00:00:00,320.0420614234635,321.6497768119572,316.8266002738278,317.2553405761719,13604083,4315967985.39151
2018-01-24 00:00:00,316.61219646558607,319.61328743291745,316.5050113911119,319.0773620605469,10912642,3481977022.4711304
2018-01-25 00:00:00,318.6487014125557,321.0066517002856,317.3625411878576,320.5779113769531,9336638,2993119909.322693
2018-01-26 00:00:00,320.4707251702124,326.044136745406,320.14926104679154,323.2574157714844,15355357,4963733022.068573
2018-01-29 00:00:00,323.9004765613135,324.5435868850812,320.89938616832393,321.75689697265625,9784969,3148381262.4136353
2018-01-30 00:00:00,318.86310642354584,319.61331088196107,312.43218371916964,312.9681091308594,20119085,6296631989.893036
2018-01-31 00:00:00,312.86087380165003,312.86087380165003,308.1448827994404,308.3592529296875,16251568,5011321367.416016
2018-02-01 00:00:00,311.4675267207609,312.5393166198939,305.78693091383366,307.5018615722656,9224263,2836478044.1321716
2018-02-02 00:00:00,306.96595820371385,309.0024444026181,304.71519295733356,307.1803283691406,9484485,2913447216.7121887
2018-02-05 00:00:00,304.2864168487228,304.9295576420334,300.85667684106176,301.928466796875,9422622,2844957813.666504
2018-02-06 00:00:00,292.0677922577802,301.2853130464811,290.67444715155716,294.10418701171875,27533402,8097688810.876831
2018-02-07 00:00:00,296.99805763296484,303.6433183017394,292.9251774875262,300.85662841796875,20185912,6073065425.861816
2018-02-08 00:00:00,299.99914825252097,309.002389885507,296.35503831909523,303.96484375,23073465,7013522183.496094
2018-02-09 00:00:00,303.2146062973869,303.9648409919093,293.13957486308067,294.21136474609375,22497611,6619052835.836731
2018-02-12 00:00:00,297.21245470101763,302.8930504093886,294.85450481477653,296.890869140625,18991373,5638365236.143799
2018-02-13 00:00:00,298.06991456938147,298.82011876115376,294.9616394042969,294.9616394042969,11544605,3405215617.0750427
2018-02-14 00:00:00,296.6766229050624,297.85559797841563,293.7827473862429,294.6401672363281,13452336,3963598528.7592773
2018-02-15 00:00:00,298.4986637128741,300.5351498636418,292.3894178691178,294.85455322265625,18003964,5308550761.456787
2018-02-16 00:00:00,296.0334756516825,296.5694009571623,293.4611556759561,295.1760559082031,13035238,3847690140.664734
2018-02-19 00:00:00,295.8191209812211,296.9980959695706,294.6401459928716,295.3903503417969,10517290,3106705977.746277
2018-02-20 00:00:00,296.7837168615414,296.890901935964,293.3540070885523,294.6401672363281,12733441,3751783185.733917
2018-02-21 00:00:00,299.35615766556026,299.35615766556026,293.032420531259,297.3196716308594,16979166,5048240059.685852
2018-02-22 00:00:00,299.6776191351383,302.67867969215007,297.426854090027,302.2500305175781,23530808,7112187436.1032715
2018-02-23 00:00:00,291.53188118979955,293.67555223202737,287.67340087890625,287.67340087890625,30934852,8899134080.525635
2018-02-26 00:00:00,290.0313730127378,291.42471829313024,286.92318796055343,287.3518371582031,17800010,5114865574.934387
2018-02-27 00:00:00,289.1738753487524,290.88877540459197,287.3517598702017,289.81689453125,16753127,4855339240.827637
2018-02-28 00:00:00,288.6379045508871,289.7097853678759,286.38717048095026,286.923095703125,25388199,7284460651.406982
2018-03-01 00:00:00,285.1010046236062,286.3871948938265,282.31431472130583,284.7794494628906,22582057,6430905760.1996155
2018-03-02 00:00:00,281.8856517432771,282.95741145473033,272.56094437191507,276.0978698730469,21992240,6072010617.736816
2018-03-05 00:00:00,276.2050351024664,281.24258177531726,275.4548003211108,280.38507080078125,27876312,7816101713.784668
2018-03-06 00:00:00,282.9573792733697,283.70770514126673,278.77734375,278.77734375,15532025,4329976672.558594
2018-03-07 00:00:00,278.02713451296484,281.0282256514175,276.6337892106491,279.7420654296875,11422113,3195245482.191284
2018-03-08 00:00:00,279.4204849767345,283.4933354356159,278.56306515470976,281.8856201171875,22235683,6267919291.184204
2018-03-09 00:00:00,281.9928324711654,282.6359429588758,277.70558108301196,280.5994567871094,14118622,3961677663.7825317
2018-03-12 00:00:00,280.38508858705654,282.52875985511236,279.95643937686555,281.4568786621094,13186688,3711484044.3710938
2018-03-13 00:00:00,281.13538285579244,283.8148881141496,277.7055517350845,277.919921875,12575384,3494949738.828125
2018-03-14 00:00:00,277.0625280084575,278.45587315036255,275.77633756215226,276.20501708984375,15903305,4392572629.309998
2018-03-15 00:00:00,279.84920207387785,280.17066614204714,272.8824463954581,275.9906005859375,17995506,4966590508.787842
2018-03-16 00:00:00,276.2050476248606,281.13540944600476,275.77636804977766,279.31329345703125,22228530,6208723923.008423
2018-03-19 00:00:00,279.74207157507004,281.4568810388651,275.3476350377646,276.0978698730469,12652702,3493384070.33844
2018-03-20 00:00:00,277.49120800024,283.922100201119,276.5266030241252,282.42156982421875,15988882,4515605154.174194
2018-03-21 00:00:00,283.0645845023102,283.0645845023102,278.3486845406585,280.7066345214844,18376572,5158425680.161743
2018-03-22 00:00:00,277.91990389863076,279.9563897234576,273.95423880258045,276.8481140136719,15974096,4422398350.67334
2018-03-23 00:00:00,274.9188102310231,275.2403653810393,270.73874514401734,272.8824157714844,13352479,3643656726.058014
2018-03-26 00:00:00,277.0625305175781,280.2778699855522,275.5619699211917,277.0625305175781,15902126,4405883270.169373
2018-03-27 00:00:00,280.1707207888808,280.8138616591736,274.91889470600296,276.0978698730469,10844042,2994016897.013855
2018-03-28 00:00:00,273.52547215933333,275.88342208962354,271.59629286002837,275.45477294921875,10809034,2977400006.2703857
2018-03-29 00:00:00,276.63376792447417,280.1706930757505,276.20502763512144,277.3840026855469,13797254,3827137540.5891724
2018-04-03 00:00:00,274.4900521628861,278.2414683386907,274.4900521628861,277.59832763671875,9182009,2548910342.7453003
2018-04-04 00:00:00,277.38397601973696,277.38397601973696,272.4537061473215,275.9906005859375,13434909,3707908603.727417
2018-04-05 00:00:00,280.06349567750624,281.56402587890625,276.20501547903143,281.56402587890625,18341552,5164321221.987305
2018-04-06 00:00:00,280.17071463408166,281.242595812589,278.77736933176595,279.7420654296875,9016823,2522384689.633911
2018-04-09 00:00:00,281.77840010682513,282.6359110328928,277.598364644775,280.1706848144531,8440502,2364781225.517761
2018-04-10 00:00:00,281.02820746762455,283.3861575973429,278.34870211695494,281.7784118652344,10585673,2982814126.464691
2018-04-11 00:00:00,280.81390668247553,284.0293685682767,280.81390668247553,282.1000671386719,9625208,2715271823.0236816
2018-04-12 00:00:00,281.8856778385111,284.77955385519823,281.8856778385111,283.707763671875,12190053,3458412675.671631
2018-04-13 00:00:00,283.9220349090239,286.708755234312,282.95733903680673,283.8148498535156,12227404,3470318830.3582764
2018-04-16 00:00:00,283.7077128182941,284.67231773585246,281.671226791584,281.7784118652344,27724624,7812200520.280762
2018-04-17 00:00:00,282.528730091735,287.78058594965,281.778404223882,287.67340087890625,20114013,5786266525.032532
2018-04-18 00:00:00,287.9949406726406,291.31749545193435,286.81596570287246,290.5672607421875,19107163,5551916013.464478
2018-04-19 00:00:00,290.56727132518205,291.7462463378906,288.5307853885535,291.7462463378906,10552234,3078574659.979065
2018-04-20 00:00:00,292.0677466044903,294.85446675398765,290.3528465698212,293.8898620605469,13535980,3978087295.0543213
2018-04-23 00:00:00,293.7827043511519,296.3550242698944,293.6755192924304,295.7118835449219,10619651,3140356999.799713
2018-04-24 00:00:00,296.9980959695706,297.21246610295987,294.31856042014203,295.3903503417969,11211965,3311906269.3699646
2018-04-25 00:00:00,293.8899585793583,295.39039789138326,290.03138667516674,292.9252624511719,10302806,3017952151.5335083
2018-04-26 00:00:00,293.35397725980613,296.14066742084754,291.9606018066406,291.9606018066406,12045609,3516843252.7674866
2018-04-27 00:00:00,292.60367115194316,293.0324114349181,283.38614991239115,287.67340087890625,22032062,6338038203.914917
2018-04-30 00:00:00,289.06670533700304,290.2456802038268,283.4932950518955,289.6026306152344,10384775,3007458158.3473206
2018-05-01 00:00:00,287.56617405286414,290.03133946445155,286.92315477179477,289.1739196777344,5570251,1610771315.2588196
2018-05-02 00:00:00,289.8169236361421,292.49655015699636,289.38827451073763,292.0677795410156,14784780,4318157865.602417
2018-05-03 00:00:00,291.1032554736193,293.3540206499532,287.7806091308594,287.7806091308594,9486077,2729909017.322235
2018-05-04 00:00:00,288.31650636867414,292.1750169861738,287.56618051366337,291.7462463378906,13178660,3844824586.7633057
2018-05-08 00:00:00,292.0677280980748,294.9616331129513,290.56719825597827,292.8179626464844,12926966,3785247847.3203735
2018-05-09 00:00:00,292.38940530831167,295.92633056640625,292.38940530831167,295.92633056640625,13967418,4133326756.227173
2018-05-10 00:00:00,312.9680555096538,315.43319049047153,303.2146095324222,307.0730895996094,86692290,26620869334.76532
2018-05-11 00:00:00,310.61012647320507,316.719402176596,308.6808559372736,315.2188415527344,30844046,9722624448.91925
2018-05-14 00:00:00,314.6829967351309,316.0763418683222,313.82548582187997,314.03985595703125,27643020,8681010019.017334
2018-05-15 00:00:00,314.6830054069005,316.29062960160667,314.14704968160703,314.3614501953125,32455299,10202694860.162476
2018-05-16 00:00:00,315.3260041310742,316.6121641481862,310.8243833258929,312.43212890625,28578948,8928981565.541016
2018-05-17 00:00:00,313.9326827520245,316.18353888351976,312.43215249455716,315.6476135253906,17700570,5587142678.539124
2018-05-18 00:00:00,315.2188924460524,315.7548482611275,309.5382953649297,310.9316711425781,34478374,10720418446.098816
2018-05-21 00:00:00,312.00344462707733,315.11159851094254,311.14593384275184,313.39678955078125,21982381,6889207632.082092
2018-05-22 00:00:00,314.03987942653623,318.7558708890796,314.03987942653623,317.2553405761719,22714935,7206434439.590607
2018-05-23 00:00:00,316.93375035692065,317.46967567567947,313.5039194347989,315.5404052734375,25318256,7988932759.056641
2018-05-24 00:00:00,315.540408705104,316.82656873882314,310.18136806774766,311.0387878417969,22202713,6905904938.319305
2018-05-25 00:00:00,312.3249543382177,312.8608796738945,308.35925871743876,310.5029296875,25671652,7971123155.917969
2018-05-29 00:00:00,308.6808243321287,308.6808243321287,296.89086255397666,300.1063232421875,44594172,13382992996.949707
2018-05-30 00:00:00,301.9284821900839,301.9284821900839,294.21139972985014,295.92633056640625,45258842,13393283038.744751
2018-05-31 00:00:00,296.783732802646,299.8920090099131,291.5319068550294,294.85455322265625,35316270,10413163012.340698
2018-06-01 00:00:00,297.21252975155704,303.1074970736595,296.3551097796734,299.356201171875,23613693,7068905432.1188965
2018-06-04 00:00:00,300.5351496042306,301.92849490006694,299.46335954865623,301.07098388671875,16373838,4929687516.661743
2018-06-05 00:00:00,289.9241908595435,291.5319368550364,285.1011047363281,285.1011047363281,150532416,42916958100.228516
2018-06-06 00:00:00,285.8513359478134,290.4601429472074,281.77845439756544,290.0314025878906,95769060,27776034796.323853
2018-06-07 00:00:00,290.4600343812883,294.6400994589729,288.10208477699143,289.38824462890625,300373719,86924623274.06635
2018-06-08 00:00:00,286.06568357917007,288.7451891230865,284.99389351066344,286.8160095214844,46937392,13462395470.785645
2018-06-11 00:00:00,289.3883031805996,290.352908078383,286.60161281340845,288.5307922363281,47360536,13664972972.817139
2018-06-12 00:00:00,290.0313044794177,290.0313044794177,283.60047461888416,284.7794494628906,84073405,23942377990.370636
2018-06-13 00:00:00,284.2435829609666,285.2082790152014,280.2778870221301,280.8138427734375,37516014,10535016056.88208
2018-06-14 00:00:00,280.5993859202115,283.60047632030216,278.4558366991244,282.5286865234375,48910840,13818715381.958008
2018-06-15 00:00:00,281.8856672980436,283.60056797441973,272.77532958984375,272.77532958984375,93331016,25458398650.35498
2018-06-18 00:00:00,272.0250035952067,276.9553658192771,270.2030089479315,272.77532958984375,26041420,7103456923.487549
2018-06-19 00:00:00,270.7387912178234,277.16971307670343,269.13107593942647,276.20501708984375,31542000,8712058649.047852
2018-06-20 00:00:00,278.6701373817409,279.52764825485224,275.6691378659744,276.41937255859375,17516605,4841928963.456726
2018-06-21 00:00:00,277.9199769481352,281.1354385661095,273.52554007229105,275.34765625,19626231,5404036706.871094
2018-06-22 00:00:00,276.8480925166403,281.88557747913745,275.88339665168013,280.27783203125,22943973,6430687010.623535
2018-06-25 00:00:00,278.67013523800824,280.1706653569929,274.81162487881284,275.56195068359375,17174431,4732619708.240784
2018-06-26 00:00:00,277.4912152059716,278.13432570361414,274.91889470600296,276.0978698730469,18416786,5084835384.507751
2018-06-27 00:00:00,276.09783151004393,277.2768065132727,270.2029564939002,273.09674072265625,30858828,8427445349.321045
2018-06-28 00:00:00,270.95311524402814,273.95420552625643,269.9885105392615,272.8824157714844,20959096,5719368748.866455
2018-06-29 00:00:00,275.133283736656,278.13434477415694,273.7399383081952,274.4901428222656,30690409,8424214749.683746
2018-07-02 00:00:00,271.5962571062115,272.5608618152029,268.0592415584652,270.6315612792969,18900138,5114973855.3341675
2018-07-03 00:00:00,270.95320743975213,271.1675776127055,266.55877075746537,267.0947265625,30434066,8128778536.455078
2018-07-04 00:00:00,266.23718823761163,269.2382792337182,265.80853905354894,268.380859375,14787584,3968704502.0
2018-07-05 00:00:00,269.2383000836022,271.06038576293963,266.66594919029944,267.63055419921875,25019972,6696108972.408936
2018-07-06 00:00:00,267.95209007895323,269.77417542002723,263.8792095138352,266.1299743652344,18265050,4860877288.279724
2018-07-09 00:00:00,266.77312094095015,269.0238554688041,265.59414595757937,268.2736511230469,18944965,5082434930.948334
2018-07-10 00:00:00,268.38082767697017,269.0238469360906,261.4140719460176,262.164306640625,20909845,5481815016.387939
2018-07-11 00:00:00,261.5213189936931,262.8074793073534,257.2340673270725,262.5931091308594,33192182,8716038270.217346
2018-07-12 00:00:00,262.9146589693279,265.1654242854541,261.19975833807337,263.5577087402344,19819499,5223581744.819366
2018-07-13 00:00:00,264.5223890021352,265.91573429161235,262.05713217137793,263.34332275390625,22463523,5915618787.578796
2018-07-16 00:00:00,263.5576823337482,265.05821264259134,260.23512723547117,261.966064453125,18318950,4798943236.413574
2018-07-17 00:00:00,261.5213391492422,263.2362703207126,259.69922288126395,261.4141540527344,21789456,5696072207.509277
2018-07-18 00:00:00,262.4858703613281,262.700240493981,260.02073532640213,262.4858703613281,13485173,3539667371.8780823
2018-07-19 00:00:00,261.9499567139449,264.6295838023288,260.9853820800781,260.9853820800781,22791119,5948148900.247528
2018-07-20 00:00:00,260.12793454746776,260.9853543794443,258.1986336212552,259.1632385253906,13286631,3443406319.0518494
2018-07-23 00:00:00,257.66284543149646,260.87818556242235,257.23407469357784,259.3776550292969,21437471,5560400957.738556
2018-07-24 00:00:00,260.878124533514,269.8813663713856,260.878124533514,268.2736511230469,19387241,5201085928.27243
2018-07-25 00:00:00,267.63051389125695,268.05928453453924,263.34329342076995,263.77203369140625,13088493,3452378416.565735
2018-07-26 00:00:00,265.1653979324301,267.09469891666504,264.6295636734626,265.2725830078125,8297439,2201083075.8797607
2018-07-27 00:00:00,266.0228764208119,268.0592711137955,265.8085062962264,267.5233154296875,14374407,3845489017.975708
2018-07-30 00:00:00,265.915679755798,272.1321093710886,265.915679755798,271.703369140625,21848613,5936341763.149658
2018-07-31 00:00:00,272.23936835774856,277.38403991189136,270.9532080623757,273.73992919921875,29385404,8043958410.450439
2018-08-01 00:00:00,274.70440849294675,276.848079110539,271.16748409490725,272.45367431640625,15755919,4292758023.7816772
2018-08-02 00:00:00,272.4537317473809,272.6681018915917,265.4869754143569,268.0592956542969,19483440,5222717203.322754
2018-08-03 00:00:00,276.7409656507537,278.56308159117157,273.41831937428435,276.3122253417969,53979581,14915218149.127777
2018-08-06 00:00:00,277.0626139562244,277.49126324424134,266.55880810883684,270.0958557128906,54274916,14659429880.765259
2018-08-07 00:00:00,270.52437622882206,272.8824169666274,269.2382163684062,270.6315612792969,20243662,5478573853.070374
2018-08-08 00:00:00,270.6315771521023,272.3464773149981,269.666972386536,270.845947265625,18461777,5000297479.7717285
2018-08-09 00:00:00,270.417159817551,271.4890405706324,269.5597402584711,270.202880859375,19205406,5189356029.273926
2018-08-10 00:00:00,270.41722427992454,270.95314959790096,263.2361894907784,265.7013244628906,21989045,5842518380.174103
2018-08-13 00:00:00,263.6647790142697,265.4868943107759,262.2714342478472,263.4504089355469,13358503,3519303078.1167297
2018-08-14 00:00:00,263.66489187395587,264.7366819810655,257.3412755712375,259.5920104980469,29225572,7586724993.435425
2018-08-15 00:00:00,262.5930169412411,262.8073870424753,255.51907695428346,256.80523681640625,18361857,4715421035.273987
2018-08-16 00:00:00,257.98419920561224,259.6990991876286,256.48366931450784,257.87701416015625,18902475,4874513813.2369995
2018-08-17 00:00:00,260.449495104862,260.87814428434586,255.7335036963991,258.1986389160156,11565281,2986139812.881256
2018-08-20 00:00:00,263.02186975504287,264.73670980855087,260.5566429080179,261.4141540527344,15331565,4007888094.7795105
2018-08-21 00:00:00,261.4140934248819,265.05820362507,260.8781376939891,264.5223693847656,14594235,3860501621.558075
2018-08-22 00:00:00,263.4504882956271,266.9875045421074,263.4504882956271,264.5223693847656,11306807,2990903377.8162537
2018-08-23 00:00:00,260.36343669612506,262.6143844156378,259.29146859722044,261.97119140625,12435581,3257763970.398926
2018-08-24 00:00:00,260.36343374481515,264.2222272560499,260.36343374481515,262.3999938964844,10557570,2770306303.5617065
2018-08-28 00:00:00,263.68621521993316,265.40125452748595,262.50714468043265,264.114990234375,11630411,3071765887.6867676
2018-08-29 00:00:00,264.54374217497275,264.54374217497275,260.47053223627125,263.0430603027344,17975426,4728311065.285339
2018-08-30 00:00:00,261.32810896647953,263.15037264559163,259.9346507340607,261.435302734375,17495920,4574051141.816406
2018-08-31 00:00:00,261.5425174469189,261.86409877635805,257.46933619137263,258.6484069824219,19126657,4947079363.949188
2018-09-03 00:00:00,258.96993078654987,261.11368433949434,258.64834952854403,260.2561950683594,9525543,2479081577.140045
2018-09-04 00:00:00,260.5777619821942,265.4013303980471,260.5777619821942,264.2222595214844,15136927,3999513054.151764
2018-09-05 00:00:00,263.25750079734365,269.5816277757949,262.93588919870655,268.4025573730469,32903104,8831277259.111328
2018-09-06 00:00:00,268.4026215127639,270.01046726444724,265.9372863769531,265.9372863769531,20387444,5421781533.522095
2018-09-07 00:00:00,265.72290810281703,265.83010187334605,258.4339747077422,262.6143798828125,22796916,5986797958.580566
2018-09-10 00:00:00,263.57901434324424,270.01042676031545,261.32806707868434,267.2235107421875,19530070,5218893870.440674
2018-09-11 00:00:00,266.794759137654,268.29541102904113,261.7568650380285,264.0078125,19033499,5024992435.2109375
2018-09-12 00:00:00,268.6170199982175,268.7242137693816,261.2209231639036,262.3999938964844,19271759,5056909443.974518
2018-09-13 00:00:00,264.7581145974086,268.50980516858147,263.47185019454184,265.1868896484375,21416665,5679418777.992554
2018-09-14 00:00:00,263.57906948497214,266.04449589205507,262.61438627694724,263.79345703125,23291300,6144092545.751953
2018-09-17 00:00:00,263.0431158329423,267.97381591796875,262.18556579628506,267.97381591796875,18997812,5090916175.732178
2018-09-18 00:00:00,266.794710519709,270.22481909298307,265.93722134526996,268.616943359375,19213959,5161194936.4123535
2018-09-19 00:00:00,269.1529084346266,276.5490047284478,268.7241941315243,275.36993408203125,29328286,8076128182.55896
2018-09-20 00:00:00,275.6914949603494,280.51497095222516,275.6914949603494,278.1568298339844,26762338,7444127097.025574
2018-09-21 00:00:00,282.0156744855929,283.83790771492045,279.9791144794799,281.47967529296875,50807991,14301416808.968079
2018-09-24 00:00:00,280.30063508665285,280.6222164120866,276.33464765698426,277.4065246582031,17868828,4956929475.19519
2018-09-25 00:00:00,278.79990958288136,278.79990958288136,273.118853621712,274.8338928222656,31688198,8708990812.862732
2018-09-26 00:00:00,275.04832007245125,275.04832007245125,271.7254049298248,273.5476379394531,15103993,4131661608.6040344
2018-09-27 00:00:00,271.832595815808,274.4052154274846,269.36726107889905,273.9764404296875,15893772,4354519077.561035
2018-09-28 00:00:00,272.79738299862817,272.79738299862817,264.222186383131,267.97381591796875,24543186,6576931207.204468
2018-10-01 00:00:00,266.5803237854872,267.54500681312936,264.0077952116319,266.3659362792969,17872664,4760668880.165283
2018-10-02 00:00:00,264.75806441834237,266.0444197027384,261.54243439573713,263.6861877441406,27457443,7240148469.87204
2018-10-03 00:00:00,265.29410784538356,267.33075915024097,264.11503709667886,266.04449462890625,17492565,4653800615.188293
2018-10-04 00:00:00,266.04444023455073,270.1176508861355,265.5084714809827,267.2235107421875,15471343,4134306592.3565674
2018-10-05 00:00:00,267.3307029784093,270.2248431059613,265.83005122713325,267.4378967285156,15197307,4064335820.0175476
2018-10-08 00:00:00,266.47307419759954,266.6874616588687,262.39989468409016,263.4717712402344,11406108,3005187477.717407
2018-10-09 00:00:00,264.2222678937338,264.9725636570545,261.00657576468217,263.1504211425781,13833898,3640396084.743469
2018-10-10 00:00:00,263.04307923903275,270.22481679607125,261.11365267518613,266.7947082519531,33421327,8916633186.358124
2018-10-11 00:00:00,263.6862019046324,265.2940473773837,261.54244844110497,261.7568359375,27283786,7141717495.755859
2018-10-12 00:00:00,263.7934587363443,267.4379559212871,261.43531721249633,261.5425109863281,25554282,6683531080.732727
2018-10-15 00:00:00,261.11366633782546,262.292736785679,258.4339138311781,260.5776672363281,28828816,7512145622.465332
2018-10-16 00:00:00,261.54241992757,264.11494810342873,257.04043486961234,259.2913818359375,26623826,6903328633.299561
2018-10-17 00:00:00,259.82741420404926,261.5424534578952,255.32542856892698,256.8260803222656,16455041,4226083681.572174
2018-10-18 00:00:00,257.0404690444703,259.8274154389928,254.57513427734375,254.57513427734375,12272750,3124336979.2022705
2018-10-19 00:00:00,254.7895839910825,255.11105898983158,250.18040373311658,252.3241424560547,17891533,4514465721.4492035
2018-10-22 00:00:00,256.2902392897054,257.04050452328573,251.89544677734375,251.89544677734375,10398789,2619407601.0983276
2018-10-23 00:00:00,249.7516036479585,250.60918415374405,247.07186580248828,249.53720092773438,14356626,3582512266.8063354
2018-10-24 00:00:00,251.89545024859802,251.89545024859802,247.17906118700995,247.28627014160156,14434390,3569426464.869232
2018-10-25 00:00:00,245.24960437406347,251.68103257595018,245.03530797805476,251.3594512939453,21000367,5278640726.091476
2018-10-26 00:00:00,241.17640762745384,242.56986576069806,236.6745278846951,241.0692138671875,35965111,8670081035.416138
2018-10-29 00:00:00,241.71236643104575,251.68100540826626,241.71236643104575,246.64303588867188,36333511,8961407457.534454
2018-10-30 00:00:00,246.21439160959082,251.03786809374873,245.03532093013493,249.53720092773438,21192548,5288329108.446655
2018-10-31 00:00:00,252.53853757916715,255.21827544924903,251.4666606562011,253.39610290527344,27706337,7020677821.580185
2018-11-01 00:00:00,253.50333800265702,265.2941220592075,252.96733873567678,258.0052185058594,43851641,11313952218.045502
2018-11-02 00:00:00,261.5424965022705,264.43663711011493,259.3986515194719,261.435302734375,17308733,4525113851.803467
2018-11-05 00:00:00,261.8640406081747,264.7580896795855,260.1490013156907,260.2561950683594,14992198,3901812407.1914673
2018-11-06 00:00:00,260.36343220215196,263.25757288109855,256.61174135897346,262.6143798828125,24517624,6438680622.959961
2018-11-07 00:00:00,264.9725265274936,268.0810548084256,264.54384256231157,266.04449462890625,18059961,4804753197.262756
2018-11-08 00:00:00,267.9738086105172,271.8326014196031,267.4379006024353,271.0823059082031,24235194,6569732273.652649
2018-11-09 00:00:00,270.3319575258537,271.40392544879535,266.9019396234306,270.01043701171875,15822510,4272242839.72229
2018-11-12 00:00:00,272.1541855057875,272.5829908919913,262.2927551269531,262.2927551269531,20985736,5504406513.806885
2018-11-13 00:00:00,264.1150369775423,269.0457075153969,262.29280359387957,268.0810546875,20951935,5616816832.543945
2018-11-14 00:00:00,266.25877655200117,270.54637534819364,264.4366343920635,265.9372863769531,35726960,9501130792.89795
2018-11-15 00:00:00,266.2587666826678,266.90195963469995,238.81827209216402,240.31893920898438,51429419,12359463418.214386
2018-11-16 00:00:00,242.78427082500895,245.89278359001915,229.17120989103265,232.49412536621094,54617076,12698149314.67987
2018-11-19 00:00:00,233.1372092606699,235.8169469490097,230.7790680400313,232.81561279296875,40778321,9493829792.283386
2018-11-20 00:00:00,231.95812776765385,232.7084081150225,223.59734900230214,225.9554901123047,26688350,6030379204.538727
2018-11-21 00:00:00,227.24175574749978,232.70840947207574,226.70586290704543,232.06532287597656,21921171,5087143625.934494
2018-11-22 00:00:00,230.02869710735592,241.39079526186632,226.7058727881865,236.88880920410156,37630593,8914266365.4142
2018-11-23 00:00:00,235.81696202912477,240.74773861869687,235.60255930776177,236.99603271484375,18232201,4320959304.659607
2018-11-26 00:00:00,240.1045126243841,244.49930458753573,239.46142604917287,241.49798583984375,27697147,6688805214.010071
2018-11-27 00:00:00,241.1764187052501,241.1764187052501,235.49536177595348,237.53201293945312,18520725,4399265090.348053
2018-11-28 00:00:00,237.7463816017277,239.2470486326256,234.9594502408518,235.92413330078125,14533757,3428864023.8291626
2018-11-29 00:00:00,237.2104026765838,239.35424748073578,235.81694456028194,237.31759643554688,10178196,2415465010.7698975
2018-11-30 00:00:00,237.31765320524767,237.85363731583215,231.95819178835367,233.8876495361328,18611951,4353105472.671677
2018-12-03 00:00:00,238.06796857801075,240.3189158782718,236.56730160687857,237.21038818359375,14532821,3447336110.812683
2018-12-04 00:00:00,237.42482694737356,242.4626910753554,232.17256009443705,232.38694763183594,18187364,4226506005.429138
2018-12-05 00:00:00,229.4927970511106,240.64050733561163,227.3489522870707,237.96078491210938,30296244,7209318002.128784
2018-12-06 00:00:00,235.2810648844396,235.49536128904484,223.49017598946514,227.2417755126953,20549943,4669805534.004684
2018-12-07 00:00:00,230.45746685718558,232.06531236884408,225.09799194335938,225.09799194335938,16560773,3727796747.3298035
2018-12-10 00:00:00,223.38295727298362,226.70587271642881,217.38031932290033,218.23789978027344,22964410,5011704608.093109
2018-12-11 00:00:00,216.63002818802133,221.2392077759049,214.91497367127005,217.59469604492188,15158284,3298362199.5426025
2018-12-12 00:00:00,216.73721000742574,224.66921331171605,214.48626277758513,223.49014282226562,21325441,4766025854.837799
2018-12-13 00:00:00,225.09800006375795,230.24307247405625,223.70454200341337,226.06268310546875,18570872,4198181151.9282227
2018-12-14 00:00:00,223.81174569560758,227.3489575057475,221.66790088235683,226.81307983398438,12383208,2808673544.704834
2018-12-17 00:00:00,227.02747869563714,227.77775911127645,222.95417638446,223.1685791015625,13201188,2946090368.4125977
2018-12-18 00:00:00,224.0261660717158,227.56337816084786,222.63269265203735,224.34765625,14914834,3346108051.2578125
2018-12-19 00:00:00,224.13330967810714,227.24173081252178,223.70451951502466,224.99078369140625,11365192,2557063454.883301
2018-12-20 00:00:00,221.34641080764595,226.16988698228826,220.59603930390045,222.63267517089844,18040903,4016494497.388687
2018-12-21 00:00:00,223.81175308913095,224.5620334920697,220.48883756272917,223.70455932617188,22676420,5072818543.19519
2018-12-24 00:00:00,220.9176338293602,223.5973716635631,219.20257913788834,220.81044006347656,2520880,556636622.1472168
2018-12-27 00:00:00,224.77644155184464,226.49149623731762,219.09538460565895,220.91763305664062,12546768,2771802289.070801
2018-12-28 00:00:00,221.98950778669348,229.49281311035156,221.34642113771827,229.49281311035156,10225300,2346632861.897278
2018-12-31 00:00:00,230.45746071011553,232.49409635816912,228.20651350396167,232.2797088623047,5340936,1240591059.1322021
2019-01-02 00:00:00,229.38561487796687,232.92282678553866,224.34764473454177,232.17254638671875,13203199,3065420332.2805786
2019-01-03 00:00:00,230.35029535367772,235.06668446699442,227.99215395346437,228.4209442138672,10047813,2295130932.7443695
2019-01-04 00:00:00,232.2797492139686,237.8535972614408,230.45750074521823,237.1032257080078,11619873,2755109370.617386
2019-01-07 00:00:00,238.389498460716,240.53334349136432,237.96081450489996,240.10455322265625,12114582,2908766298.5892334
2019-01-08 00:00:00,240.8548955590134,244.49930082584646,239.99731517979606,242.03396606445312,11210868,2713410845.0650635
2019-01-09 00:00:00,243.5346257010261,243.5346257010261,236.67451400968974,236.78170776367188,29160701,6904720582.365814
2019-01-10 00:00:00,236.2457439718057,241.49801055195076,233.45881244325759,240.21173095703125,16210718,3894004630.8363037
2019-01-11 00:00:00,240.31894261520316,244.60652612568467,238.28229146785904,241.92678833007812,12460250,3014468264.289856
2019-01-14 00:00:00,241.49800564202485,249.75159110917744,241.17640917161216,249.2156982421875,22464962,5598621190.814209
2019-01-15 00:00:00,251.46666660119902,253.6104053102563,243.53466175830488,246.4287872314453,11177903,2754557080.0807343
2019-01-16 00:00:00,248.35812279780578,252.6457214470014,247.17905215372073,250.6091766357422,23728790,5946652524.462433
2019-01-17 00:00:00,247.92944370452864,257.040503683266,245.46400229228635,254.0391845703125,19499714,4953691443.914307
2019-01-18 00:00:00,256.9333637095423,265.18695123235574,255.6470990079684,263.1504211425781,17322391,4558394486.846405
2019-01-21 00:00:00,262.93592494509744,263.79341424088864,257.4692864026661,259.1842346191406,14836077,3845277261.995636
2019-01-22 00:00:00,255.21823481867332,258.86273120197893,253.8247616280352,256.8260803222656,15353644,3943216207.1834717
2019-01-23 00:00:00,255.53980505584977,257.46926210215116,254.25354085845552,256.2901916503906,10392113,2663396632.422516
2019-01-24 00:00:00,256.7189060831924,258.7555571176955,255.32544797420167,258.3267517089844,9622073,2485638862.7967224
2019-01-25 00:00:00,262.61437796840937,264.7581318629134,258.9699720476631,260.7921142578125,17026514,4440380584.500244
2019-01-28 00:00:00,259.1842145896069,261.32805916384194,255.21822818396,255.64700317382812,10371957,2651559724.097809
2019-01-29 00:00:00,258.00514716783965,258.8627275328198,254.57512945897795,255.21823120117188,14914425,3806433167.882538
2019-01-30 00:00:00,255.43262467819585,260.89926299076853,252.53849970749076,260.68487548828125,14673058,3825044297.762329
2019-01-31 00:00:00,258.2196044921875,261.32813292076185,257.0405336874818,258.2196044921875,17384370,4488985145.74585
2019-02-01 00:00:00,258.6483862695374,261.435302734375,257.1477038941118,261.435302734375,14784127,3865092717.9084473
2019-02-04 00:00:00,260.89930661743887,263.3646721829725,259.0771644171378,261.00653076171875,11522524,3007454014.8586426
2019-02-05 00:00:00,261.9712313296957,265.29414765451315,260.8993541927788,264.7581787109375,13798356,3653227603.7651367
2019-02-06 00:00:00,262.185597030223,267.86662369899267,261.3281076416289,267.7594299316406,11455711,3067374646.8216248
2019-02-07 00:00:00,266.151570157836,267.3307319117331,257.0404952890841,257.2548828125,17321586,4456062576.556641
2019-02-08 00:00:00,256.2901916503906,259.0771075364465,253.39605164359605,256.2901916503906,15503352,3973357055.303467
2019-02-11 00:00:00,255.86141157142723,257.040482139678,251.03784441687597,254.896728515625,17005749,4334709786.057861
2019-02-12 00:00:00,256.8261512518157,258.32680341960037,254.68241234266893,257.5765380859375,11432977,2944866635.6761475
2019-02-13 00:00:00,258.75559111811526,261.3281201573252,256.61174604351083,259.9346618652344,15204219,3952103524.689972
2019-02-14 00:00:00,258.11232934144704,261.5424380218021,258.11232934144704,258.96990966796875,13509773,3498624693.444763
2019-02-15 00:00:00,262.61437518554516,267.54504554078943,255.8614411390141,265.2940979003906,22209239,5891980025.559174
2019-02-18 00:00:00,267.65227976567826,272.79745993629825,266.3660150981394,270.11773681640625,20061100,5418858930.047607
2019-02-19 00:00:00,269.7960345883696,274.2980201648736,269.6888408395116,274.1908264160156,26505570,7267584142.927551
2019-02-20 00:00:00,274.8340020086011,278.5857238911754,273.9765428178828,276.549072265625,16314863,4511860226.7907715
2019-02-21 00:00:00,276.9777468326585,276.9777468326585,271.1894969271431,273.5476379394531,30650525,8384378715.3541565
2019-02-22 00:00:00,273.54770688856814,277.6209185617081,273.2261255557752,274.51239013671875,11154922,3062164300.008667
2019-02-25 00:00:00,274.40524797470636,278.37126529920863,273.76208540172513,277.83526611328125,10545429,2929892072.4937134
2019-02-26 00:00:00,275.7986695618515,279.33588099355757,275.26270082210306,278.6927185058594,21174478,5901172836.762512
2019-02-27 00:00:00,278.04966697217327,283.730724013522,276.6562087474399,282.2300720214844,17161204,4843407840.895386
2019-02-28 00:00:00,280.4077894986817,287.05352924870795,279.5503305432338,284.8025817871094,21374548,6087526454.932495
2019-03-01 00:00:00,287.26793608389625,287.5895173858091,281.90849071957155,282.2300720214844,14588395,4117283771.5278625
2019-03-04 00:00:00,283.73073083823925,287.26794299369584,282.7660476595191,285.44580078125,12148522,3467744590.598633
2019-03-05 00:00:00,285.4457592219053,286.83921727727625,275.90578846732274,278.58563232421875,22698770,6323551193.432007
2019-03-06 00:00:00,277.51368185852675,280.94379108574265,271.5111349926686,280.30059814453125,13954018,3911319591.9195557
2019-03-07 00:00:00,278.79995419175043,283.301940407312,275.90581368708007,279.2287292480469,27193153,7593109556.437714
2019-03-08 00:00:00,276.2274073658436,278.04964048621497,274.2980412385953,275.47711181640625,23266681,6409438083.433655
2019-03-11 00:00:00,277.5136248346227,277.62081857361335,275.0482903382497,275.5842590332031,14046898,3871103977.044983
2019-03-12 00:00:00,279.7647573362702,285.6601112180874,277.1922282332542,277.4065246582031,27973683,7760082182.920258
2019-03-13 00:00:00,278.04966852939066,281.3725842090999,275.90582354640964,279.9791259765625,11432583,3200884595.994507
2019-03-14 00:00:00,281.2654286726577,287.3751705225843,281.2654286726577,285.01702880859375,15763711,4492926072.217346
2019-03-15 00:00:00,285.44576586244347,288.12548828125,284.8025729467179,288.12548828125,17891557,5155013596.736816
2019-03-18 00:00:00,288.3399353027344,293.9137991793355,287.91116018716497,288.3399353027344,17273026,4980503199.322449
2019-03-19 00:00:00,289.62612720532974,292.5202673836734,287.6967004197673,289.8404235839844,12641329,3663968152.0245056
2019-03-20 00:00:00,290.2692412563262,291.12682168364137,283.40911421464284,284.05230712890625,23267391,6609156094.420349
2019-03-21 00:00:00,271.30213497473375,273.6612554364788,265.08252783729813,266.9055480957031,18913833,5048206963.455597
2019-03-22 00:00:00,268.5140581773987,269.15739664627193,263.90296441972237,266.1549377441406,24984700,6649801273.05603
2019-03-25 00:00:00,265.511476233611,268.94300975539124,263.36686274413,265.8332214355469,12658228,3364977526.9056396
2019-03-26 00:00:00,267.1200480057446,268.5140849051487,263.68851412312426,265.2970275878906,12727026,3376442167.8338013
2019-03-27 00:00:00,264.54643929806036,272.4817072195821,264.54643929806036,269.5863952636719,21248193,5728223756.736786
2019-03-28 00:00:00,269.2647235638678,269.5864384494938,265.404296875,265.404296875,14110138,3744891254.6992188
2019-03-29 00:00:00,267.12001526474074,268.72852853235105,261.3293614237994,264.8680419921875,26658859,7061079785.075806
2019-04-01 00:00:00,266.6910967248946,267.4417951821322,263.79578429342007,265.6188049316406,20852403,5538790364.812958
2019-04-02 00:00:00,266.1549378520543,267.33449806916155,263.15235739781633,266.2620849609375,21831014,5812771304.451416
2019-04-03 00:00:00,269.90812176391216,273.87578628389014,268.19237001672303,272.2672424316406,21386833,5822934045.256012
2019-04-04 00:00:00,273.23229657494466,273.9829948599304,271.6238744479897,272.481689453125,20127706,5484431335.695801
2019-04-05 00:00:00,272.91066135326327,274.41193630869077,267.33448420979505,269.9080810546875,27180149,7336141859.370483
2019-04-08 00:00:00,269.47913173544396,272.37444342006347,266.9055348547693,270.76593017578125,15449322,4183150041.915161
2019-04-09 00:00:00,271.1949224463227,275.59154013045276,270.55149274543135,272.69622802734375,14164007,3862471282.652893
2019-04-10 00:00:00,273.87578323915784,274.19749808357625,270.65872595814886,271.51666259765625,11871960,3223434957.692871
2019-04-11 00:00:00,273.01795938252707,278.2723924889815,271.83830780518724,276.556640625,17756479,4910672181.568359
2019-04-12 00:00:00,276.87833757279503,280.84600210603094,275.26982410289605,279.4519348144531,15111800,4223021748.5290527
2019-04-15 00:00:00,280.84598075117555,283.2051012474051,280.5242355388449,281.4894104003906,10042289,2826798009.6803284
2019-04-16 00:00:00,282.1327792741595,282.24001754902866,279.55918222819156,281.4894104003906,26013917,7322642158.5346985
2019-04-17 00:00:00,283.0978056935244,285.34980925186073,282.1327524745409,282.34722900390625,8814887,2488858918.432556
2019-04-18 00:00:00,282.88341602054214,282.88341602054214,276.2348564254787,281.38214111328125,9107826,2562779580.767212
2019-04-23 00:00:00,283.2050881984935,283.2050881984935,275.37702875868183,278.5940856933594,16253510,4528131757.757874
2019-04-24 00:00:00,278.2723560834929,278.37962474715147,274.94806069267435,275.2698059082031,15729415,4329833014.099579
2019-04-25 00:00:00,271.0876636851722,274.4119590588206,265.29700952864835,268.0851135253906,19295702,5172890461.222107
2019-04-26 00:00:00,258.4340468878727,261.32938931117627,249.3192032388009,257.3617248535156,39340634,10124773423.070862
2019-04-29 00:00:00,257.3616686782183,259.82802705153307,254.14462730803078,258.4339904785156,17997074,4651055650.757141
2019-04-30 00:00:00,258.6485518703065,261.4366256036988,255.53873290869444,256.9327697753906,19293239,4957065334.208588
2019-05-01 00:00:00,255.00253965936807,257.8977901864557,254.89531659939735,256.5037536621094,16814789,4313056495.536346
2019-05-02 00:00:00,253.5013112636977,259.6135889731434,253.28683471679688,253.28683471679688,18944042,4798276434.922058
2019-05-03 00:00:00,253.82294213682226,255.538724173084,252.7506353411404,254.89537048339844,12858564,3277588434.6644897
2019-05-07 00:00:00,253.71570627808384,254.14467458202978,250.498755472659,252.0000457763672,29090246,7330743323.645782
2019-05-08 00:00:00,250.92760321763873,252.75062344459303,249.104704541573,252.21450805664062,15464983,3900493079.4493103
2019-05-09 00:00:00,250.0697583998362,251.1420802762349,248.67572172788567,248.9974365234375,12431455,3095400427.2564697
2019-05-10 00:00:00,249.74807739257812,253.28684945924587,248.3540253381668,249.74807739257812,11985267,2993297390.2867126
2019-05-13 00:00:00,247.6034170582361,248.03238534264244,241.1693182202559,242.67059326171875,12012738,2915138257.157593
2019-05-14 00:00:00,243.0995788652329,247.28170466352046,242.5633722699894,246.53111267089844,9452000,2330212076.965332
2019-05-15 00:00:00,246.2093836864422,247.17445218417782,244.27912514007937,246.85272216796875,7356548,1815983899.5593262
2019-05-16 00:00:00,245.78040851064617,248.89021201585606,244.38635656777814,248.6757354736328,5371367,1335728639.2238007
2019-05-17 00:00:00,248.03239170934089,248.35401537233795,242.88509123542588,244.0646514892578,13278917,3240914249.759781
2019-05-20 00:00:00,244.06462548721,245.8876303930188,237.63061833270723,238.27406311035156,13729298,3271335618.1128235
2019-05-21 00:00:00,238.91743243897264,242.88508133414356,238.05960224013887,241.81275939941406,14219328,3438414940.4853516
2019-05-22 00:00:00,241.383797607965,242.24173418688036,231.62549452968545,233.01954650878906,18678199,4352385460.580917
2019-05-23 00:00:00,230.87488845848787,234.7352989502274,228.51576812791322,233.2340087890625,19633540,4579209240.92041
2019-05-24 00:00:00,234.09195696678745,236.34383914210437,232.26895191287034,232.37619018554688,20501857,4764143421.3888855
2019-05-28 00:00:00,233.44852697376876,234.84256383171703,230.66043806401004,232.2689666748047,22095743,5132155394.522049
2019-05-29 00:00:00,230.55317738034293,232.26894410389878,229.37361719600347,230.66041564941406,15765639,3636508844.7186127
2019-05-30 00:00:00,231.73273225821148,234.3063291060996,231.08937862782062,232.9122772216797,13118857,3055542858.415573
2019-05-31 00:00:00,229.48086392406637,230.23145586592847,227.76509713726492,229.1591339111328,12476503,2859104621.7196503
2019-06-03 00:00:00,227.65786687397923,228.5157882822176,226.47830660465874,227.5506134033203,12455925,2834353374.2557526
2019-06-04 00:00:00,226.5855437816611,235.2715250889657,226.1565754826931,234.19911193847656,15064190,3528019920.0724792
2019-06-05 00:00:00,235.48599819220698,235.59314530374354,228.51578382583924,229.9098358154297,12466415,2866151425.85701
2019-06-06 00:00:00,230.55318437817243,232.37618942613187,227.76509565472324,228.83741760253906,12361574,2828790671.662689
2019-06-07 00:00:00,229.15912234306595,231.73273440869764,228.08680044240162,230.01695251464844,9514894,2188586921.3799133
2019-06-10 00:00:00,230.66043556052588,232.05447240334388,228.9446686888613,231.73275756835938,8483647,1965938913.5465393
2019-06-11 00:00:00,231.41102802980706,233.12679490510683,230.7676743277852,231.83999633789062,11274824,2613955154.8703613
2019-06-12 00:00:00,231.19663177721816,231.62549370812476,228.40854302276156,229.37362670898438,14488668,3323318325.342407
2019-06-13 00:00:00,227.76508669689025,231.08938184508887,226.9072565213256,230.2314453125,11742034,2703385458.7285156
2019-06-14 00:00:00,229.90982595680816,229.90982595680816,227.12173729104308,227.7650909423828,9571512,2180056301.1361084
2019-06-17 00:00:00,228.08682963789482,233.34127751548638,227.8723530752202,229.6953582763672,17532778,4027197724.2900085
2019-06-18 00:00:00,229.480839779123,230.6603998828347,226.26378309005253,230.55316162109375,11962555,2758004876.316223
2019-06-19 00:00:00,230.66042050547318,239.13190967550506,230.23145222629694,238.595703125,18958549,4523428328.884766
2019-06-20 00:00:00,236.4510667291366,237.4161351703059,233.34124812522327,233.44850158691406,10886320,2541395091.7956543
2019-06-21 00:00:00,233.6629839253576,236.34383433066563,230.76765697906276,231.30386352539062,39446508,9124129702.98523
2019-06-24 00:00:00,231.0893691406547,233.01952111574897,230.55316263573044,230.76763916015625,10231694,2361143868.9891357
2019-06-25 00:00:00,230.33870553167932,232.912302660659,228.62293866001477,231.73275756835938,10185531,2360321185.928009
2019-06-26 00:00:00,230.7676683482636,233.8774871826172,230.7676683482636,233.8774871826172,15703423,3672677111.405716
2019-06-27 00:00:00,234.94974901808868,237.737837297805,233.6629507304187,234.0919189453125,10720534,2509590376.178467
2019-06-28 00:00:00,234.94977127057246,236.02209314928632,232.26893618606732,235.7003631591797,10091686,2378614055.0884094
2019-07-01 00:00:00,237.41614082006328,240.52595949798052,237.41614082006328,238.05960083007812,10453783,2488623408.1442566
2019-07-02 00:00:00,238.70295659018984,239.98975507069122,236.9871746366512,238.595703125,8843367,2109989367.3574219
2019-07-03 00:00:00,239.23916834953758,241.2765588043944,238.2740846620103,239.7752685546875,10144172,2432321565.5649414
2019-07-04 00:00:00,239.989764874219,241.38380168299523,237.41615261422373,240.74044799804688,11603223,2793365103.2412415
2019-07-05 00:00:00,241.2765407070603,245.02980403446148,241.06215533898165,242.45619201660156,8879101,2152793016.990799
2019-07-08 00:00:00,240.95491556899248,243.6357506418748,239.98974079671729,242.1344757080078,8606044,2083819951.8600464
2019-07-09 00:00:00,241.49101211052604,246.20935895287838,240.84767369362763,244.70806884765625,13095937,3204681453.020569
2019-07-10 00:00:00,245.2442896483853,246.8527117536522,243.63576118609274,244.4936065673828,10469423,2559706987.9495087
2019-07-11 00:00:00,244.7080761973811,247.1744347774668,243.7430077676083,246.3166046142578,12750874,3140751989.54422
2019-07-12 00:00:00,246.31662142492024,248.99745672109577,246.20938315103757,246.6383514404297,9707306,2394193948.7677917
2019-07-15 00:00:00,246.31658724842734,246.85268738028816,242.2417005387529,245.8876190185547,8153437,2004829210.7477875
2019-07-16 00:00:00,245.24431408303292,247.1744663832442,244.9225840483419,246.53111267089844,19880925,4901266561.1766815
2019-07-17 00:00:00,246.3166009524687,247.2816693678946,244.3863425707356,245.56590270996094,9842627,2417013584.2924347
2019-07-18 00:00:00,243.52852073614596,248.67572972254985,243.52852073614596,247.38893127441406,9072630,2244468239.5481873
2019-07-19 00:00:00,248.67574797024744,248.8902245232487,243.42130032964334,244.60086059570312,11874127,2904421683.0226746
2019-07-22 00:00:00,244.7081009065788,247.81791978777977,242.13450380006245,245.0298309326172,10132524,2482770642.640686
2019-07-23 00:00:00,242.56338133201814,246.2094070283119,242.13451935806512,245.1370849609375,13703889,3359331402.088257
2019-07-24 00:00:00,245.88762896898947,246.20935895287838,243.31403219963704,244.70806884765625,9037498,2211548682.7945557
2019-07-25 00:00:00,246.1021356912648,247.06721940432334,242.3489783400842,244.60086059570312,10613104,2595974371.991699
2019-07-26 00:00:00,244.92255907964227,245.78040445894956,243.52852235361598,244.3863525390625,6697887,1636872173.6488037
2019-07-29 00:00:00,244.1718837473474,247.87146741234014,243.52853008017647,246.1021270751953,11897982,2928118678.1023865
2019-07-30 00:00:00,245.9948746787282,246.31660467235602,235.8076191992684,236.236572265625,26832022,6338704904.23584
2019-07-31 00:00:00,234.94980415588978,237.59630148672665,226.80002910853554,232.69793701171875,25850510,6015360347.700806
2019-08-01 00:00:00,232.8050537109375,237.52340099633741,231.08939327495025,232.8050537109375,12530465,2917155577.3480225
2019-08-02 00:00:00,223.15399715291375,226.51155172284075,215.75490597806848,217.57781982421875,40547987,8822342609.720764
2019-08-05 00:00:00,215.54041838371919,218.3285069050763,211.46553146316657,211.73358154296875,18750240,3970055469.9902344
2019-08-06 00:00:00,212.10890116958328,216.3982649445889,211.133060237082,215.32594299316406,31432231,6768174780.453964
2019-08-07 00:00:00,216.5055201794319,219.61533916782616,214.25365302133363,219.18637084960938,17139533,3756752036.327118
2019-08-08 00:00:00,221.223836957779,222.51063537597656,218.221256669117,222.51063537597656,17827363,3966777868.2081757
2019-08-09 00:00:00,219.7225478649034,222.93960470123338,218.54298770719777,219.40081787109375,19433467,4263718553.8709106
2019-08-12 00:00:00,220.79486763979804,221.43831242738995,214.68248401953053,215.54042053222656,12981879,2798119658.958481
2019-08-13 00:00:00,214.30721907083446,218.43577119717838,213.39570890738383,217.47059631347656,16264027,3536947650.1484833
2019-08-14 00:00:00,216.50553824091574,218.11406700984503,212.26983849863726,212.8059539794922,25744921,5478672473.531662
2019-08-15 00:00:00,199.59607926112503,199.59607926112503,189.45533397858608,190.63572692871094,26675292,5085263681.455627
2019-08-16 00:00:00,190.74302844264432,195.73293047819803,190.74302844264432,195.46469116210938,22870844,4470442459.076782
2019-08-19 00:00:00,196.75240957523712,199.86442371693155,195.84027116929605,198.14744567871094,14848457,2942183826.820175
2019-08-20 00:00:00,198.46940908865292,199.48878556020634,196.6987282559506,197.98654174804688,20257518,4010715933.218811
2019-08-21 00:00:00,198.2547841386346,198.46831739120412,195.1964874267578,195.1964874267578,24145542,4713124985.415253
2019-08-22 00:00:00,194.33791630029236,197.77187229214223,193.47948051838466,196.913330078125,12524383,2466217963.7038574
2019-08-23 00:00:00,198.30836791948252,200.93748432237504,196.32313537597656,196.32313537597656,13697009,2689039752.1529694
2019-08-27 00:00:00,196.16220766387846,199.27422171926747,194.874500778953,197.61085510253906,21215910,4192494116.8785095
2019-08-28 00:00:00,198.25476057972378,198.25476057972378,193.74772551816525,195.9475860595703,12686040,2485798914.6551514
2019-08-29 00:00:00,194.76719457832218,198.89856992702116,193.96235493623593,196.85972595214844,9473899,1865029160.8383331
2019-08-30 00:00:00,197.44995864870313,200.45465939991087,195.8940120918404,199.00592041015625,17633325,3509136071.5164185
2019-09-02 00:00:00,198.14743247656858,202.06427078498453,197.55833077492161,199.86441040039062,9992083,1997061777.4667664
2019-09-03 00:00:00,199.3815334414962,200.1272728132343,194.71346679740154,197.39620971679688,9885938,1951446690.6952515
2019-09-04 00:00:00,194.8744996517541,201.47408102405228,194.8744996517541,197.50352478027344,33384094,6593476236.595978
2019-09-05 00:00:00,198.2010426486211,206.0347198189792,197.82548933699798,204.37135314941406,13889239,2838562568.6456146
2019-09-06 00:00:00,203.6202292956835,204.26412836595435,200.2935872171764,201.84963989257812,26290970,5306822826.926575
2019-09-09 00:00:00,202.922708245234,207.0541745307523,201.55447790904404,206.89315795898438,18612172,3850731041.555786
2019-09-10 00:00:00,206.517619138185,217.24856174293637,205.67631883326118,212.20504760742188,30644683,6502956414.929352
2019-09-11 00:00:00,212.9025418722297,217.8387416436925,212.60848514816797,214.40489196777344,13979422,2997256463.6819153
2019-09-12 00:00:00,214.19024352638183,215.4779504271324,208.87838414014323,212.36595153808594,15565067,3305490264.2090607
2019-09-13 00:00:00,213.38542876913704,225.4577955444841,213.00986024324223,224.06275939941406,22922100,5135988977.229309
2019-09-16 00:00:00,222.56039313576593,223.74078594712358,220.52145818454534,222.45306396484375,14443281,3212952112.1552124
2019-09-17 00:00:00,219.98500715055133,222.2384792451043,216.98032194098874,219.12646484375,11225555,2459816183.059082
2019-09-18 00:00:00,219.55572401552632,219.87768116415413,217.6241179650506,219.4484100341797,6445129,1414373311.5151825
2019-09-19 00:00:00,221.91653180707135,225.67244550088043,219.66307481832223,223.20423889160156,14146623,3157586219.601425
2019-09-20 00:00:00,225.35048556308354,233.29138636609002,225.35048556308354,229.10630798339844,35198903,8064290711.395767
2019-09-23 00:00:00,228.5698112359158,229.16101127060534,220.19965457370708,224.1700897216797,23354345,5235345614.041061
2019-09-24 00:00:00,224.70655704719928,227.92588511674344,219.93128274951638,219.9849853515625,20314957,4468985518.062622
2019-09-25 00:00:00,218.1607077260917,220.0923290223245,215.26333660009533,218.37533569335938,19592551,4278529901.714264
2019-09-26 00:00:00,219.23378644137276,220.3069566854059,216.54248310319406,219.877685546875,11938411,2624990179.7873535
2019-09-27 00:00:00,219.233799364116,224.70658477565598,218.16072028435937,224.2774200439453,15661506,3512522159.68277
2019-09-30 00:00:00,224.92119754212416,226.3162184026558,222.77503967285156,222.77503967285156,9927815,2211669380.489731
2019-10-01 00:00:00,222.667752290817,223.95545932984135,215.37065957700878,216.22909545898438,15710518,3397071096.3320923
2019-10-02 00:00:00,216.22909257833504,216.22909257833504,208.44923906754278,208.9857177734375,22279014,4655995732.074463
2019-10-03 00:00:00,209.25395163303756,209.7905519615546,204.478677010554,207.64439392089844,13088547,2717763409.1201935
2019-10-04 00:00:00,208.18088933582652,210.02231703220917,205.71278932556302,209.3612823486328,8735324,1828838634.3707886
2019-10-07 00:00:00,209.30764770507812,209.94716782503983,205.65915508754614,209.30764770507812,18790289,3932951190.2886047
2019-10-08 00:00:00,211.2392606855161,211.2392606855161,202.49344529783158,203.13734436035156,13213349,2684124625.966507
2019-10-09 00:00:00,204.26414967758967,205.60546810559674,202.92274002204888,203.99581909179688,9905961,2020774628.0863953
2019-10-10 00:00:00,203.99582633873933,211.34651553701522,203.67386915628174,210.16612243652344,20365970,4280236944.558563
2019-10-11 00:00:00,213.54632145866262,244.66618536014363,212.6342743925789,234.25718688964844,55485513,12997880188.509018
2019-10-14 00:00:00,230.71592930971428,244.613575053211,212.6342854876858,230.93055725097656,24793935,5725677225.994492
2019-10-15 00:00:00,235.86676711689893,249.17322872479315,232.11096043280443,242.6273651123047,38998202,9462030995.37741
2019-10-16 00:00:00,243.59313803470144,249.60250798952814,236.40335992560924,246.49050903320312,32751289,8072881897.103546
2019-10-17 00:00:00,243.48582030630394,255.39713962150813,241.44907460812883,249.17323303222656,44702654,11138704822.300995
2019-10-18 00:00:00,250.4609593066931,257.1141371201332,248.42202411407027,255.7191162109375,38886064,9943909919.001953
2019-10-21 00:00:00,257.54339334525827,265.8062656496532,256.8458980944112,260.3334655761719,37015732,9636433792.398804
2019-10-22 00:00:00,259.68951534668173,262.05039215247865,253.89477413777547,258.29449462890625,19747662,5100712376.392456
2019-10-23 00:00:00,251.74867824710964,258.8043218300322,250.13901409844954,250.7829132080078,26716976,6700161073.388428
2019-10-24 00:00:00,242.52007949088016,247.5636088557201,241.44690920219773,242.4127655029297,30823364,7471976909.343445
2019-10-25 00:00:00,240.4811127737577,246.6675702742004,238.76413480418552,242.305419921875,18676346,4525379860.13623
2019-10-28 00:00:00,243.5931489846158,246.6675927478993,237.90572071086476,239.94454956054688,14023843,3364944691.7428284
2019-10-29 00:00:00,239.3007408010564,239.62269795566743,233.9888810807376,235.2229766845703,21600223,5080868751.110519
2019-10-30 00:00:00,235.4376066402176,237.24894433244958,227.1747648877157,229.32090759277344,18747381,4299166425.9075165
2019-10-31 00:00:00,229.2135982489813,231.64313930624272,225.67241938097766,228.24783325195312,28532647,6512514854.692841
2019-11-01 00:00:00,228.56978119702006,231.35983811928023,227.28207431335153,230.39398193359375,17174191,3956830250.9780884
2019-11-04 00:00:00,232.75486538299998,234.5254547944733,231.35984448577562,232.5402374267578,11631237,2704730613.5468903
2019-11-05 00:00:00,234.47176534593018,234.79372250294324,230.486277845345,232.3256072998047,13075432,3037757680.1073
2019-11-06 00:00:00,234.36444699849875,234.9010321138051,227.71125378817547,231.89634704589844,15900882,3687356450.6078796
2019-11-07 00:00:00,232.21828492484667,234.04259218015886,230.82326399976589,231.4671630859375,14091449,3261707723.800171
2019-11-08 00:00:00,231.1452230401174,231.6817169581871,227.12107011922305,228.56980895996094,12158908,2779159278.7217407
2019-11-11 00:00:00,227.49662360376078,239.7300069248778,225.3504656185357,237.79840087890625,23661451,5626655210.274597
2019-11-12 00:00:00,237.7984233723017,239.62271560973699,233.72065895538861,238.54954528808594,11628929,2774075725.137436
2019-11-13 00:00:00,236.08144512611366,238.6568592793332,233.71317829745524,238.54954528808594,25184227,6007685899.281937
2019-11-14 00:00:00,237.36914170197667,242.01358095647007,235.33031279977646,237.47645568847656,14869660,3531194154.0927124
2019-11-15 00:00:00,240.2665035087676,243.91510288412746,235.6522455431496,241.1250457763672,15680961,3781072438.9424286
2019-11-18 00:00:00,242.84191929591117,247.12365295394645,239.30074030801404,241.33958435058594,9949044,2401098143.645691
2019-11-19 00:00:00,242.4127154433766,243.48688901309896,2.396157891430766,238.978759765625,19041663,4550553007.61499
2019-11-20 00:00:00,237.26181114839085,239.19341715674625,235.6522383045805,238.87147521972656,32164821,7683258242.448441
2019-11-21 00:00:00,237.2618379284392,239.08613016369824,235.3303229295966,236.9399871826172,9097624,2155590913.9522705
2019-11-22 00:00:00,238.22767649975634,241.33958435058594,236.8326403329628,241.33958435058594,7605258,1835449804.5989685
2019-11-25 00:00:00,241.23236490384852,247.34895793381472,240.5884657917093,246.27587890625,14788736,3642108956.3125
2019-11-26 00:00:00,247.45625527816173,248.10016955158918,244.45157034376012,247.6708984375,22699961,5622119735.366211
2019-11-27 00:00:00,247.88553078705164,248.85129578220366,245.95392477380958,248.1001739501953,12023531,2983040132.595566
2019-11-28 00:00:00,248.9586192441735,250.99755451894308,247.34895510745437,249.06593322753906,7448413,1855145934.909134
2019-11-29 00:00:00,248.9586328564927,249.28059002878126,242.1981252174041,242.734619140625,11765688,2855939795.607422
2019-12-02 00:00:00,242.62736690645224,244.02240298325856,237.26180493786046,238.2276611328125,17546508,4180063561.8881836
2019-12-03 00:00:00,237.0472710778233,239.7299988784862,231.46715711233384,233.9352569580078,23166092,5419365684.732849
2019-12-04 00:00:00,233.72063118160625,238.76414489746094,233.18404608454486,238.76414489746094,24504722,5850848994.279999
2019-12-05 00:00:00,237.36909136563608,244.6661824222051,237.36909136563608,241.55416870117188,16314223,3940768574.7705383
2019-12-06 00:00:00,243.0565499391894,245.73927774220797,240.05184979423004,244.6662139892578,23676587,5792860901.47728
2019-12-09 00:00:00,245.63197008480947,249.92437725292882,244.34426313896142,246.81246948242188,11101182,2739910143.593811
2019-12-10 00:00:00,247.45623905780909,247.45623905780909,241.2323328697458,246.06121826171875,17193438,4230638300.387329
2019-12-11 00:00:00,244.6662128486679,246.49050484540913,243.48581991904442,244.5588836669922,13609896,3328420972.5838623
2019-12-12 00:00:00,246.06122018778535,250.99752602084322,245.09545526550022,249.28054809570312,14883882,3710262262.75177
2019-12-13 00:00:00,273.63982809952057,284.37089178549326,269.6693932254202,270.2059631347656,86021057,23243402556.555573
2019-12-16 00:00:00,274.71303478718795,282.975877986813,272.57755012384206,280.0785217285156,53567940,15003229447.241821
2019-12-17 00:00:00,275.0348190335282,275.67873326365435,264.6043207806628,271.81561279296875,40343858,10966090484.702515
2019-12-18 00:00:00,269.6694059285925,272.35213396498955,265.3769984975088,266.87933349609375,24894483,6643823030.769836
2019-12-19 00:00:00,266.12822829915734,269.3045885294473,265.16237200227573,265.48431396484375,29243310,7763640093.411255
2019-12-20 00:00:00,265.3769689857499,265.76328713204504,259.5822272004968,260.86993408203125,25447473,6638480604.06427
2019-12-23 00:00:00,257.9727157106486,260.1188739571871,257.1141733481667,259.36773681640625,25141160,6520805770.13916
2019-12-24 00:00:00,260.5480488240367,261.51381365249614,259.3139534799337,260.44073486328125,2372182,617812823.3094482
2019-12-27 00:00:00,263.98195841292585,265.9135796288239,260.3334655761719,260.3334655761719,8107739,2110715791.8570862
2019-12-30 00:00:00,260.011531370275,263.0484353215138,259.582275390625,259.582275390625,5296784,1374951242.9726562
2019-12-31 00:00:00,260.4408010387298,260.8699657632884,257.0068446495296,257.8653869628906,3559464,917862561.7404785
2020-01-02 00:00:00,261.08457514833833,263.55279669711115,260.3334685131949,262.1577453613281,9400837,2464502232.429352
2020-01-03 00:00:00,260.97725791059435,261.0417253618749,255.07530835962334,255.7191162109375,11467653,2932498090.173706
2020-01-06 00:00:00,253.25100403554714,258.50916100022044,250.7818093956,257.54339599609375,13753749,3542187225.1378784
2020-01-07 00:00:00,257.7581215714816,260.0115636989287,257.26445888799657,258.1872863769531,8246806,2129220462.4171753
2020-01-08 00:00:00,257.32878661359837,258.7238076395409,253.7876226684972,257.8653869628906,10783921,2780799961.6422424
2020-01-09 00:00:00,258.8311347587994,260.18318752642944,255.61180656054722,256.14837646484375,10444604,2675368357.418213
2020-01-10 00:00:00,256.14840137098435,257.8760380350178,250.24634471407603,252.49981689453125,13324330,3364390885.2423096
2020-01-13 00:00:00,251.6413458812299,257.87600205933796,245.63196086679378,248.95860290527344,12493730,3110421565.875702
2020-01-14 00:00:00,248.95860425543495,249.38787536764085,245.4174254726284,247.56358337402344,18222533,4511235567.631393
2020-01-15 00:00:00,243.59314758692636,244.2369554627047,238.8714843755347,241.33958435058594,25308396,6107917771.220032
2020-01-16 00:00:00,240.37380381547854,243.5931318738813,237.15447575707577,238.2276611328125,13662382,3254757309.363037
2020-01-17 00:00:00,239.51538165558716,242.94924663422495,238.6461809717798,241.1250457763672,9071647,2187401298.142044
2020-01-20 00:00:00,240.58842363871125,240.9103655360799,238.65680266367065,238.978759765625,4963551,1186183262.0134277
2020-01-21 00:00:00,238.97879653948442,241.98348161185058,236.29495868368906,241.1250457763672,8654359,2086782710.0401154
2020-01-22 00:00:00,241.44685934209923,242.52002940916614,236.5117549193203,238.978759765625,15885393,3796271517.529541
2020-01-23 00:00:00,239.40803781440567,241.7688234939299,235.11563110351562,235.11563110351562,14792396,3477923521.07312
2020-01-24 00:00:00,237.47646286965016,244.77355569429633,237.25116126862417,239.7300262451172,14292722,3426394620.174164
2020-01-27 00:00:00,236.18874539804236,238.87037865631385,233.18406024977543,234.0426025390625,13941831,3262982411.3997803
2020-01-28 00:00:00,235.8667860080068,235.97411519659406,231.78902186651592,233.8279571533203,14792569,3458916190.3195343
2020-01-29 00:00:00,234.79369349039382,239.40804219242207,234.25719965891977,237.04725646972656,12210874,2894554180.797516
2020-01-30 00:00:00,234.57908666434318,240.69578629200873,234.47177267684634,237.69110107421875,15437525,3669362315.110779
2020-01-31 00:00:00,239.6226570724434,240.91036383447994,233.07668766054437,234.25718688964844,11741699,2750577377.044998
2020-02-03 00:00:00,231.3598484742402,234.57907021373305,231.25253449426913,232.9694061279297,7964585,1855504637.5054169
2020-02-04 00:00:00,234.90101909821223,238.87146896706184,234.36662347318892,238.2276611328125,15897397,3787199705.40979
2020-02-05 00:00:00,238.2276720078797,241.2323570464638,236.40336473841668,237.79840087890625,19479096,4632097879.366699
2020-02-06 00:00:00,240.58846066026447,245.20280985341066,239.51538165558716,241.1250457763672,13244872,3193670367.302124
2020-02-07 00:00:00,240.37382871102287,241.381436806683,236.40337843095327,239.1934356689453,12170655,2911140783.7914276
2020-02-10 00:00:00,236.83264999259916,239.08612209332253,236.83264999259916,237.69110107421875,8515728,2024112764.7685547
2020-02-11 00:00:00,242.5200581218407,242.94923801288238,237.7983951139454,238.76414489746094,28532054,6812431475.47818
2020-02-12 00:00:00,239.83732827116415,246.9196706773342,236.61800017102738,244.6662139892578,26272485,6427989437.039566
2020-02-13 00:00:00,244.5588924357176,247.88553461721253,239.30073543866175,245.4174346923828,30599294,7509600236.878021
2020-02-14 00:00:00,243.05654268552996,243.59312776204723,223.3115316278379,228.67709350585938,57182724,13076379123.067749
2020-02-17 00:00:00,226.4235629988695,231.14522650467583,219.233799364116,224.2774200439453,28518585,6396074667.103958
2020-02-18 00:00:00,222.34579144632767,226.10159851319924,221.86401885193823,222.0238494873047,38623272,8575287529.2352295
2020-02-19 00:00:00,223.09702559458725,224.49204663515,220.59772566428074,221.05809020996094,30270190,6691470391.692657
2020-02-20 00:00:00,219.55569768231368,225.9942469037109,219.55569768231368,222.88233947753906,15543325,3464332639.25972
2020-02-21 00:00:00,221.38005770581833,222.23849363608636,218.8046282782966,219.0191650390625,16251611,3559414271.7596436
2020-02-24 00:00:00,214.56583369404294,214.61953630152126,209.33448206906428,212.20504760742188,27188159,5769464574.9531555
2020-02-25 00:00:00,216.12188092657829,216.98031678084357,207.69800681407426,209.3612823486328,28170635,5897840268.175278
2020-02-26 00:00:00,208.50281698220257,209.68320991400967,204.85432420949437,207.16140747070312,25590333,5301329401.923981
2020-02-27 00:00:00,204.10313848659496,204.9079630148119,195.46472706869258,196.80604553222656,28516499,5612219400.613693
2020-02-28 00:00:00,192.08446141508296,193.69412557757565,186.02147973584778,191.7089080810547,40715566,7805536699.7621155
2020-03-02 00:00:00,195.19643081254034,195.73290938690917,181.13884936838497,185.10928344726562,33496126,6200443882.119324
2020-03-03 00:00:00,188.59688234731126,191.22590757256407,182.05092731231062,182.90945434570312,30680823,5611812593.807098
2020-03-04 00:00:00,183.49967358180714,184.89151689913396,179.18047546468296,180.5487060546875,36615240,6610834203.881836
2020-03-05 00:00:00,182.0508909047446,182.96302913126036,172.39301487681246,172.55404663085938,22509074,3884031804.6134644
2020-03-06 00:00:00,167.45684571738602,171.85655148725718,164.4789665056848,168.7445526123047,35251094,5948430086.124298
2020-03-09 00:00:00,158.06722264956406,160.58902506727838,151.19940185546875,151.19940185546875,30202583,4566612484.090149
2020-03-10 00:00:00,154.4723357423928,160.4817211255924,150.34097546925852,152.1651611328125,22972919,3495677921.32605
2020-03-11 00:00:00,154.36501989438156,156.18931196801046,148.94593750559187,151.95062255859375,29808829,4529470124.292664
2020-03-12 00:00:00,143.79500126885156,147.95327355600617,133.33229872828258,134.8883514404297,35014654,4723068954.317047
2020-03-13 00:00:00,141.38059622251848,150.87744201243365,136.6063255298477,140.25381469726562,33193261,4655481477.491974
2020-03-16 00:00:00,134.72733518644517,140.95134909304636,124.10908848914578,135.6931915283203,33247019,4511394116.912704
2020-03-17 00:00:00,142.39994575271422,144.70713519341953,128.11707728681918,141.38058471679688,45016258,6364424877.802185
2020-03-18 00:00:00,138.96608353598535,141.8634539027792,134.35173549471693,137.0881805419922,27335162,3747327623.4006042
2020-03-19 00:00:00,138.48323420692,142.6146096163649,123.45979380408922,131.18614196777344,29654519,3890261939.520035
2020-03-20 00:00:00,139.82454540140589,139.82454540140589,119.54304785693098,122.11846923828125,57696568,7045816564.462402
2020-03-23 00:00:00,112.4069029877212,127.96683842324128,109.93880287592768,121.36725616455078,57677531,7000163679.815819
2020-03-24 00:00:00,126.35712883038491,129.4691269637451,122.54770405293937,129.03985595703125,29010266,3743480545.915161
2020-03-25 00:00:00,137.67839754125495,154.14180218139035,130.7568744410563,146.74606323242188,46742204,6859234423.806763
2020-03-26 00:00:00,137.35644791863706,146.9659903930401,130.27399908822503,142.18544006347656,35374671,5029763163.2357025
2020-03-27 00:00:00,135.85411120796866,135.85411120796866,126.84014673794272,128.9326934814453,21415043,2761099175.010971
2020-03-30 00:00:00,128.66434105758833,135.8541042017357,122.49403794020002,125.98160552978516,17862139,2250300949.416191
2020-03-31 00:00:00,126.5181805900495,135.85409340286964,119.22109644115532,121.1527099609375,32886172,3984248858.041504
2020-04-01 00:00:00,116.96763755182148,121.47457408048703,112.83617073451815,114.8213882446289,30596292,3513108722.5780334
2020-04-02 00:00:00,114.0165598264234,116.27013079423871,109.11144537560669,112.08504486083984,24469796,2742698182.3955994
2020-04-03 00:00:00,111.54845384991859,114.87509611503853,108.54376874028839,109.18766784667969,23886221,2608080764.660385
2020-04-06 00:00:00,112.88987405713371,115.8944680194553,111.3488661933395,114.8750991821289,26384147,3030881503.460869
2020-04-07 00:00:00,118.30895531310549,128.98630152594612,117.50412323063085,123.99638366699219,43887783,5441926379.161697
2020-04-08 00:00:00,120.4014920869875,123.7281265258789,116.16279528072195,123.7281265258789,22624506,2799287740.9535065
2020-04-09 00:00:00,126.30356331192361,131.45440673828125,124.90853466470375,131.45440673828125,27248656,3581955908.895508
2020-04-14 00:00:00,133.38600921804928,133.65426377510354,123.35257720947266,123.35257720947266,26599705,3281142164.761696
2020-04-15 00:00:00,122.76226633010594,125.2840762729507,111.92400360107422,111.92400360107422,34236570,3831893983.9684296
2020-04-16 00:00:00,113.1044060028861,116.44499842512472,109.53742486795674,111.33381652832031,23363325,2601128139.041519
2020-04-17 00:00:00,116.05548297566128,118.32180275238872,112.72884088656832,113.96294403076172,34853684,3972028438.957855
2020-04-20 00:00:00,115.89447135938796,117.50412798720197,111.70938541349624,113.69461059570312,16744273,1903733598.4431458
2020-04-21 00:00:00,112.67523108161673,115.30426392999493,110.3143539428711,110.3143539428711,28443508,3137727208.8888855
2020-04-22 00:00:00,111.87041182474573,114.85148423070864,110.36806165663333,112.35328674316406,31992292,3594439156.6470337
2020-04-23 00:00:00,112.62152190197432,114.82137472703386,111.11917189114855,114.2311782836914,18272839,2087327929.5581894
2020-04-24 00:00:00,114.12385964737891,114.71405606660578,111.44112446177883,112.24595642089844,18524075,2079252515.1874542
2020-04-27 00:00:00,116.162787924948,116.59196017818174,111.92400015957197,115.35796356201172,21035989,2426668852.5528793
2020-04-28 00:00:00,114.92870415232393,125.7669676489416,113.26542868187697,123.45979309082031,35826054,4423077214.100555
2020-04-29 00:00:00,124.53296011217986,129.29319712607148,122.44042117103292,129.25453186035156,36341593,4697315590.274429
2020-04-30 00:00:00,130.43493423257448,131.72911839522283,117.396809549511,118.63091278076172,50893277,6037515904.914146
2020-05-01 00:00:00,119.54306459258234,126.0299429330081,119.43575060190233,121.52828979492188,24993182,3037378664.993225
2020-05-04 00:00:00,119.11377561619028,124.9085173822715,117.66514339072427,118.20162963867188,31430015,3715078992.5679016
2020-05-05 00:00:00,120.7234446260152,122.81598359290953,118.4162700986603,120.99168395996094,24765428,2996410837.7091675
2020-05-06 00:00:00,120.3478886553398,121.15272072465139,115.25065689450363,116.10910034179688,42324916,4914307918.802124
2020-05-07 00:00:00,115.78713062882728,122.76226511675242,114.44581241276332,122.44041442871094,25096246,3072794760.844879
2020-05-11 00:00:00,123.8890528980715,125.80451908863415,117.18215779752663,118.52357482910156,21740379,2576747437.219528
2020-05-12 00:00:00,118.6844888014385,127.59123582303606,117.87965690510006,118.14800262451172,15090909,1782960756.1382675
2020-05-13 00:00:00,116.64569283856486,118.0407214961071,113.66890036173625,113.74832153320312,22067375,2510126866.8937683
2020-05-14 00:00:00,112.3532845736155,114.12387405482225,107.67027906128034,112.8898696899414,23527944,2656066532.232239
2020-05-15 00:00:00,113.21172689921123,115.51890147407114,109.93879491335987,112.03133392333984,17607413,1972581965.329155
2020-05-18 00:00:00,113.85563079291094,115.9481774934287,111.33382054682498,114.8213882446289,21305000,2446269676.551819
2020-05-19 00:00:00,117.45051634705716,118.25534840824096,111.22650302699246,114.4458236694336,32539226,3723978521.135849
2020-05-20 00:00:00,112.19236783534099,114.55315399169922,109.72416885855877,114.55315399169922,27131568,3108006687.140259
2020-05-21 00:00:00,113.26543982511012,114.98242567079129,110.7436294555664,110.7436294555664,32756500,3627573698.261261
2020-05-22 00:00:00,109.93880739507503,114.92871803437161,108.27553172372379,111.76309967041016,25342694,2832378035.4387054
2020-05-26 00:00:00,115.7871217219145,121.26001222875338,113.95007330736448,120.77703857421875,34002617,4106735385.033386
2020-05-27 00:00:00,122.70867983577132,133.8152822768329,121.96931108972738,128.9326934814453,95839926,12356899802.242401
2020-05-28 00:00:00,131.50810795691626,132.69598166813128,124.962144724987,126.67912292480469,36001652,4560657699.204041
2020-05-29 00:00:00,124.53295880118593,126.46238290855555,118.20163183945947,118.41626739501953,49666180,5881283651.369171
2020-06-01 00:00:00,121.58187778101231,125.13491613643893,120.66973178560154,123.78173828125,17442976,2159121890.078125
2020-06-02 00:00:00,124.90852207121928,130.86419701135628,123.19154402636389,129.36184692382812,40979705,5301210325.193634
2020-06-03 00:00:00,131.93729032187727,134.88837978224888,130.0809162029793,134.67373657226562,31986847,4307788206.655365
2020-06-04 00:00:00,133.9761932392336,136.76625019570494,131.33102079422656,135.96142578125,24255194,3297770758.8408203
2020-06-05 00:00:00,138.42953954914074,149.53614191484309,136.64280271307229,147.389892578125,57153286,8423816684.026855
2020-06-08 00:00:00,146.2095009367663,151.7596168114415,145.99487296012083,150.60922241210938,62060504,9346884249.943604
2020-06-09 00:00:00,150.28726113103681,151.4140427730104,139.18075019032722,140.9513397216797,34302378,4834966134.739471
2020-06-10 00:00:00,142.18545350377454,147.49720700345483,137.51738627012097,138.16128540039062,23591080,3259373936.7834473
2020-06-11 00:00:00,133.06407148597228,134.0835239808624,126.08892822265625,126.08892822265625,30825241,3886721599.8950806
2020-06-12 00:00:00,123.40618263232588,130.22039237686516,121.42095760327399,127.37663269042969,29200916,3719514351.5560913
2020-06-15 00:00:00,121.95756040581983,130.8115879846836,123.27416379141958,126.89376068115234,18581983,2357937703.7832413
2020-06-16 00:00:00,131.56173462322056,136.9272065952419,129.3103604762856,133.65428161621094,39591832,5291617863.829712
2020-06-17 00:00:00,134.45909529926152,136.71256749679446,130.06046839920427,131.77635192871094,16810918,2215281446.6127014
2020-06-18 00:00:00,130.3813276618055,133.6542674997415,128.28878088982844,131.45440673828125,16364669,2151207854.8633423
2020-06-19 00:00:00,133.1177805918366,134.19085972487377,129.73743535870696,130.59596252441406,48195391,6294123476.885483
2020-06-22 00:00:00,128.12781954572594,131.07560841929157,127.59123454437454,129.30821228027344,31883872,4122846488.8930664
2020-06-23 00:00:00,129.95207497756422,135.42486115056357,129.0936389625803,132.58120727539062,17791020,2358754910.26062
2020-06-24 00:00:00,131.07880782879485,134.4590608734088,128.02051188266012,128.44967651367188,21198269,2722910795.6997986
2020-06-25 00:00:00,127.59127654910765,130.00576540651522,124.47926953314843,128.98631286621094,21328204,2751046394.0183716
2020-06-26 00:00:00,130.3277041121938,132.52745823614072,126.73282264146061,127.16199493408203,16302748,2073089958.587616
2020-06-29 00:00:00,126.14262455771798,130.70327096721098,125.33779252887037,130.05935668945312,14679267,1909176022.6927185
2020-06-30 00:00:00,130.4349143450192,131.99096689788803,127.91320332012786,130.48861694335938,17207345,2245362650.31723
2020-07-01 00:00:00,130.70327526947378,131.7227428903665,126.94736193537945,128.18145751953125,12023466,1541185396.3165283
2020-07-02 00:00:00,130.38132367529806,135.45702586739938,128.82746033612486,134.1371307373047,25207085,3381206056.151352
2020-07-03 00:00:00,134.6737050542963,135.15658754423717,129.79111673398543,130.7568817138672,7976864,1043029862.4956055
2020-07-06 00:00:00,134.08353572858388,137.249161866745,132.79582855529478,134.24447631835938,19326578,2594486342.6359253
2020-07-07 00:00:00,132.84940490792061,133.7100453180592,130.3813052115006,130.70326232910156,9379119,1225881451.0728607
2020-07-08 00:00:00,128.825391797588,131.1324603053636,128.77167398009058,129.41558837890625,12410893,1606163019.902649
2020-07-09 00:00:00,130.16669830714235,130.75689483388422,126.30356197705532,126.67912292480469,11603677,1469943625.062729
2020-07-10 00:00:00,125.55231775163033,131.8299340193265,124.96212133535775,130.3813018798828,18861414,2459175712.615448
2020-07-13 00:00:00,133.2249738589526,133.92248426372845,129.87161751534703,131.50808715820312,10864360,1428751201.7980957
2020-07-14 00:00:00,127.37665202406203,130.75690610718735,127.26933042416574,130.11309814453125,10985222,1429321268.2254639
2020-07-15 00:00:00,130.11306257298426,131.6153973103174,127.32300583025729,130.3813018798828,16822303,2193313765.7578583
2020-07-16 00:00:00,130.27403068486836,131.61544052399458,128.5720895832131,130.86422729492188,10022857,1311633436.5924988
2020-07-17 00:00:00,130.9715349217257,131.45441750477144,127.85953540395478,129.41558837890625,17537532,2269630022.4938965
2020-07-20 00:00:00,128.0741435379017,129.89843561184014,127.1619975009325,128.18145751953125,7239180,927928643.6462402
2020-07-21 00:00:00,129.41554313514445,132.9567061804707,128.50338967330785,130.22036743164062,14287042,1860463858.7512817
2020-07-22 00:00:00,129.36182777966684,132.0982730122746,128.42288382137005,129.73739624023438,11480779,1489486374.2695618
2020-07-23 00:00:00,129.63019203195344,129.63019203195344,124.26462236495556,125.44511413574219,11787217,1478648781.9077606
2020-07-24 00:00:00,123.40618896484375,126.14263481038566,122.7086784596945,123.40618896484375,22619853,2791429853.674988
2020-07-27 00:00:00,123.2452550312182,123.2452550312182,120.02592687795155,120.24056243896484,13486875,1621669435.544014
2020-07-28 00:00:00,120.77706506664234,123.94277447114602,120.45520673046695,122.65506744384766,9824266,1204996008.8162994
2020-07-29 00:00:00,123.9427752298145,124.47926154354931,119.65037536621094,119.65037536621094,11497127,1375635561.1829987
2020-07-30 00:00:00,119.97223571339343,120.61613485553279,111.97773120583177,113.69461059570312,23682473,2692569545.678253
2020-07-31 00:00:00,116.9139398027851,117.80037495299182,111.38753538381683,113.74832153320312,24629969,2801617633.1648254
2020-08-03 00:00:00,112.83616835728778,119.91861758950118,111.11918263183681,119.16749572753906,28136653,3352974476.164749
2020-08-04 00:00:00,120.34788804820656,123.28710978457079,118.57719972721874,120.66973876953125,24056991,2902950819.5509644
2020-08-05 00:00:00,121.79652294576,122.06476989730537,118.52359084054939,120.13325500488281,14207444,1706786493.0195923
2020-08-06 00:00:00,118.63091170800566,120.40150122563684,117.50412247246993,120.07954406738281,13514976,1622872156.161621
2020-08-07 00:00:00,119.43574521680556,120.18686709475313,117.23588452999829,118.68451690673828,9495188,1126931800.7186584
2020-08-10 00:00:00,120.45518957464564,122.70866134687853,119.70396896479073,122.44041442871094,10202496,1249197838.4472656
2020-08-11 00:00:00,123.03062103318196,129.14722144493405,122.54773852910381,128.0741424560547,23148589,2964735685.2426605
2020-08-12 00:00:00,128.8253707302917,130.9715135034626,127.36377651154186,128.0741424560547,14305269,1832135059.778183
2020-08-13 00:00:00,126.67911848959454,127.9132217101062,122.76227968870025,123.137939453125,13720055,1689459301.883545
2020-08-14 00:00:00,125.3914067615631,125.3914067615631,118.63090727225145,124.21101379394531,12492679,1551728323.592331
2020-08-17 00:00:00,123.56710147753294,125.79277174213287,122.01114766033132,122.11846923828125,8219045,1003697194.0005493
2020-08-18 00:00:00,120.93808049792177,123.72812992686804,119.81129891923207,120.24056243896484,8515700,1023932557.5614929
2020-08-19 00:00:00,120.34788637029138,123.56710815429688,119.59666569322492,123.56710815429688,7658090,946288035.2853394
2020-08-20 00:00:00,120.72344015563745,121.84693749890684,119.59665862157411,119.75768280029297,8584558,1028066773.9447174
2020-08-21 00:00:00,119.86499933028381,120.56251737648277,117.6114362141232,120.02592468261719,8663324,1039823473.9251099
2020-08-24 00:00:00,120.9916905127489,121.7429188161935,117.61144443213354,121.6355972290039,9082673,1104776354.7907486
2020-08-25 00:00:00,122.44042075340484,124.3183241303269,120.02592468261719,120.02592468261719,9710543,1165516902.7453156
2020-08-26 00:00:00,120.2405650822467,123.24525774055307,119.49263619662298,122.06476593017578,7025479,857563449.6823654
2020-08-27 00:00:00,121.74291253623844,122.49293963851058,120.02702921055337,120.24056243896484,10282931,1236425406.9610672
2020-08-28 00:00:00,120.40149581447973,122.86959571162036,119.38202821161094,121.04539489746094,12150963,1470818114.7194366
2020-09-01 00:00:00,119.59665918195348,119.93474838026987,113.90923133871621,114.49942779541016,18677889,2138607602.9261856
2020-09-02 00:00:00,115.14334168253617,117.07495535332241,112.56792014060466,112.8898696899414,15664077,1768315611.3432083
2020-09-03 00:00:00,113.48005629478924,117.02123494861709,112.35327478291784,112.67522430419922,15735907,1773046850.8550186
2020-09-04 00:00:00,112.13864630433173,118.20163528516238,111.9530058911979,115.67992401123047,15730623,1819717273.2893143
2020-09-07 00:00:00,115.46529129772897,116.42995398842268,113.15592723820218,114.4458236694336,10260659,1174289570.6461868
2020-09-08 00:00:00,115.51889245471469,116.77869889474813,110.74361071736426,111.92400360107422,14971496,1675669772.2174683
2020-09-09 00:00:00,111.65575950133328,112.51419522495468,109.61682451244522,111.44112396240234,12880323,1435397672.118782
2020-09-10 00:00:00,110.7436059752082,113.37273738067842,110.52897043627726,111.44112396240234,14916998,1662367023.2649078
2020-09-11 00:00:00,110.69000665624772,112.40688577479294,109.61682891845703,109.61682891845703,9451433,1036036114.1952591
2020-09-14 00:00:00,111.06557422373125,111.47222091833872,109.16186102992415,110.2607421875,16940856,1867911355.8515625
2020-09-15 00:00:00,109.72415224265941,111.0118591164309,108.81199866532863,109.0266342163086,23524544,2564801853.793457
2020-09-16 00:00:00,108.8119920622429,110.63629150390625,107.84623477240011,110.63629150390625,28662667,3171131181.491394
2020-09-17 00:00:00,109.93878649270052,110.0998106683641,107.05217289693111,107.36336517333984,18967102,2036371898.3059845
2020-09-18 00:00:00,107.00923972813133,107.57801297294513,103.74706486656994,103.96170043945312,26323923,2736679797.31723
2020-09-21 00:00:00,103.55383688880326,103.57536658279342,97.15824058848914,100.14140319824219,24240409,2427468571.3592987
2020-09-22 00:00:00,100.52773948177345,105.66362875647813,97.48010150441695,103.51090240478516,28931458,2994721325.4661407
2020-09-23 00:00:00,105.4854720231443,108.43644691847959,103.66117231680784,105.335205078125,25163846,2650638878.9643555
2020-09-24 00:00:00,103.85436623864985,109.40228381376122,103.01734620499901,106.51557922363281,22994613,2449284522.718277
2020-09-25 00:00:00,107.57801132595793,108.7047929497108,106.30096275683415,106.90191650390625,18106364,1935605012.517334
2020-09-28 00:00:00,108.91933499834005,115.51890964346275,108.00728772955354,115.14334869384766,22780947,2623074523.9970627
2020-09-29 00:00:00,114.82138713313564,114.82138713313564,112.03133756327729,112.40689849853516,22081279,2482088087.270836
2020-09-30 00:00:00,111.17287780690296,115.51888829137812,110.48822289486203,113.80191040039062,13878282,1579375004.675354
2020-10-01 00:00:00,114.6604455663968,115.6208204487637,111.76307481890892,115.35796356201172,27207853,3138642514.974571
2020-10-02 00:00:00,114.60675975154952,117.9870136723802,113.6410022401633,117.87969207763672,16815380,1982191816.568451
2020-10-05 00:00:00,120.02592974797568,120.99168716466203,117.07495489318981,119.0064697265625,27104184,3225573252.6591797
2020-10-06 00:00:00,119.38202558977964,123.99637457105119,118.30894663437434,123.83544921875,33191045,4110227967.614746
2020-10-07 00:00:00,122.60133977273168,124.80120017279742,122.44041442871094,122.44041442871094,12416578,1520290956.1064148
2020-10-08 00:00:00,122.38671076736749,124.85481061520866,121.66239463469954,122.3331069946289,20727727,2535687244.8464584
2020-10-09 00:00:00,122.11848231731672,124.05009607454221,121.47457558753455,121.90384674072266,13765593,1678078739.3671646
2020-10-12 00:00:00,123.72813963794268,124.21211690418032,121.20632934570312,121.20632934570312,14969757,1814429297.1671448
2020-10-13 00:00:00,121.79651306100324,121.82551581109794,116.69928923472632,116.86031341552734,15306927,1788772286.6485977
2020-10-14 00:00:00,116.53835433164916,120.07953304176294,115.89445527885181,118.95285034179688,19570683,2327988525.9857483
2020-10-15 00:00:00,117.93337839937236,119.0601598872352,115.68091015386644,118.52357482910156,12883173,1526959719.1017609
2020-10-16 00:00:00,119.75769156652292,121.52828105791522,118.30895279649663,121.42095947265625,18910644,2296148538.72583
2020-10-19 00:00:00,121.58188920038435,123.45980034448748,120.9380889047052,123.40618896484375,12123215,1496079761.1514282
2020-10-20 00:00:00,123.45979746167265,125.23048580514231,121.26003563600806,123.88906860351562,14731827,1825112325.8581238
2020-10-21 00:00:00,125.17676175880854,126.6791041570589,123.62190271833045,124.80120086669922,17488038,2182528143.202469
2020-10-22 00:00:00,124.15728575741885,128.07412384802635,123.19152849187236,127.75216674804688,19891799,2541220422.766632
2020-10-23 00:00:00,128.6643525897321,133.3323135867268,128.02054466003682,131.77635192871094,16643018,2193156197.123871
2020-10-26 00:00:00,129.7911037649348,135.58584511107387,128.16430430757828,130.97149658203125,17855376,2338545316.754883
2020-10-27 00:00:00,131.82992842958052,133.27866693969824,127.83268854319557,128.3423614501953,14076048,1806553240.2062988
2020-10-28 00:00:00,125.65964164667989,127.11376275655543,122.33200369479322,123.78173828125,17247218,2134890624.555664
2020-10-29 00:00:00,123.83545259039053,127.75218480242495,123.43189242248883,125.7133560180664,14790402,1859351072.2763214
2020-10-30 00:00:00,128.77163668832537,134.02979301208265,127.59014913734214,133.27867126464844,32095471,4277641728.4930573
2020-11-02 00:00:00,133.33229160668165,133.33229160668165,126.84013065541495,128.8253631591797,17493827,2253648616.318863
2020-11-03 00:00:00,129.84471909803605,138.42951741243215,129.01197911075053,138.21487426757812,28187703,3895959826.0368347
2020-11-04 00:00:00,134.08349993893017,137.73200769091744,131.91473294247777,135.21029663085938,18672640,2524733193.28125
2020-11-05 00:00:00,135.4785354271305,136.65892828154298,131.72272892339168,134.40545654296875,13787334,1853092920.7803955
2020-11-06 00:00:00,136.0150405383788,137.14183744544317,133.520134687763,133.97621154785156,27064089,3625944113.2138824
2020-11-09 00:00:00,135.47856093944634,153.0237141730251,134.13713605870538,147.8191680908203,40649594,6008789168.309601
2020-11-10 00:00:00,148.355763723962,154.6333893357022,145.72663159040823,152.00425720214844,58045380,8823144870.916443
2020-11-11 00:00:00,152.16516022520054,158.17454557255624,151.4676497496355,156.6721954345703,25233157,3953334104.935196
2020-11-12 00:00:00,153.9358480627132,155.33086894066935,150.12632352873186,154.3114013671875,22020661,3398039057.9417725
2020-11-13 00:00:00,152.32620746836093,161.12554438302078,151.7981824819298,158.28187561035156,18420726,2915667061.384369
2020-11-16 00:00:00,159.73047554919103,164.452153444843,159.24760829212804,164.18389892578125,25451205,4178678069.2593384
2020-11-17 00:00:00,163.05713449074864,168.1006636004152,161.82303889634508,166.70562744140625,27090964,4516216151.612549
2020-11-18 00:00:00,165.793583534455,169.49568793647018,164.7204132786578,169.3347625732422,18278575,3095198157.8022003
2020-11-19 00:00:00,166.38378035616276,169.2274489092112,164.82026212271478,167.83241271972656,13517784,2268722303.344116
2020-11-20 00:00:00,168.5299156832869,170.08596825393448,166.92025174120363,167.08126831054688,8726045,1457958665.934906
2020-11-23 00:00:00,168.74455416297917,170.98625769464556,167.77880439208974,169.65670776367188,20244165,3434558385.3245544
2020-11-24 00:00:00,167.83240261021058,178.77798747409932,167.83240261021058,178.29510498046875,24334960,4338804247.895508
2020-11-25 00:00:00,180.7632222214558,181.51445055164533,169.95177118910823,175.3977508544922,24304953,4263034090.8241425
2020-11-26 00:00:00,174.75395377812933,174.8075499527908,166.24856775800626,171.8565673828125,12801574,2200034564.7370605
2020-11-27 00:00:00,169.54938273081834,174.00271522946358,168.58363293629728,172.39305114746094,23912824,4122404690.9122314
2020-11-30 00:00:00,172.71501275695996,175.2904267000741,165.90089416503906,165.90089416503906,24445573,4055542419.0767365
2020-12-01 00:00:00,166.54468158150357,177.49026551830744,166.54468158150357,176.79275512695312,18762081,3316999991.90506
2020-12-02 00:00:00,175.23679969542707,178.5633504009829,170.8906902241744,178.13417053222656,16269440,2898143199.423828
2020-12-03 00:00:00,178.45614777649496,183.7143049737517,175.71970197678505,182.48020935058594,18030807,3290265436.1200104
2020-12-04 00:00:00,181.51441334203287,185.98488086939543,180.38763189608926,183.1776885986328,21042235,3854467970.2492523
2020-12-07 00:00:00,182.48020368361412,184.20683669022398,175.77330789684348,178.83169555664062,22307064,3989210078.010498
2020-12-08 00:00:00,177.3829821358528,180.6022953382225,176.18545351663977,179.09996032714844,15034867,2692744083.2239532
2020-12-09 00:00:00,178.56332398898448,181.13884375358163,177.89809301012107,180.06565856933594,13376784,2408699420.499756
2020-12-10 00:00:00,180.0120984777338,180.45532744528612,168.90549607882042,172.87603759765625,23201218,4010934635.279419
2020-12-11 00:00:00,173.09059086658124,174.00274464378927,159.83782908710938,161.34017944335938,30949806,4993447253.777161
2020-12-14 00:00:00,164.72040654217932,174.7539444013891,164.57123433185612,169.38845825195312,25506013,4320424218.224274
2020-12-15 00:00:00,170.89070036062344,173.09056091308594,166.92026558202494,173.09056091308594,18794194,3253097581.3693542
2020-12-16 00:00:00,172.339427202947,178.83167922899693,172.339427202947,173.41250610351562,37230281,6456196331.148102
2020-12-17 00:00:00,175.2368182083531,178.6706832496027,173.68076543658796,174.64662170410156,21170760,3697401712.908325
2020-12-18 00:00:00,172.98325855036492,174.0038209478541,168.422611784004,168.8518829345703,27520612,4646907155.711731
2020-12-21 00:00:00,163.00353347475595,174.00382556592777,157.1014769251624,164.66680908203125,20772881,3420604029.7107544
2020-12-22 00:00:00,164.13021329868627,172.554087233791,164.07660192125493,170.51515197753906,17100201,2915843372.3614655
2020-12-23 00:00:00,171.69555364582817,180.33405598244795,169.49569291853646,179.09996032714844,21247959,3805508613.9328766
2020-12-24 00:00:00,182.64122958120592,186.39703667675695,181.29981994628906,181.29981994628906,11189444,2028644182.4990845
2020-12-29 00:00:00,182.74846977726736,184.08987954017107,174.64664308835845,175.2904510498047,16855647,2954633965.366287
2020-12-30 00:00:00,173.84178168843516,180.7096023844241,173.84178168843516,177.65130615234375,10016256,1779400961.15625
2020-12-31 00:00:00,173.84180331152467,180.39952727242394,173.84180331152467,179.90478515625,6783322,1220352087.055664
2021-01-04 00:00:00,182.26556055080638,182.26556055080638,169.12012995189264,170.4078369140625,24018499,4092940460.5125732
2021-01-05 00:00:00,168.74458581036583,172.76873906932286,164.02292197867152,167.45687866210938,17196353,2879647597.7518005
2021-01-06 00:00:00,171.42728930991603,179.52920532226562,170.35421040647503,179.52920532226562,29701590,5332302849.507751
2021-01-07 00:00:00,179.09995851146772,181.13889385013093,175.82701875754793,179.69015502929688,11875191,2133854911.792511
2021-01-08 00:00:00,180.76323219883307,181.56807195403758,176.09528629628306,177.16835021972656,15388687,2726388287.8377533
2021-01-11 00:00:00,176.7927627643767,177.97315565945453,171.46804042853503,173.73446655273438,19119239,3321670788.5592346
2021-01-12 00:00:00,174.7002149868218,176.20256499707708,173.57353990550402,175.12948608398438,14368758,2516393204.205139
2021-01-13 00:00:00,176.04163662063365,176.20256196381914,171.1590333816762,171.80284118652344,11056586,1899552888.6231384
2021-01-14 00:00:00,173.14428381207392,174.1100336311225,171.64302840197269,172.82232666015625,8740955,1510632180.331726
2021-01-15 00:00:00,171.8565655467369,174.71638137317711,169.01280576564073,170.13958740234375,10992149,1870199695.5250854
2021-01-18 00:00:00,168.85188826872115,173.85355949065956,168.85188826872115,172.50038146972656,6456011,1113664360.2727509
2021-01-19 00:00:00,172.55410091438213,174.32469053668203,167.6714967835434,168.79818725585938,15093272,2547716953.359619
2021-01-20 00:00:00,168.1543557348808,169.54937660243715,165.90088387896222,167.93972778320312,25905914,4350632145.135071
2021-01-21 00:00:00,168.69096449249574,172.23214373709556,167.6714967835434,168.79818725585938,10127081,1709432914.9932556
2021-01-22 00:00:00,168.26167434838908,169.2811419423697,164.93503223321827,166.8666534423828,10647722,1776749736.9248352
2021-01-25 00:00:00,167.1348726557892,168.4225794279837,162.3059874646455,162.62783813476562,18056208,2936442071.95166
2021-01-26 00:00:00,162.68159150672832,165.95451613578567,162.09677739903745,164.66680908203125,9780804,1610573784.9367676
2021-01-27 00:00:00,162.0376620924906,163.70104397719965,156.02838333993307,158.5500946044922,18180550,2882527922.4617004
2021-01-28 00:00:00,158.8720741865325,161.55481761740134,156.88685651545313,160.80369567871094,15507437,2493653180.104782
2021-01-29 00:00:00,159.40864305408303,160.3207967095868,156.3502401369511,158.38917541503906,23008714,3644331237.820465
2021-02-01 00:00:00,158.6574055178293,164.13018976627856,157.5307152963815,162.0376434326172,12014996,1946881637.6923218
2021-02-02 00:00:00,163.27175875096282,167.3495223640239,162.4669191798563,166.2764434814453,9563890,1590249615.04776
2021-02-03 00:00:00,168.79818882707897,171.15906623965668,165.31062093169777,166.5984344482422,11064018,1843248077.5071716
2021-02-04 00:00:00,167.29594416777445,178.13420115875837,161.4474836838443,175.8270263671875,26773068,4707428933.166504
2021-02-05 00:00:00,177.00741211150046,183.92893619910186,174.27107269547975,182.80215454101562,28179699,5151309691.517303
2021-02-08 00:00:00,184.14345888606678,189.24069042059662,183.9289221561359,185.21664428710938,21212352,3928880654.876953
2021-02-09 00:00:00,185.48489522432877,188.35546070965756,183.92893366295502,186.39703369140625,11576890,2157897955.371704
2021-02-10 00:00:00,188.8115229737191,191.01138348255446,185.9677633973388,188.00668334960938,14772474,2777323841.6083374
2021-02-11 00:00:00,185.96777705026878,188.48957967572252,182.05093823308474,184.78738403320312,14200598,2624091356.127136
2021-02-12 00:00:00,184.5191279914594,185.05562188938057,179.582836765406,183.87522888183594,13097399,2408287238.881729
2021-02-15 00:00:00,187.5774441013919,194.44526612371698,186.98724753592813,192.83560180664062,15530879,2994906398.551117
2021-02-16 00:00:00,192.9429103360752,195.89398407477606,190.23764917566785,194.60617065429688,12469510,2426643591.0354614
2021-02-17 00:00:00,196.00118777845952,197.2889858691675,187.7920489233468,191.17230224609375,75334971,14401959845.712708
2021-02-18 00:00:00,187.47011790661045,190.63474022043243,183.17772562083204,183.82162475585938,15786407,2901882983.7972717
2021-02-19 00:00:00,183.82161942123898,197.12799102768486,179.79317891555002,193.31846618652344,24676906,4770501618.149017
2021-02-22 00:00:00,192.88927576591678,196.53776832454002,191.33322318656164,196.0548858642578,18855847,3696780931.458908
2021-02-23 00:00:00,196.0548738338882,203.40557630391967,194.76716707937035,199.3815155029297,21535184,4293717622.5544434
2021-02-24 00:00:00,198.73764698736545,200.9911037441573,193.54813870801578,200.186279296875,15854314,3173816130.4643555
2021-02-25 00:00:00,201.74235297391604,202.01059234016668,198.1474710829681,198.41571044921875,16722332,3317973384.147705
2021-02-26 00:00:00,194.60613318415437,200.5082035022097,193.58677217014946,197.66453552246094,30947522,6117227561.701141
2021-03-01 00:00:00,199.2742530927621,201.15215672816876,197.71820020632344,199.2205352783203,11161748,2223649411.201721
2021-03-02 00:00:00,198.52302473840598,201.52771008698912,197.0206896664091,199.2205352783203,9745600,1941523648.6083984
2021-03-03 00:00:00,201.04482284481793,205.49814021493862,200.13266920622542,204.90794372558594,16461956,3373185553.661072
2021-03-04 00:00:00,203.72754943776303,205.55185670322538,198.46939244438846,200.186279296875,16920306,3387213102.70459
2021-03-05 00:00:00,198.7912589966958,207.53709065563984,197.9865409174182,201.79595947265625,17660298,3563776779.483032
2021-03-08 00:00:00,201.7423319893501,206.67853183481938,201.3130608613819,206.302978515625,21118233,4356754368.886963
2021-03-09 00:00:00,205.49813130194926,206.73222683166776,201.52768140725146,203.24465942382812,11702287,2378427335.7948914
2021-03-10 00:00:00,202.11789923269336,204.37137134898225,200.4546388471251,201.58131408691406,6613216,1333100771.6206055
2021-03-11 00:00:00,200.9911154044085,201.63502973610642,198.52301533812295,200.56195068359375,8812026,1767357124.034546
2021-03-12 00:00:00,199.97174067509113,204.80062649485245,199.97174067509113,204.58599853515625,11714466,2396615723.9161377
2021-03-15 00:00:00,204.8006182436657,206.46389363677358,200.32148373477537,202.22520446777344,10404913,2104135658.894394
2021-03-16 00:00:00,198.5229874848567,202.4934371995267,196.1084991371071,199.2742156982422,22583000,4500209613.113403
2021-03-17 00:00:00,198.684054305975,202.7618187119285,197.98654377392114,201.31307983398438,14027610,2823941371.8099976
2021-03-18 00:00:00,203.19096848634894,205.82010025288812,202.17160728401439,204.42506408691406,26401026,5397031432.010284
2021-03-19 00:00:00,205.49815261107094,209.09303436857783,201.12534327021697,205.39083862304688,36331491,7462155404.91568
2021-03-22 00:00:00,207.21509356603994,212.84881844682894,204.57201954484026,208.55641174316406,22815715,4758363651.754684
2021-03-23 00:00:00,213.00986659923277,213.00986659923277,205.98102867342516,209.3612823486328,16514669,3457532279.4032135
2021-03-24 00:00:00,208.18087564685456,212.09771419235256,205.71277579888144,210.27340698242188,22569944,4745859020.282471
2021-03-25 00:00:00,207.407826314306,207.51517194981773,200.64629824435758,203.49049377441406,20618633,4195695810.1234283
2021-03-26 00:00:00,205.31495603906598,208.05182089846562,204.29542350602753,206.0662841796875,37530475,7733765526.748657
2021-03-29 00:00:00,205.69066038456774,207.40779491290974,203.34126791431322,203.6514129638672,10902308,2220270428.767273
2021-03-30 00:00:00,205.85161764633096,212.02285805629754,203.75875056635408,211.75457763671875,14803280,3134662304.038086
2021-03-31 00:00:00,211.11058097285527,213.9547761866765,209.98362680484288,210.62762451171875,14976926,3154554345.867798
2021-04-01 00:00:00,210.35932835968924,212.23751926928318,209.60798508542405,211.11056518554688,7356917,1553122905.893158
2021-04-06 00:00:00,211.9692544210936,214.86696276999405,210.19828734178589,210.78857421875,12740734,2685601154.3603516
2021-04-07 00:00:00,212.18380721194495,214.6523915661834,210.68124221977706,212.6668701171875,14302275,3041620059.805298
2021-04-08 00:00:00,213.95477441390625,215.72563503262265,212.02285734386845,212.4521942138672,18234055,3873864994.166336
2021-04-09 00:00:00,213.2571431452635,213.36447355399812,210.7349393676621,211.05694580078125,17641923,3723450386.432556
2021-04-12 00:00:00,211.21792390655122,214.062119288923,209.12505669223984,213.364501953125,12400353,2645795141.8879395
2021-04-13 00:00:00,214.0621044900404,215.40362823662963,210.89590285058085,212.72048950195312,10918862,2322665669.444275
2021-04-14 00:00:00,212.07646216269046,212.50579900279158,210.09094085069813,211.8081817626953,8734526,1850044070.618988
2021-04-15 00:00:00,212.4521983737778,212.77409838589426,208.4811553955078,208.4811553955078,10017820,2088526688.144226
2021-04-16 00:00:00,209.33971668626643,214.16934204101562,209.33971668626643,214.16934204101562,10053464,2153143770.113037
2021-04-19 00:00:00,212.98878464488388,214.75973662472097,212.2911673090859,213.364501953125,7597874,1621116601.9125977
2021-04-20 00:00:00,213.68636148162565,214.49132429480034,205.74426144244617,207.13949584960938,36643930,7590405186.148376
2021-04-21 00:00:00,207.08587642996469,209.55435403817395,204.34901198719234,206.92483520507812,17357752,3591749972.130615
2021-04-22 00:00:00,207.6224684250502,207.78350966235936,203.65141049259225,206.38827514648438,14067937,2903457252.299408
2021-04-23 00:00:00,206.38828736559887,209.39334136276577,205.04665714815118,209.23239135742188,15644402,3273315641.8168335
2021-04-26 00:00:00,209.60799828334004,213.6327672051917,207.05899976274736,213.2571563720703,12474401,2660255284.7049103
2021-04-27 00:00:00,213.14982333961888,216.67758457204704,212.0228539918448,215.8329620361328,18887301,4076502119.6980133
2021-04-28 00:00:00,217.33555479071475,223.56041502893171,216.90621790265587,218.40878295898438,18516310,4044124731.991272
2021-04-29 00:00:00,214.97427761586323,218.94544191138166,208.80303763118556,211.05694580078125,56064511,11832804459.474304
2021-04-30 00:00:00,210.35937408246764,212.18383935664104,208.32012628902015,211.00328063964844,18648706,3934938145.6842957
2021-05-04 00:00:00,213.5254114983514,214.54503511688318,206.60282862930205,207.13949584960938,17238161,3570703978.914398
2021-05-05 00:00:00,209.44701778812816,213.847412109375,209.17873740945657,213.847412109375,10503116,2246064175.6845703
2021-05-06 00:00:00,214.2766601710813,215.61829027899995,210.1446523355069,211.11056518554688,27303497,5764056683.211884
2021-05-07 00:00:00,212.66686809623945,217.01353699405098,211.48618791398403,214.6523895263672,12084884,2594049227.7489624
2021-05-10 00:00:00,215.2962989137153,219.91135473878697,206.17362412813193,211.48619079589844,29203563,6176150296.53804
2021-05-11 00:00:00,201.77323590017394,208.2127721533606,200.7009961869248,204.99305725097656,62874343,12888803794.216537
2021-05-12 00:00:00,204.40268076211376,206.71020894228425,198.499811327832,203.49049377441406,40421563,8225403814.003586
2021-05-13 00:00:00,202.79284620785313,203.97341991892972,198.28512094727674,203.16845703125,72672778,14764816174.43457
2021-05-14 00:00:00,206.06626763151777,207.62246734200565,203.86497535330037,207.19313049316406,17504181,3626746058.108963
2021-05-17 00:00:00,207.78353902624664,207.89077821094878,205.71749675284866,207.56887817382812,13668819,2837221425.791107
2021-05-18 00:00:00,209.7153286320051,214.38400401013888,209.39333738593297,213.09609985351562,24401525,5199869807.978058
2021-05-19 00:00:00,210.9496290198559,214.86696108800615,210.0373356935911,212.5058135986328,29278525,6221856776.092911
2021-05-20 00:00:00,216.79887291553578,217.65744018554688,211.4861847444546,217.65744018554688,27737615,6037298277.752228
2021-05-21 00:00:00,217.55020159820862,217.75949438357316,214.27666961141205,217.33554077148438,17812580,3871306706.835327
2021-05-24 00:00:00,217.550185679496,218.73285786668856,215.18894717213936,217.76475524902344,9289476,2022920467.5316772
2021-05-25 00:00:00,218.5160985014126,219.69667213434616,216.32765616829695,217.76475524902344,13012847,2833739442.047989
2021-05-26 00:00:00,215.7256461191715,217.12088076822735,212.18381825130282,216.3695526123047,15002672,3246121428.6291504
2021-05-27 00:00:00,215.72562656056573,222.27249273404937,214.97428326584594,220.98458862304688,47279328,10448002848.454102
2021-05-28 00:00:00,222.70184369028033,229.8927079953901,221.30122583084,222.16517639160156,16782150,3728409314.980316
2021-06-01 00:00:00,224.84831339912782,225.32060981547286,221.6285985641904,223.98974609375,19400960,4345616104.375
2021-06-02 00:00:00,223.66772340445843,225.27763392931615,222.27248890593012,224.9556427001953,19393874,4362761390.116608
2021-06-03 00:00:00,225.17030313482638,226.35087681192337,222.8091557806324,225.4923095703125,9061914,2043391916.9875488
2021-06-04 00:00:00,224.52639927643702,225.38496652785304,222.0053055563347,222.8091583251953,7936392,1768300821.6588135
2021-06-07 00:00:00,224.31173601533195,228.39012430337638,223.3425384630087,225.2776336669922,13989196,3151452971.7837524
2021-06-08 00:00:00,225.17030491001222,227.58516310875257,222.70182712683385,223.45306396484375,25380395,5671327027.3880005
2021-06-09 00:00:00,222.59453192527147,223.45309930945464,217.87212998428072,219.05270385742188,22096598,4840319537.9505005
2021-06-10 00:00:00,218.94545035962835,221.52125861332593,217.76477019724388,218.19410705566406,9608478,2096513277.373993
2021-06-11 00:00:00,218.08677496168335,220.12602237677706,217.12086208090838,220.0186767578125,7495056,1649052303.3457031
2021-06-14 00:00:00,220.555252745493,221.62858727962688,219.16000300984766,220.1260223388672,15445935,3400052232.8546906
2021-06-15 00:00:00,220.76994297699156,221.52128637511674,218.70718539558598,221.09194946289062,8150153,1801933215.1908264
2021-06-16 00:00:00,222.05783280266033,225.38496912583014,219.26734853942287,220.2333526611328,10527846,2318582820.8800964
2021-06-17 00:00:00,220.76991289860337,226.88645377789015,220.5552520751953,220.5552520751953,14309287,3155988401.3013153
2021-06-18 00:00:00,218.40876927713197,220.984592754206,215.29629373224827,216.7988739013672,32558611,7058670200.592667
2021-06-21 00:00:00,215.08161743554,217.87208633211944,212.82889546604963,217.22817993164062,11075522,2405915485.852844
2021-06-22 00:00:00,218.51612834423707,220.23336944615215,216.47688077490508,218.7307891845703,12164849,2660827022.081131
2021-06-23 00:00:00,219.16000292052055,220.98458951045893,218.94544854495845,220.2333526611328,8989288,1979741034.2764893
2021-06-24 00:00:00,221.09194607909942,224.52642842749376,220.12604829152818,224.311767578125,12177649,2731589972.1359863
2021-06-25 00:00:00,224.95562939719207,225.27762060727161,222.05781495487847,222.91647338867188,6392045,1424892129.141693
2021-06-28 00:00:00,218.40878271715343,223.88242124881359,218.3036420930344,218.7307891845703,15328672,3352852523.711426
2021-06-29 00:00:00,218.73080381689,222.2725254363135,217.44289951640218,219.05270385742188,8989326,1969136166.1558228
2021-06-30 00:00:00,218.516113591997,219.5893416866236,215.40581265469385,218.08677673339844,9430521,2056671927.8066254
2021-07-01 00:00:00,219.58935289457966,223.020550347825,218.94546162568707,222.05784606933594,9407191,2088940571.0228424
2021-07-02 00:00:00,222.37981130834538,223.77506096355006,217.22817993164062,217.22817993164062,8046676,1747964781.9796143
2021-07-05 00:00:00,217.44288138885344,222.16517648773478,216.9094075424593,222.05784606933594,6086996,1351665220.7926636
2021-07-06 00:00:00,223.6677314379259,225.17031160704482,216.15496745457588,216.7988739013672,14973609,3246261569.439377
2021-07-07 00:00:00,217.33554077148438,220.2333554838494,215.0816325047119,217.33554077148438,6985142,1518119613.935608
2021-07-08 00:00:00,214.3840065157883,214.79292050030116,208.96409420138832,210.73495483398438,14281982,3009712831.709778
2021-07-09 00:00:00,211.43255091296726,217.44285595024016,210.8958836768409,217.22817993164062,13365901,2903450347.3764954
2021-07-12 00:00:00,217.2282053884582,221.95050048828125,214.43773616486567,221.95050048828125,11138447,2472183886.312195
2021-07-13 00:00:00,225.27764286181454,229.4633617302832,215.67301546918256,216.15496826171875,18777174,4058779450.0147705
2021-07-14 00:00:00,216.15497968485911,222.80917677079563,216.15497968485911,219.6967010498047,22618150,4969132938.84964
2021-07-15 00:00:00,218.9454641923093,220.34069882018318,216.79888621300225,219.58935546875,11182221,2455496702.099121
2021-07-16 00:00:00,220.76991921523316,220.9845952516993,214.0083920158199,214.43772888183594,11872919,2546001785.5579987
2021-07-19 00:00:00,211.43254543463826,213.25713187285103,204.50996254090373,206.22720336914062,15705893,3238982389.804962
2021-07-20 00:00:00,206.81753545143442,208.91040273475545,200.96828572154524,206.9785919189453,24903294,5154448726.263519
2021-07-21 00:00:00,207.56885608378053,214.9206701514399,206.17362151921623,214.16934204101562,13822913,2960444182.3002014
2021-07-22 00:00:00,211.21789815026239,214.49133879095965,207.72979668970038,208.4274139404297,20785693,4332308238.949692
2021-07-23 00:00:00,209.9300190552659,216.15498588265265,209.23240172147075,213.6864013671875,13168743,2813981302.199341
2021-07-26 00:00:00,211.3788555093536,217.83563604110026,209.01770806389794,216.47686767578125,34098311,7381495558.314636
2021-07-27 00:00:00,215.18897880582185,216.6915438761642,210.84229443364168,216.3695526123047,11354725,2456816768.2857513
2021-07-28 00:00:00,216.69154392340675,219.69670447858095,215.61831574489358,216.26220703125,10252884,2217311322.2753906
2021-07-29 00:00:00,218.19412060245045,220.98460506206592,216.47687951056497,219.91136169433594,13812032,3037422764.885742
2021-07-30 00:00:00,219.0526599687246,220.98457686005565,212.82780056817194,217.22817993164062,17897339,3887806376.589569
2021-08-02 00:00:00,219.69670119281065,223.5604138191756,218.3014513574007,219.48202514648438,17780263,3902448130.8771057
2021-08-03 00:00:00,220.44791987780295,225.27763629620424,220.3148745725618,222.59449768066406,22325073,4969438410.119156
2021-08-04 00:00:00,223.56040746004615,225.92166141946663,221.62859682256442,225.81431579589844,14477969,3269332663.849228
2021-08-05 00:00:00,220.98459831001583,226.99488872376503,220.7699222705787,226.45822143554688,19282329,4366641930.475067
2021-08-06 00:00:00,225.81431020798217,231.5026092529297,224.9846512781467,231.5026092529297,12576156,2911412928.371887
2021-08-09 00:00:00,230.53661888278037,233.54176420574103,229.5707211337077,232.8978729248047,9283122,2162019367.9014587
2021-08-10 00:00:00,232.89784187644366,233.7231211537079,230.42925774310785,233.11239624023438,16098952,3752865277.6765137
2021-08-11 00:00:00,233.8637367817812,237.51278806376592,233.32706955060715,236.22488403320312,10601629,2504368581.088043
2021-08-12 00:00:00,232.07081761626742,238.08192724530215,231.9634725706445,235.50576782226562,22620544,5327268583.277344
2021-08-13 00:00:00,235.61314392089844,238.61760408417257,235.50579886112783,235.61314392089844,19101586,4500584731.335419
2021-08-16 00:00:00,232.82225331549932,237.22314173096464,232.3928579144818,233.46624755859375,20674189,4826725327.147156
2021-08-17 00:00:00,231.53417313910185,232.28551242878757,229.17261250537663,230.24598693847656,17830352,4105366993.7004395
2021-08-18 00:00:00,229.70934893074835,230.13874432343727,226.72741366803595,229.38729858398438,15092310,3461984220.292053
2021-08-19 00:00:00,225.0936841176125,229.81671446957245,224.55703488508067,227.2405548095703,17727476,4028401481.6133423
2021-08-20 00:00:00,227.3478902336925,229.27996426987193,225.82577452116576,228.42127990722656,12455229,2845039349.7176056
2021-08-23 00:00:00,230.35335394340598,231.21212955999093,227.1879068685839,228.42127990722656,10362380,2366988102.4850464
2021-08-24 00:00:00,229.279950807497,229.38729585214352,225.5230567527373,228.85055541992188,33326839,7626865615.540314
2021-08-25 00:00:00,228.7432999892111,231.74876350090815,227.77716417634116,231.64141845703125,14053912,3255468110.550293
2021-08-26 00:00:00,231.21212322236283,235.82771694283167,230.35334762931728,233.46624755859375,14625474,3414554533.5457764
2021-08-27 00:00:00,234.96903880676535,235.2910739592879,233.1442033604508,234.75433349609375,12378859,2905990793.9871216
2021-08-31 00:00:00,228.7432861328125,232.39064480141064,228.7432861328125,228.7432861328125,102138164,23363419272.93213
2021-09-01 00:00:00,230.3533533583215,231.42683428306856,227.34788965624173,228.3139190673828,22161673,5059818415.719803
2021-09-02 00:00:00,228.0992205124294,229.92404067933433,227.56248006994804,229.7093505859375,15085770,3465342429.7888184
2021-09-03 00:00:00,229.92404067933433,231.20136764830082,228.2065655591278,229.7093505859375,15371482,3530973147.7634277
2021-09-06 00:00:00,230.35333580069064,231.85610555966352,230.03139192713854,230.99742126464844,4899260,1131716426.1050415
2021-09-07 00:00:00,230.6753624090841,231.42680809677375,229.0652476670797,229.27993774414062,9583019,2197193999.7209167
2021-09-08 00:00:00,227.66982111811743,227.88452641673274,224.66426632627346,225.7377471923828,17053209,3849552982.0608673
2021-09-09 00:00:00,223.26884943048114,225.5230803953907,221.98076959564355,224.2349853515625,21528912,4827535266.955078
2021-09-10 00:00:00,225.30838111051781,225.84512161338753,220.90740099961394,222.30282592773438,26150087,5813238238.35611
2021-09-13 00:00:00,223.7261286077504,226.48908479470705,223.7261286077504,225.4156951904297,372874,84051651.92843628
2021-09-14 00:00:00,224.98630488766852,226.70377988777093,223.26881467857783,223.3761749267578,17550168,3920289397.1619873
2021-09-15 00:00:00,222.19545196748416,226.9184818493709,222.19545196748416,225.7377471923828,21500522,4853479399.740265
2021-09-16 00:00:00,226.48911027496518,229.81671576011337,226.46658575979322,227.5625,12260410,2790009550.625
2021-09-17 00:00:00,229.38731038451596,231.64143479298608,227.0258409245987,228.63597106933594,39010451,8919192346.237747
2021-09-20 00:00:00,225.41571289134842,225.84510831014921,220.58533762088024,222.73220825195312,19449811,4332099354.113129
2021-09-21 00:00:00,223.69823384986498,226.05970329147925,221.9807586669922,221.9807586669922,17839184,3959955598.3200684
2021-09-22 00:00:00,224.3423093155496,229.81667814578117,224.18232596894973,229.27993774414062,13204113,3027438206.606598
2021-09-23 00:00:00,230.78274197552335,233.7882968430557,229.06526684222973,233.25155639648438,21346156,4979024110.082153
2021-09-24 00:00:00,233.35888779838058,235.72044828767005,230.03138923681072,233.57357788085938,13121959,3064942912.4359436
2021-09-27 00:00:00,235.50575937494236,237.43783324595094,234.7543136645571,236.90118408203125,10380526,2459158900.7943115
2021-09-28 00:00:00,237.00856147642054,239.9174328527998,234.43229549651747,237.33050537109375,15589726,3699917550.17688
2021-09-29 00:00:00,237.0085639489968,242.0535379860408,237.0085639489968,240.9801483154297,15432649,3718962044.9199677
2021-09-30 00:00:00,242.80487917910966,243.66367000900757,239.79941545426715,241.40945434570312,22987036,5549287817.785034
2021-10-01 00:00:00,237.75991013699667,240.44341480913758,236.47291016612104,239.26268005371094,22011581,5266549862.279343
2021-10-04 00:00:00,239.04799047276862,243.0195901718378,237.1159163816998,239.37002563476562,13682778,3275246920.614807
2021-10-05 00:00:00,242.05353494042447,246.83019191769364,240.81698324181178,246.66921997070312,35124013,8664012888.950836
2021-10-06 00:00:00,244.4149954785167,247.4613255869429,244.20029017871013,244.84439086914062,25855255,6330514161.2413025
2021-10-07 00:00:00,246.99115382523348,247.7651240706447,241.51678466796875,241.51678466796875,17655833,4264180016.7946167
2021-10-08 00:00:00,240.4434163383853,243.12693623658404,239.3517910503704,242.8048858642578,20416632,4957258002.492554
2021-10-11 00:00:00,242.26824598768073,251.17747520776123,241.30221650534014,247.9573211669922,23544634,5838064374.497284
2021-10-12 00:00:00,244.62969445186073,247.0770794475025,243.77101010235793,246.66921997070312,18360360,4528935679.581299
2021-10-13 00:00:00,246.88393276561084,247.5279118270412,242.2682323863611,245.05909729003906,23138758,5670363147.89267
2021-10-14 00:00:00,247.2058675215083,247.84995302203544,245.70308246822287,246.34716796875,13925951,3430618590.121582
2021-10-15 00:00:00,247.84997570755664,251.28483506893835,247.20589014807686,251.0702362060547,15828371,3974032845.727066
2021-10-18 00:00:00,251.4995060792024,252.33038840291158,249.24538169566668,250.3187713623047,18643626,4666849554.058319
2021-10-19 00:00:00,250.21142848037263,251.17745789613264,249.24538385562263,250.7481689453125,11417320,2862872084.2626953
2021-10-20 00:00:00,251.0702136446598,251.2848124882594,249.13803318480285,249.5674285888672,11130025,2777691719.3798065
2021-10-21 00:00:00,249.4600779616264,249.4600779616264,244.41499766322423,245.27378845214844,14327326,3514117526.408966
2021-10-22 00:00:00,245.81043155441438,248.59063489877428,244.3066578921045,247.20587158203125,9762142,2413258821.6175537
2021-10-25 00:00:00,248.38658471089107,250.4260948633563,247.20585009559576,249.03067016601562,11970231,2980954647.9720154
2021-10-26 00:00:00,248.49395670701068,251.8215620857406,247.4088104668968,251.49951171875,21884268,5503882716.322266
2021-10-27 00:00:00,251.3921599618854,252.30567272349396,249.3741703631029,250.1040802001953,16135712,4035607408.135254
2021-10-28 00:00:00,248.92336770317667,251.40404541015926,246.56189806865817,248.38662719726562,20661380,5132010491.44104
2021-10-29 00:00:00,245.7030846372212,246.1378640267253,234.53964054605467,237.33050537109375,37338274,8861511438.10437
2021-11-01 00:00:00,237.11590899965387,246.1378665945424,234.57184042447523,240.9801483154297,24533793,5912157075.880051
2021-11-02 00:00:00,241.51680721629947,242.05354770011513,237.65255253645378,239.79942321777344,14659204,3515268664.0316772
2021-11-03 00:00:00,239.15532993633872,241.40945434570312,236.8045219774815,241.40945434570312,20947069,5056820497.431793
2021-11-04 00:00:00,243.34161553711803,244.3302759160184,227.88453674316406,227.88453674316406,34709678,7909798891.534393
2021-11-05 00:00:00,227.02584513753388,233.25156926618968,224.5570305803555,232.7149200439453,36647357,8528386754.07692
2021-11-08 00:00:00,231.8561320963678,235.69147447868758,230.5680522749596,233.35891723632812,17888184,4174367249.564209
2021-11-09 00:00:00,232.39285508148302,233.14419436342519,228.74330600160917,229.7093505859375,16248683,3732474419.8067627
2021-11-10 00:00:00,229.49465198397405,231.8572164556346,228.63596763026294,231.1047821044922,24619510,5689686494.069366
2021-11-11 00:00:00,232.17816824404827,236.68650817871094,232.17816824404827,236.68650817871094,20572730,4869287627.403412
2021-11-12 00:00:00,237.00856435476163,237.86724871653882,234.0029941851574,234.75433349609375,22169848,5204467890.949707
2021-11-15 00:00:00,232.50019901364806,237.2231221839693,232.17814868717423,235.72044372558594,10862384,2560485976.397705
2021-11-16 00:00:00,236.57917803175596,240.0140220737605,236.0424375479403,239.79942321777344,37735156,9048868643.832703
2021-11-17 00:00:00,240.33606174359403,244.41500635170235,240.2287166934099,240.7654571533203,21587250,5197464114.933014
2021-11-18 00:00:00,240.44341480913758,242.0535449886047,237.6525498742438,239.26268005371094,9033144,2161294242.7510986
2021-11-19 00:00:00,241.08748807221454,242.16086244255254,232.50020413872716,236.79383850097656,16418133,3887712734.089554
2021-11-22 00:00:00,238.4039693102029,241.73146789207337,237.86722889174283,240.121337890625,11630983,2792847198.943115
2021-11-23 00:00:00,237.9745823559515,241.08749742712513,237.43784191849528,238.72592163085938,10018377,2391646282.570404
2021-11-24 00:00:00,239.0479926240277,242.00092459297727,238.3309343488171,239.79942321777344,9874778,2367966068.8035583
2021-11-25 00:00:00,240.12134471067498,241.62412971291192,238.6185749174271,241.51678466796875,4953587,1196374404.8130493
2021-11-26 00:00:00,230.8900696771974,230.966312335567,223.37617546836054,223.4835205078125,27555497,6158199478.902466
2021-11-29 00:00:00,223.8055976651063,230.56804699048922,223.8055976651063,225.84510803222656,20184142,4558489730.5278015
2021-11-30 00:00:00,223.805563788655,230.46066705436405,222.44770535559636,228.20654296875,40460624,9233379129.398438
2021-12-01 00:00:00,229.70934377834826,233.25154770654814,228.52860913561497,231.42681884765625,12734449,2947093021.8477173
2021-12-02 00:00:00,227.88453215550743,233.6809517955393,227.88453215550743,233.25155639648438,19617799,4575882149.823395
2021-12-03 00:00:00,236.14977924611497,237.65254915830207,231.26685686981727,232.7149200439453,21129700,4917196446.052551
2021-12-06 00:00:00,234.00299878720253,235.72047400746322,231.74878309319178,232.50022888183594,16589422,3857044412.0173645
2021-12-07 00:00:00,237.33051076148575,238.83866463566727,234.64699092503417,238.40399169921875,24490916,5838732134.770264
2021-12-08 00:00:00,238.51133404870012,240.7654584427197,234.21769931722935,237.86724853515625,20851586,4959909389.414185
2021-12-09 00:00:00,236.57914042729095,237.33047964766766,233.68093086684158,235.18370056152344,22226211,5227242552.441238
2021-12-10 00:00:00,233.89563504427443,235.6131101272963,231.64141953039203,231.85610961914062,9828236,2278736563.378784
2021-12-13 00:00:00,232.92961294670278,233.252651883164,229.1726123214989,230.1387481689453,17273424,3975284175.951416
2021-12-14 00:00:00,230.9974519536061,234.53965631866743,230.56805651759106,234.21771240234375,15642055,3663646339.371643
2021-12-15 00:00:00,234.00300277400365,239.03722424858887,233.35891723632812,233.35891723632812,26035321,6075574318.460236
2021-12-16 00:00:00,235.93506302509726,243.87835326860386,232.71490928763487,240.01400756835938,42498125,10200145295.391083
2021-12-17 00:00:00,238.4039775911601,241.0874972688087,234.75432208492688,235.50576782226562,39538504,9311545743.06372
2021-12-20 00:00:00,231.1047771180725,234.755421272996,229.38730198477884,233.25155639648438,20192116,4709842483.9383545
2021-12-21 00:00:00,235.50578619868583,239.37002563476562,234.53965029471402,239.37002563476562,15676667,3752524181.6576843
2021-12-22 00:00:00,239.90677495847183,241.83884899828638,238.08193950687885,241.19485473632812,16667958,4020225708.5612183
2021-12-23 00:00:00,241.73149777604038,244.41501769222617,240.7600843418622,243.12693786621094,13412626,3260970688.1247253
2021-12-24 00:00:00,241.83884175212108,244.84439663137422,241.4094463513916,242.91221618652344,1506753,366008710.47569275
2021-12-29 00:00:00,244.307648241687,245.27378405967744,243.12691358873897,244.4149932861328,7040592,1720826246.4104004
2021-12-30 00:00:00,243.66364585002472,244.30764005016178,242.48291123666618,242.69760131835938,6545098,1588479584.9935913
2021-12-31 00:00:00,240.44341397228862,242.2682342529297,240.44341397228862,242.2682342529297,4187808,1014572849.550293
2022-01-04 00:00:00,242.59027140760253,253.00228474945303,242.59027140760253,252.14358520507812,26358108,6646027850.342651
2022-01-05 00:00:00,251.71421784546902,256.9738973082652,250.64082815129734,254.82711791992188,27454593,6996174807.854462
2022-01-06 00:00:00,252.68021906736146,261.4822082519531,251.17743411992373,261.4822082519531,32904140,8603847187.83142
2022-01-07 00:00:00,262.12627850164995,265.4537922657254,259.3354291067717,264.5950927734375,26115226,6909960646.269287
2022-01-10 00:00:00,265.88322065786775,267.92262448416557,264.4877654489777,265.13177490234375,21233626,5629708948.992554
2022-01-11 00:00:00,262.8776436197883,265.0245141095305,261.69690895649853,263.62908935546875,31957648,8424965640.182617
2022-01-12 00:00:00,262.1262795799498,263.7363335301186,260.62350983529853,261.6968994140625,18216951,4767319593.477905
2022-01-13 00:00:00,261.37488709313436,266.84924134198695,260.3014974207232,266.4199523925781,21012628,5598183351.402954
2022-01-14 00:00:00,265.1317728852221,269.53276773889263,264.5951084841597,267.81536865234375,17184335,4602229013.070374
2022-01-17 00:00:00,269.425397281216,272.3236223610562,268.13731752438446,272.0016784667969,16612039,4518502490.75589
2022-01-18 00:00:00,270.49891281647183,272.9677273191171,268.6740773662951,269.7474670410156,18910338,5101015776.389465
2022-01-19 00:00:00,269.3180628004434,270.7135180794143,266.74190318568617,267.9226379394531,41441031,11102990344.450653
2022-01-20 00:00:00,266.63451409763275,267.41275800329583,260.9454401216247,262.0189208984375,39780920,10423353730.74707
2022-01-21 00:00:00,259.12075066339946,261.37487495437296,255.2564811026279,257.6179504394531,14828004,3819959999.5880127
2022-01-24 00:00:00,256.54461590670644,256.97390487746287,245.59575477463923,246.77658081054688,24829089,6127237688.0607605
2022-01-25 00:00:00,251.0702106413254,256.41571416065284,249.46008055602468,255.25648498535156,24637865,6288974817.443619
2022-01-26 00:00:00,257.5105970068731,265.1317604163764,256.6519279219598,262.12628173828125,29184594,7650049109.261353
2022-01-27 00:00:00,261.37487458564954,269.42538799743426,260.0867644552239,263.84368896484375,22377991,5904291697.062073
2022-01-28 00:00:00,264.59513346553877,265.7758682625027,259.22812393244993,260.301513671875,25616717,6668070210.404053
2022-01-31 00:00:00,262.01895786354316,262.44824681371443,259.22810820874133,260.19415283203125,15021286,3908450785.2176514
2022-02-01 00:00:00,262.55559782981686,264.8098132734751,261.6410813496314,264.5950927734375,20347941,5383965336.643433
2022-02-02 00:00:00,266.6345278525481,271.5722476680442,264.8098142382711,271.0355224609375,17657235,4785737913.440552
2022-02-03 00:00:00,271.786953414743,277.04661681504757,264.38038930255726,271.1428527832031,25108547,6808003062.821136
2022-02-04 00:00:00,273.1824048686942,273.93372893770794,262.5556103170117,264.0583801269531,20403187,5387632508.647308
2022-02-07 00:00:00,266.3126019202987,267.3870866181101,262.7703065687265,265.3464660644531,21069266,5590655275.671936
2022-02-08 00:00:00,266.41996996825867,268.244683862966,264.595134401624,266.95660400390625,19907661,5314481574.221008
2022-02-09 00:00:00,268.24463854949823,270.39150892722677,263.84367442616275,270.17681884765625,16164630,4367308311.24939
2022-02-10 00:00:00,271.0355580347631,273.07508367148233,269.3180675645755,272.10894775390625,23775687,6469577171.696228
2022-02-11 00:00:00,269.74746063613134,272.04672526421876,266.41994663991005,271.572265625,21313381,5788123166.298828
2022-02-14 00:00:00,263.7363580816668,266.66037766432487,257.4569007058309,260.4088439941406,22264820,5797956037.937622
2022-02-15 00:00:00,259.2280830067408,265.1317560595163,257.0812126128833,264.3804016113281,15224465,4025050171.0176086
2022-02-16 00:00:00,265.45385307672836,267.6007239711683,260.24781511099656,261.2675476074219,39639042,10356395292.847595
2022-02-17 00:00:00,261.0528574534176,262.5556579539993,254.8807747336012,257.9400634765625,23825082,6145443163.414307
2022-02-18 00:00:00,250.31876290161773,257.83267282199415,246.77655887064984,251.71420288085938,41182859,10366310525.539825
2022-02-21 00:00:00,252.03625300450878,258.79651227893714,250.7481732043106,254.82711791992188,34359186,8755652342.454529
2022-02-22 00:00:00,250.2114099627965,259.7647233779469,247.0984949626065,256.3298645019531,39616743,10154954365.1987
2022-02-23 00:00:00,258.26195479154933,261.1601493005469,254.6124058123459,256.5445861816406,23187277,5948570382.6440735
2022-02-24 00:00:00,241.6241498248221,250.5334851169029,241.6241498248221,242.48294067382812,46138358,11187764725.701843
2022-02-25 00:00:00,246.88389541030898,254.23671100947126,243.23424022037455,253.00225830078125,29833865,7548035218.840637
2022-02-28 00:00:00,245.48848473485808,246.56187438964844,240.22871421109474,246.56187438964844,37418626,9226006563.645233
2022-03-01 00:00:00,244.09306814192465,249.0264082863622,232.3928680419922,232.3928680419922,27992117,6505168352.197006
2022-03-02 00:00:00,229.92407097421258,237.3509560408886,229.17264033932562,236.14979553222656,32384133,7647506386.438431
2022-03-03 00:00:00,236.90121476726702,239.69207975192734,229.3873194227373,230.56805419921875,24795402,5717027592.227417
2022-03-04 00:00:00,228.63596224613786,230.35334612210735,217.36517333984375,217.36517333984375,40777953,8863706822.289001
2022-03-07 00:00:00,210.76369990350238,211.7297445796315,196.27264953679594,207.00680541992188,52371083,10841170588.211578
2022-03-08 00:00:00,204.6989410474388,218.11650900517114,203.35712797840569,211.9444122314453,31088924,6589123724.088074
2022-03-09 00:00:00,222.62485759005142,226.0597014651173,217.31474527719635,224.77162170410156,27356630,6148994089.459076
2022-03-10 00:00:00,226.16702527614214,226.59642064380017,219.20063942329077,220.47796630859375,23781600,5243318803.564453
2022-03-11 00:00:00,224.02029203288916,228.85057613539345,220.70454961409294,223.5908966064453,30020274,6712259980.031158
2022-03-14 00:00:00,227.34788560550237,234.4322938081835,226.05969939336404,233.78829956054688,28587926,6683522607.502747
2022-03-15 00:00:00,230.99743705465968,234.53964119125482,227.56248671395844,231.1047821044922,20335133,4699546481.030869
2022-03-16 00:00:00,236.14977224661297,238.72593178087288,234.96903752974046,237.6525421142578,62989127,14969526157.107834
2022-03-17 00:00:00,237.30352850109733,237.30352850109733,223.77403205651223,228.3912811279297,44707429,10210786985.245956
2022-03-18 00:00:00,228.928123666054,231.29048467454896,226.78063201445704,230.00196838378906,44949082,10338377337.044342
2022-03-21 00:00:00,230.2167371239053,234.83387974091988,230.00195906057795,231.7199249267578,30741253,7123360837.314468
2022-03-22 00:00:00,233.43796063138706,240.54101756766306,233.43796063138706,238.9141845703125,27606228,6595519451.682129
2022-03-23 00:00:00,239.0215918085168,241.4912427437112,236.5519256591797,236.5519256591797,27534649,6513374243.299606
2022-03-24 00:00:00,232.90113068282497,242.88713065920174,232.90113068282497,240.73963928222656,33153990,7981479593.366547
2022-03-25 00:00:00,240.09535013329213,241.9208039899713,236.7667236328125,236.7667236328125,27137559,6425270931.822144
2022-03-28 00:00:00,239.34371657925166,242.56506761689425,236.01289979347305,236.01498413085938,42840670,10111040050.205383
2022-03-29 00:00:00,236.22977493808506,242.9945151123594,233.86750548700894,241.59861755371094,17101824,4131777036.046875
2022-03-30 00:00:00,241.0618165940452,241.42365458615532,235.3708138051324,235.47821044921875,21484920,5059230513.244629
2022-03-31 00:00:00,238.16260714690395,239.66590141422435,231.71991960326562,231.82730102539062,26240851,6083345663.939423
2022-04-01 00:00:00,232.47160502305022,235.9076279650386,231.39786687135776,233.9748992919922,12614615,2951503274.232254
2022-04-04 00:00:00,232.68637448420944,233.65273117795545,228.7134293636691,231.07569885253906,20124564,4650297690.402649
2022-04-05 00:00:00,232.3642086280544,233.33058050937947,228.28388220140027,229.35763549804688,27677600,6348068892.260742
2022-04-06 00:00:00,229.46501880387166,231.07569440453798,222.96868654967244,226.24366760253906,25541489,5778600147.389908
2022-04-07 00:00:00,226.6732247050793,231.7199234158419,226.1363023714771,228.0691375732422,24974815,5695984518.101273
2022-04-08 00:00:00,230.86093305615157,234.08226906404937,230.53877359131974,232.3642120361328,9356026,2174005609.2795715
2022-04-11 00:00:00,233.33059782345873,236.9814749304475,232.90114820101653,235.15603637695312,17344791,4078732303.346649
2022-04-12 00:00:00,233.11579654722075,236.01498818831416,230.6461457706522,231.93466186523438,13273025,3078474565.3038025
2022-04-13 00:00:00,231.50524438207,235.04864868642963,231.50524438207,233.43797302246094,10198300,2380670480.2749634
2022-04-14 00:00:00,233.54536067003806,235.80034013083437,232.36422587042495,235.15603637695312,9858485,2318282257.2816467
2022-04-19 00:00:00,236.55195088908945,238.91422065674345,234.941290281479,236.6593475341797,13028652,3083352281.5698853
2022-04-20 00:00:00,238.27000422710586,243.63886268816947,237.51831900869036,242.5651092529297,12434391,3016149411.4086456
2022-04-21 00:00:00,242.99451682069585,244.76632542045567,241.06178823639516,243.10191345214844,19936839,4846683709.087418
2022-04-22 00:00:00,239.9880643616418,243.96099446794216,238.26999201110885,239.1289825439453,14285081,3415976885.087845
2022-04-25 00:00:00,234.61914164594108,237.84049343871706,233.3306252714628,234.29708862304688,21049783,4931902873.0469055
2022-04-26 00:00:00,240.52487082484623,241.9207836358255,235.90762192807964,236.5519256591797,23506379,5560479217.724503
2022-04-27 00:00:00,236.33716447612147,241.70600727624205,235.69295202536412,238.0552215576172,18611713,4430615461.781784
2022-04-28 00:00:00,240.73966289224006,243.10193254545723,238.3773932390229,239.34375,14335749,3431171924.71875
2022-04-29 00:00:00,244.49781668681476,244.49781668681476,224.84887298907375,234.082275390625,34476072,8070237380.291016
2022-05-03 00:00:00,237.19624626636931,238.80681542861979,233.695715422545,238.0552215576172,19969027,4753731146.77504
2022-05-04 00:00:00,238.80682989210442,239.22031989156338,236.0150192956397,236.22979736328125,15342337,3624317160.5891724
2022-05-05 00:00:00,239.9880599975432,240.20271634198883,225.1699410805596,225.7068634033203,39618293,8942120646.423721
2022-05-06 00:00:00,225.49209201637868,226.67322683370637,222.08181132011623,224.95516967773438,19304487,4342644148.626617
2022-05-09 00:00:00,224.41835212439867,225.599486932707,219.15469971997211,219.1567840576172,23671276,5187720722.700256
2022-05-10 00:00:00,220.12325901896122,223.55928220269274,218.61997985839844,218.61997985839844,16384347,3581945611.133011
2022-05-11 00:00:00,220.23066077056663,222.055992977985,217.05227383108064,220.66009521484375,30799630,6796249288.381958
2022-05-12 00:00:00,216.7944910211366,224.20354984184561,214.89397086185997,223.0224151611328,24394806,5440588551.507294
2022-05-13 00:00:00,223.77400847628337,227.17891817842983,223.5592456518047,225.4920654296875,22420038,5055540675.63208
2022-05-16 00:00:00,224.2035592673995,226.24366926300996,223.12982116816832,225.59947204589844,13132290,2962637690.7536316
2022-05-17 00:00:00,227.21017146178855,230.4314165252368,226.6732338922806,228.49868774414062,16194825,3700496260.746002
2022-05-18 00:00:00,229.8945577119725,231.07569242354592,227.21014404296875,227.21014404296875,12554538,2852518387.372925
2022-05-19 00:00:00,225.3847169297884,227.63960520295603,222.4855248749571,224.52574157714844,26993542,6060745035.343903
2022-05-20 00:00:00,228.1765090110409,228.71343132114484,224.95515772012976,225.81423950195312,13742387,3103226669.346527
2022-05-23 00:00:00,229.2502711761077,233.008544921875,227.85435831527218,233.008544921875,20814908,4850051425.762695
2022-05-24 00:00:00,231.39785006107667,234.51171329598773,230.0019373157839,232.47158813476562,14250171,3312759883.561981
2022-05-25 00:00:00,235.3707786306916,236.6593099550027,232.3642055406324,235.26339721679688,10154297,2388934408.568329
2022-05-26 00:00:00,235.04865899793043,241.49125543743952,234.72649950837507,239.98806762695312,15606209,3745303940.8923645
2022-05-27 00:00:00,240.20273973827264,246.32328358880892,240.09535830608993,243.9610137939453,15830742,3862083867.4303894
2022-05-30 00:00:00,244.92735589499216,249.47690183819893,244.92735589499216,245.7863311767578,10898897,2678799907.503372
2022-05-31 00:00:00,245.78633814671463,248.24742357941065,243.4240685735499,245.0347442626953,25726608,6303912812.026611
2022-06-01 00:00:00,247.71919260156147,249.54463127702948,243.20932466348452,243.42408752441406,13738712,3344333432.360718
2022-06-06 00:00:00,245.6789461366206,250.29619494671485,245.464274586521,247.39700317382812,22500001,5566432818.808136
2022-06-07 00:00:00,246.75279672569113,247.6117720156343,244.71258017241564,244.81997680664062,29372224,7190907198.439453
2022-06-08 00:00:00,244.81999746333466,247.18225197717214,244.28305988933406,246.86019897460938,20221035,4991768723.57254
2022-06-09 00:00:00,246.10850760165548,250.72575679787022,245.1421356201172,245.1421356201172,18847330,4620274726.937103
2022-06-10 00:00:00,245.89373657788613,246.43065893969438,237.94786071777344,237.94786071777344,32829660,7811747365.091858
2022-06-13 00:00:00,237.1962529911701,238.05522830677097,233.33059782345873,235.15603637695312,35764433,8410222307.549103
2022-06-14 00:00:00,237.19624692627792,241.652362880854,236.229783713096,237.73306274414062,36792376,8746764232.114014
2022-06-15 00:00:00,239.7732729943201,247.39700372696902,239.7732729943201,242.77984619140625,27035603,6563699538.031921
2022-06-16 00:00:00,241.59863180597537,242.45771361738028,231.18309020996094,231.18309020996094,30642287,7083978599.760513
2022-06-17 00:00:00,233.65274820000872,237.30353411755365,230.8073077640412,232.57901000976562,64329765,14961753057.86087
2022-06-20 00:00:00,233.5453615566245,238.9142045293395,231.39787000996853,236.98147583007812,20432639,4842156945.323212
2022-06-21 00:00:00,236.87409275558133,241.49125051609445,235.69295795971584,237.6256866455078,27613919,6561776463.348434
2022-06-22 00:00:00,243.3166825679188,248.04131291010577,239.86990329602384,244.81997680664062,32464966,7948072223.148376
2022-06-23 00:00:00,243.2092871338851,244.06836887332696,234.83385634707594,235.26339721679688,23737222,5584499488.20929
2022-06-24 00:00:00,236.55193790217587,239.23636702943423,233.5453644997659,237.84046936035156,18327751,4359080900.159653
2022-06-27 00:00:00,238.05522221991555,240.52487317928475,236.55192797472805,237.73306274414062,13046231,3101520452.8975525
2022-06-28 00:00:00,239.12897951631172,242.7798565902193,236.98147278312365,240.41749572753906,18520951,4452760657.91246
2022-06-29 00:00:00,238.269995738511,240.73966202269534,237.19625755566827,237.518310546875,24370387,5788413147.613525
2022-06-30 00:00:00,237.19624461200664,237.19624461200664,230.32400111981246,234.40443420410156,23709928,5557712257.859985
2022-07-01 00:00:00,234.0823105370587,239.12900981319532,233.22322862139617,234.29708862304688,15897415,3724718051.1323547
2022-07-04 00:00:00,235.04863259187016,239.02157752003788,234.29703877106323,238.3773651123047,14968645,3568186154.401474
2022-07-05 00:00:00,238.69944622393385,239.5585280581456,228.60606384277344,228.60606384277344,35085411,8020737707.015945
2022-07-06 00:00:00,232.0420860188762,233.9749060324631,226.78062438964844,226.78062438964844,23290679,5281874726.078873
2022-07-07 00:00:00,230.75354201194048,236.55192566674322,230.43139775345153,234.40443420410156,15845986,3714369382.7361145
2022-07-08 00:00:00,232.68638078920205,236.12240369733806,231.18308653507083,234.94126892089844,12290226,2887481291.764618
2022-07-11 00:00:00,231.39785935169957,236.44454260672725,231.18308130005437,235.04864501953125,12500261,2938169410.4404907
2022-07-12 00:00:00,233.33058044843503,236.2297721623638,230.7535329803867,236.1223907470703,11050463,2609261742.422043
2022-07-13 00:00:00,235.04865240428134,236.87409093797666,231.2904699854813,231.82730102539062,15358733,3560573618.559601
2022-07-14 00:00:00,231.3978538672989,232.9011328376167,225.70685180636167,226.24366760253906,15674547,3546267001.288376
2022-07-15 00:00:00,227.10274562490048,233.65272283703655,226.6732047529988,232.47158813476562,13692182,3183043294.5702515
2022-07-18 00:00:00,234.83387681038354,238.48476913023208,234.29706097898367,237.30352783203125,10878258,2581449000.0670166
2022-07-19 00:00:00,237.3035208271743,245.1421210668871,236.76670501162047,244.81997680664062,11724191,2870316168.6966248
2022-07-20 00:00:00,246.9675964095703,247.07487134004788,240.31013035112508,242.24295043945312,8335426,2019198187.409729
2022-07-21 00:00:00,243.20928821856137,245.6789390360192,239.12896182792488,243.8535919189453,17178527,4189045512.826584
2022-07-22 00:00:00,243.4240506370002,245.03472620746396,240.73963699531984,241.70599365234375,6173443,1492158174.571106
2022-07-25 00:00:00,241.16919557835286,248.57814856237155,240.96838410342778,247.18223571777344,12923362,3194425512.150116
2022-07-26 00:00:00,249.54460878501848,250.8331249778816,244.92735983263972,246.32325744628906,12351939,3042569850.2578583
2022-07-27 00:00:00,249.32984089944824,254.48392109527808,247.82656180369406,250.7257537841797,30729141,7704587040.365341
2022-07-28 00:00:00,252.22900565336502,252.22900565336502,246.1084780775681,246.96755981445312,12324515,3043755395.4466248
2022-07-29 00:00:00,268.4429762856053,270.48316252553565,261.6782202938855,266.9396667480469,44976820,12006097342.18689
2022-08-01 00:00:00,268.44294838409604,275.9593735774942,268.44294838409604,270.26837158203125,27161157,7340801672.673889
2022-08-02 00:00:00,270.59055761419165,272.95282712957675,269.7314758300781,269.7314758300781,29663219,8001103838.740814
2022-08-03 00:00:00,269.83884956781816,269.83884956781816,264.3626103283098,268.65771484375,27011879,7256949685.775879
2022-08-04 00:00:00,270.16097380783697,272.2010988556084,265.97328144726094,268.44293212890625,24950523,6697791552.269714
2022-08-05 00:00:00,268.1208003151435,272.8454309012384,267.7987473231281,271.87908935546875,17760641,4828746901.449402
2022-08-08 00:00:00,273.919181856899,275.20769809633634,270.91262367935394,272.8454284667969,7153653,1951841517.8877869
2022-08-09 00:00:00,270.8052113764494,274.6139196204443,270.8052113764494,273.1675720214844,29079869,7943677209.432831
2022-08-10 00:00:00,274.3487707551133,276.603659229334,273.38239867424466,276.1741943359375,11249292,3106764154.949707
2022-08-11 00:00:00,275.95934128344624,276.99012971865614,273.97286140966406,275.5298156738281,9345710,2575021753.6410522
2022-08-12 00:00:00,276.92576156155246,282.29458919606765,275.95938962717986,281.0060729980469,13064533,3671213113.8833923
2022-08-15 00:00:00,281.0060960623061,281.0060960623061,278.214300594689,279.932373046875,7935330,2221355757.8100586
2022-08-16 00:00:00,280.3618980313104,281.4356514722124,278.5364441538849,280.2545166015625,10017672,2807497823.833008
2022-08-17 00:00:00,282.29460676969774,283.5831534762201,280.3618932089217,282.1872253417969,12335319,3480869442.3159485
2022-08-18 00:00:00,282.61676025390625,283.2610487729179,280.03972789100214,282.61676025390625,7485407,2115501475.5219116
2022-08-19 00:00:00,281.86516475883667,282.9389181523781,279.395422411858,281.11346435546875,26327899,7401126897.090881
2022-08-22 00:00:00,279.3953873699595,280.7912848634615,275.9593647702597,278.7511901855469,10752926,2997390920.477112
2022-08-23 00:00:00,277.46268294776786,280.89870603380723,277.03315724079727,279.1806640625,21790947,6083611054.010742
2022-08-24 00:00:00,278.7512174385736,281.0211371617042,273.8117937377762,275.74462890625,11969814,3300611919.506836
2022-08-25 00:00:00,273.9565555621385,275.5277823676013,269.87568727421785,271.5939636230469,15885838,4314497707.893616
2022-08-26 00:00:00,272.99005419702877,273.95652748336545,268.58696770038756,269.446044921875,10978776,2958187771.283203
2022-08-30 00:00:00,249.45757762495293,257.39034077397224,244.46842607245387,248.45974731445312,23551473,5851593030.463165
2022-08-31 00:00:00,250.35564068643194,250.78769990876515,244.21898983100294,245.91529846191406,42093180,10351356922.911072
2022-09-01 00:00:00,245.2667184302054,246.56390101155284,241.87408589239791,242.3730010986328,24288729,5886932140.601395
2022-09-02 00:00:00,243.4706209490069,251.35347512716433,239.77865146335955,251.05413818359375,16649228,4179857586.962158
2022-09-05 00:00:00,247.36217424448574,249.85675048828125,245.66586544384185,249.85675048828125,22916975,5725960904.521179
2022-09-06 00:00:00,251.05412962542957,257.1409010319368,248.85889060951988,254.44674682617188,27770564,7066129667.328003
2022-09-07 00:00:00,253.04978271821554,255.44456946669266,250.6549807440556,252.85020446777344,27382312,6923623188.000366
2022-09-08 00:00:00,254.34696818894955,257.04112250583995,253.34913776808168,253.84805297851562,33835926,8589183935.825134
2022-09-09 00:00:00,254.3469679887403,261.7169602806242,253.64848973981935,260.2341613769531,26629502,6929906120.855896
2022-09-12 00:00:00,265.7222741669621,269.01513338764244,264.7244435760965,268.91534423828125,19726769,5304830876.344055
2022-09-13 00:00:00,268.5161942899181,271.5096857971605,266.7200811147504,269.1148986816406,23595291,6349844346.828827
2022-09-14 00:00:00,267.7179116171646,270.5936781267772,266.1214071743982,269.1148986816406,21858913,5882559157.285797
2022-09-15 00:00:00,272.0085981793435,275.48803261734014,271.8090199004176,273.6051330566406,21248363,5813661185.8508
2022-09-16 00:00:00,272.0085854103143,274.80249847590085,271.3100919182334,272.30792236328125,33494033,9120690537.79718
2022-09-20 00:00:00,273.9044592948977,275.3014158385506,266.7200678541562,268.7157287597656,26164722,7030872340.026672
2022-09-21 00:00:00,266.4207100530863,270.71136848388153,257.93915186787564,263.5270080566406,66967465,17647735688.5878
2022-09-22 00:00:00,259.8350334832185,264.5248486053762,255.9435009623683,257.44024658203125,37093483,9549355410.106384
2022-09-23 00:00:00,255.54437322379783,256.6419927613453,240.97604319697825,241.87408447265625,51082221,12355465437.204895
2022-09-26 00:00:00,238.0823563460202,239.14303844281113,230.44894411146245,233.19297790527344,47893688,11168471727.58606
2022-09-27 00:00:00,230.39901504722442,236.38599697370768,229.60076297090592,231.69619750976562,26622281,6168281276.736481
2022-09-28 00:00:00,228.2038025613975,230.5986045846766,220.42072263068604,226.10836791992188,34309696,7757709366.388672
2022-09-29 00:00:00,224.51186369091533,225.70925725212985,215.75091307249798,220.62033081054688,25805117,5693133449.144867
2022-09-30 00:00:00,219.52268831365856,228.20380976092562,219.52268831365856,225.40988159179688,31348513,7066264603.408905
2022-10-03 00:00:00,223.81335313445766,226.5074920654297,220.420720769874,226.5074920654297,24250825,5492993551.267624
2022-10-04 00:00:00,226.90664208455365,237.73510330546137,226.10838989157514,231.7960205078125,21533228,4991316559.087402
2022-10-05 00:00:00,231.496661798164,233.3925335415822,226.80686178101047,228.40338134765625,17266415,3943707569.751892
2022-10-06 00:00:00,229.20164158113127,230.9977393599523,227.10620686057646,229.10186767578125,12959488,2969042904.921875
2022-10-07 00:00:00,229.10187959032487,231.59645573906235,227.1062186713349,229.00209045410156,18330893,4197812816.890457
2022-10-10 00:00:00,227.106201171875,229.72051190208953,225.2103143095096,227.106201171875,13383098,3039384546.690918
2022-10-11 00:00:00,225.40987534563382,225.40987534563382,220.72007563402516,221.1192169189453,25727029,5688740506.130997
2022-10-12 00:00:00,219.5226800641329,220.86776258123007,210.74176981643097,211.9391632080078,28528968,6046405605.108032
2022-10-13 00:00:00,211.0411316443871,229.80034639124713,210.4424273083139,228.2038116455078,46321919,10570838478.53447
2022-10-14 00:00:00,229.40121232403297,238.28191238544318,226.7070731781362,227.50534057617188,32150781,7314474381.194916
2022-10-17 00:00:00,226.30794081360852,235.08885149702814,224.01292781755694,232.79383850097656,21739586,5060841672.362091
2022-10-18 00:00:00,236.68536233195496,241.67451421595774,234.98905373653068,236.1864471435547,21745870,5136079775.345612
2022-10-19 00:00:00,230.89795450098302,233.59210883190354,227.60512627551833,230.59861755371094,21079830,4860979656.267242
2022-10-20 00:00:00,228.50316045233544,238.7808165658523,227.70489309120805,234.49014282226562,18778585,4403393078.650055
2022-10-21 00:00:00,235.28841354406603,236.47982329631023,229.9999093299542,234.58993530273438,14686580,3445323852.0184326
2022-10-24 00:00:00,235.6875516834762,242.9387839333766,235.4879886365482,239.9782257080078,19356068,4645034855.323547
2022-10-25 00:00:00,241.07583795339804,243.8697509765625,235.28841841485843,243.8697509765625,13557871,3306354624.5423584
2022-10-26 00:00:00,244.46846203013257,246.16477076234762,241.97388588696793,244.0693359375,53221912,12989836719.164062
2022-10-27 00:00:00,242.4727826505903,247.18953185691623,239.47929150675586,247.16258239746094,29586972,7312792404.84137
2022-10-28 00:00:00,229.5009894127476,233.56714520177155,223.3144440476276,224.41204833984375,46825560,10508219834.260254
2022-10-31 00:00:00,228.50316883063542,236.1904492378526,228.40337969720431,234.29058837890625,30126501,7058355645.0877075
2022-11-01 00:00:00,237.38383963127743,239.21087593592281,233.39251813953214,237.9825439453125,49742540,11837856211.501465
2022-11-02 00:00:00,238.98037572858613,240.3773321686678,234.39034989571783,235.2884063720703,14962998,3520619953.9684753
2022-11-03 00:00:00,233.79166461072927,236.984718829826,229.50099086677886,231.29708862304688,16891978,3907065332.484558
2022-11-04 00:00:00,232.89360154137805,238.9803728696679,230.49881475112016,237.48362731933594,28434972,6752840293.283752
2022-11-07 00:00:00,235.28841675956264,240.4771319133869,234.88927545500144,237.8827667236328,10921840,2598117516.912842
2022-11-08 00:00:00,237.48362642234278,241.375158748234,236.0267873928884,239.27972412109375,14085907,3370471940.9553833
2022-11-09 00:00:00,239.27975298384428,239.8145856161873,235.48799410148007,236.48582458496094,8692575,2055670766.6416168
2022-11-10 00:00:00,236.48580265045166,240.40827367358725,235.88709832562017,239.4792938232422,12066800,2889748742.706299
2022-11-11 00:00:00,239.37951937240194,250.15609130039374,238.88060414634384,249.05848693847656,43066022,10725958277.779144
2022-11-14 00:00:00,249.2580399618576,251.65282686037565,245.36649221966107,248.75912475585938,8788410,2186197179.595642
2022-11-15 00:00:00,249.15824509481388,251.45325803471184,248.26020383496328,249.95651245117188,17000793,4249458927.1842957
2022-11-16 00:00:00,249.55738829754847,250.15607740014062,246.36431884765625,246.36431884765625,47023595,11584935951.943054
2022-11-17 00:00:00,247.36215436246738,253.60858251930586,245.66584569816624,252.4510955810547,18852422,4759314588.256378
2022-11-18 00:00:00,253.7482803982448,259.23633251602166,252.75044997216102,257.5400390625,20312936,5231394330.9140625
2022-11-21 00:00:00,257.9391425659193,259.0367620288133,254.64629940292,255.04544067382812,14390154,3670143168.2942505
2022-11-22 00:00:00,256.14308796878134,257.0411292809595,253.5487227158687,254.04763793945312,14367693,3650078469.289215
2022-11-23 00:00:00,254.04764320111246,254.74612148346017,252.95002359621992,253.748291015625,5495835,1394558738.9538574
2022-11-24 00:00:00,254.646341439911,259.7751896187094,254.02070281048586,258.1387634277344,17783737,4590671878.304047
2022-11-25 00:00:00,258.4380712509155,258.7374081876478,252.95000410079956,255.444580078125,31537930,8056193285.383301
2022-11-28 00:00:00,254.4467640280469,256.23587328898776,252.6506661780062,254.04763793945312,11250292,2858110108.729126
2022-11-29 00:00:00,254.04759146451536,260.8328250834393,253.54867633220144,259.9347839355469,14478517,3763470188.1021423
2022-11-30 00:00:00,261.5313653786583,263.82636321857365,259.73525230921416,261.331787109375,26321957,6878764063.026123
2022-12-01 00:00:00,261.6311882704172,262.53918729411635,256.8415832519531,256.8415832519531,13612149,3496165900.6214905
2022-12-02 00:00:00,256.14308707306293,261.73091319657306,255.44459358193993,261.331787109375,23756424,6208308739.248047
2022-12-05 00:00:00,260.53355995098286,262.62901017418505,259.3361511230469,259.3361511230469,15773012,4090512223.697632
2022-12-06 00:00:00,257.93915701457524,260.7330699390219,255.84370709555674,260.03460693359375,22491650,5848607367.037964
2022-12-07 00:00:00,259.1365498164131,261.33175827951356,257.34043694511433,257.73956298828125,10777082,2777680404.968872
2022-12-08 00:00:00,258.23847107461233,260.3339208079912,257.34042988926836,258.43804931640625,11305626,2921803929.7408447
2022-12-09 00:00:00,259.2363360933984,263.2276578528125,258.9369991419897,263.1278991699219,11656713,3067206402.9167175
2022-12-12 00:00:00,261.9305300069992,263.3274867434286,257.9392076449878,259.73529052734375,12825415,3331212891.1587524
2022-12-13 00:00:00,261.03244251179274,265.82201632063135,259.43590775839067,262.9283142089844,15395719,4047970442.7052307
2022-12-14 00:00:00,263.0281332562403,264.724426882922,262.2298505630627,263.8263854980469,10206529,2692751654.550995
2022-12-15 00:00:00,263.52697287439736,263.726520651883,257.78944898568585,257.9391174316406,10224323,2637252850.956024
2022-12-16 00:00:00,257.93913416328576,260.1343730175616,255.4445583976834,258.43804931640625,24900026,6435114147.367798
2022-12-19 00:00:00,258.73736572265625,259.5356481752033,254.44670792640287,258.73736572265625,11716554,3031510317.307251
2022-12-20 00:00:00,257.44020428852264,262.6289337648053,257.04107827912304,261.631103515625,8639530,2260369767.7563477
2022-12-21 00:00:00,262.03029888179697,265.1235795632886,260.7331009436898,264.6246643066406,12699050,3360481843.2632446
2022-12-22 00:00:00,264.52485516032374,266.1213899511333,263.12789863762845,264.02593994140625,8391799,2215652618.774353
2022-12-23 00:00:00,264.0259365937294,265.22331483312837,262.9283170357544,263.9261474609375,3059799,807560962.0748291
2022-12-28 00:00:00,265.82202762394934,268.7157298586427,264.7244080311018,266.9196472167969,8234805,2198031245.499115
2022-12-29 00:00:00,266.72002132841686,268.20081023206944,265.0237281253657,267.3187255859375,7921721,2117624362.1673584
2022-12-30 00:00:00,266.7200840234657,267.3187884217174,264.6246643066406,264.6246643066406,3289465,870473571.3734436
2023-01-03 00:00:00,266.0216037997106,272.94353486653756,265.123562485864,270.5118408203125,25519962,6903451898.284424
2023-01-04 00:00:00,271.9088525201951,274.0043029785156,270.06285972473717,274.0043029785156,12607136,3454409512.2353516
2023-01-05 00:00:00,272.1084104979441,279.6918985211958,270.01296019620446,278.8936462402344,15803104,4407385296.473633
2023-01-06 00:00:00,278.39471375350627,279.415504602263,276.5986310066126,279.2927551269531,15052715,4204114244.490814
2023-01-09 00:00:00,279.492293755261,279.991208942096,274.0042267000756,277.197265625,23497299,6513387032.373047
2023-01-10 00:00:00,275.00209903768837,277.39688620965575,273.4654315013661,274.8025207519531,19104984,5250097762.125732
2023-01-11 00:00:00,275.6007468904061,280.19074200674135,273.5052971256556,279.4922790527344,31060744,8681238129.633545
2023-01-12 00:00:00,280.68966045872025,288.2522265396688,279.39249320652175,286.876220703125,19901301,5709210017.955322
2023-01-13 00:00:00,287.57472059801853,295.16819498572437,286.9969668342116,294.3599548339844,37880946,11150633553.628601
2023-01-16 00:00:00,293.36211365672426,296.75473064955634,291.86536817888384,295.856689453125,11041787,3266786547.4665527
2023-01-17 00:00:00,294.35992626332245,299.74820356905644,294.2601371471979,298.0519104003906,23357483,6961742430.294647
2023-01-18 00:00:00,297.65281816152486,299.0498051859758,295.2580311146182,298.1517333984375,13516586,4029993545.5290527
2023-01-19 00:00:00,295.15822513740795,296.65497076275255,291.66581867827057,292.16473388671875,15168968,4431837499.056152
2023-01-20 00:00:00,294.26018238133184,295.6571388677292,293.8610563068422,294.85888671875,14870612,4384732099.146484
2023-01-23 00:00:00,296.35558408981217,297.56295016527804,295.4575429555701,296.156005859375,12253407,3628920075.2893066
2023-01-24 00:00:00,297.3534170388817,298.85016242666126,294.85884139258235,298.0519104003906,8430559,2512744215.693207
2023-01-25 00:00:00,297.35349602099285,301.3448181152344,297.35349602099285,301.3448181152344,12363338,3725627840.9071655
2023-01-26 00:00:00,303.5400318363103,304.8371992269414,300.9456666036796,304.2384948730469,19361876,5890628012.158569
2023-01-27 00:00:00,304.83719717857326,308.5291819599739,303.9391558794501,307.8306884765625,13330930,4103669359.9328613
2023-01-30 00:00:00,305.43593511861184,308.5292158903231,302.7417804735859,307.9305114746094,22977185,7075376329.296722
2023-01-31 00:00:00,307.43154571992466,308.92829128774184,305.6354327677241,307.3317565917969,22127720,6800551056.971436
2023-02-01 00:00:00,307.8306851285484,309.32743076126417,304.2434835440848,307.73089599609375,14217847,4375270796.445374
2023-02-02 00:00:00,307.83064378501484,312.42066919914845,307.6310655469102,309.22760009765625,17283111,5344414936.751404
2023-02-03 00:00:00,309.1278709381292,309.1278709381292,301.04546840038284,305.53570556640625,17349624,5300929610.151855
2023-02-06 00:00:00,298.45105609010017,303.83933375107785,298.45105609010017,299.5486755371094,18238500,5463318518.783569
2023-02-07 00:00:00,301.8436780728792,303.63976050565924,299.6484391427121,303.3404235839844,13297620,4033705683.4588623
2023-02-08 00:00:00,304.8371820169191,306.3339275914703,302.14302780218037,304.6376037597656,26920530,8201005751.142883
2023-02-09 00:00:00,304.6376403662603,307.9803786413749,304.43809253649505,305.7352600097656,48027413,14683673601.151398
2023-02-10 00:00:00,303.93917512618714,304.2385120943941,301.7938456503837,303.8393859863281,21664421,6582504374.389313
2023-02-13 00:00:00,305.0367712980004,306.03460171709577,302.6419539310773,303.140869140625,14339700,4346949121.21582
2023-02-14 00:00:00,304.3382873535156,306.43373738950214,302.6419634073912,304.3382873535156,19534499,5945095969.968964
2023-02-15 00:00:00,297.3534867044606,301.2450195341443,293.2623755957695,300.14739990234375,21540348,6465279445.19165
2023-02-16 00:00:00,301.44454457732206,305.9347809996714,300.34692513936375,304.93695068359375,23301277,7105420355.413757
2023-02-17 00:00:00,281.48799814197866,287.87410743323903,275.9001410928617,283.9825744628906,122351815,34745783413.90732
2023-02-20 00:00:00,281.3881996469911,285.4793107675937,279.4923277963811,282.78515625,54884354,15520480621.570312
2023-02-21 00:00:00,280.9890384265717,283.0944458916971,276.6983495625485,278.9933776855469,53831232,15018557240.654297
2023-02-22 00:00:00,277.3968543006272,283.18425850476956,276.29923475808505,282.9847106933594,43988539,12448083982.738556
2023-02-23 00:00:00,283.383852881716,288.9717095921927,283.30403984288705,284.3816833496094,35944627,10221993533.63382
2023-02-24 00:00:00,284.58123629210024,285.3794884148118,279.2927170121946,280.8892517089844,17280086,4853790426.006897
2023-02-27 00:00:00,282.3860039250202,287.6744928780514,280.68968006011806,287.4749450683594,14808390,4257041101.8008423
2023-02-28 00:00:00,286.47710240158216,294.16037790156395,285.57906116799546,291.6658020019531,39613343,11553857456.073456
2023-03-01 00:00:00,290.96738551259523,294.5256281938079,290.52535341366087,293.0628356933594,38818884,11376372223.491577
2023-03-02 00:00:00,292.1647238971777,294.45975204838965,290.4684305172732,291.8653869628906,40373099,11783510162.526093
2023-03-03 00:00:00,292.3643283135273,295.45760886718665,292.29547776734427,293.5617370605469,22344366,6559450896.476624
2023-03-06 00:00:00,294.26019499469794,294.85889935777936,288.4727905381046,290.6679992675781,27856781,8097074799.305084
2023-03-07 00:00:00,290.86754159210545,292.3642870891489,286.17772685415673,287.7742614746094,31648273,9107558389.52182
2023-03-08 00:00:00,286.2775443118059,292.76344210760067,285.97820736331647,291.3664855957031,10976054,3198054279.6886597
2023-03-09 00:00:00,291.3664679538364,293.5117971584287,289.171228959939,292.66363525390625,25134237,7355877169.753235
2023-03-10 00:00:00,280.3903342293693,285.3794860839844,278.3946734875232,285.3794860839844,36947408,10544032307.175293
2023-03-13 00:00:00,285.4793040178367,287.5747540984911,269.01510123627503,271.6094665527344,41023117,11142266924.700409
2023-03-14 00:00:00,271.70922199205944,279.2927395759499,268.4163936556419,276.99774169921875,25167715,6971400218.729553
2023-03-15 00:00:00,275.40116675537513,277.0974904702838,260.23413379699707,261.2319641113281,32821996,8574154481.134155
2023-03-16 00:00:00,256.64024923463296,263.02879839722056,255.44238293908296,261.1322021484375,39437950,10298518731.71997
2023-03-17 00:00:00,261.8309026300662,265.82374921512553,253.74539743422156,257.5386047363281,98622757,25399167233.029938
2023-03-20 00:00:00,248.85414518624754,259.43517859320997,236.73386211935863,257.33892822265625,37174685,9566493594.914856
2023-03-21 00:00:00,260.7329190865328,276.20520108106047,260.7329190865328,271.9128723144531,37201718,10115625996.412292
2023-03-22 00:00:00,271.1142685705138,279.6988941672008,268.71856689453125,268.71856689453125,64868840,17431461720.910645
2023-03-23 00:00:00,268.219538676703,273.41022206527606,266.92184498230347,267.62060546875,31834182,8519483061.442383
2023-03-24 00:00:00,266.2230362162873,266.2230362162873,251.05020826328652,258.0376892089844,37421033,9656036883.133148
2023-03-27 00:00:00,262.13037273831065,263.98106094740393,257.13931472906256,259.2355651855469,20388145,5285332292.159882
2023-03-28 00:00:00,263.7275187144541,264.92535436487134,258.13752762350487,260.633056640625,32378835,8438994736.512451
2023-03-29 00:00:00,262.1303942757144,265.3246533862826,261.2320098528359,263.7275390625,19704726,5196678895.880859
2023-03-30 00:00:00,266.22307803590445,267.5706394881425,263.52789420542007,264.9253845214844,19487712,5162789595.043945
2023-03-31 00:00:00,263.3282251294837,264.3264367948161,261.33180179881896,263.12860107421875,17327340,4559318734.5373535
2023-04-03 00:00:00,264.42626896340414,267.8201825959466,262.4298455956729,263.7275390625,18755055,4946224500.131836
2023-04-04 00:00:00,265.723983429521,267.3210978795183,262.5296936035156,262.5296936035156,30184967,7924450137.94223
2023-04-05 00:00:00,263.92718340702464,264.2266652130044,261.03237539391876,261.8309326171875,15448150,4044803521.710205
2023-04-06 00:00:00,263.8273291485856,266.8219641239975,262.2302148654344,266.0234069824219,15817261,4207761660.350189
2023-04-11 00:00:00,267.1214300703863,271.0144492151306,267.0216028178543,267.8201599121094,14856354,3978831103.990906
2023-04-12 00:00:00,269.4173285003816,272.5117908258027,268.818395394977,270.1160888671875,13402994,3620364318.390381
2023-04-13 00:00:00,270.4155109739068,272.51176138485175,269.3174721431261,271.5135498046875,14409162,3912282724.3308105
2023-04-14 00:00:00,273.0109183334967,275.9057263658212,271.2141493377107,275.3067932128906,12492532,3439278924.029419
2023-04-17 00:00:00,276.6044654162555,276.9039167380809,270.51536801411214,270.8148193359375,18074237,4894771227.789917
2023-04-18 00:00:00,274.20876526081855,275.4066010190221,272.3121386667403,272.91107177734375,14317812,3907489418.4265137
2023-04-19 00:00:00,271.6133960389934,274.0090979062289,270.5153571314682,273.2105407714844,21253957,5806805085.503876
2023-04-20 00:00:00,274.6080395577193,276.5046356591708,272.0126830943106,273.0108947753906,19964382,5450493793.457703
2023-04-21 00:00:00,274.7078483377233,275.47844040882563,272.0126647949219,272.0126647949219,16464240,4478481796.223145
2023-04-24 00:00:00,272.1124806362442,275.0072881026192,270.3156815287358,273.7096252441406,16649652,4557170009.365356
2023-04-25 00:00:00,273.1107302270437,273.1107302270437,266.4226995780236,267.1214599609375,17683816,4723726747.600586
2023-04-26 00:00:00,265.1250446568945,271.9128723144531,263.47800137588445,271.9128723144531,24636780,6699057614.379272
2023-04-27 00:00:00,271.9128503727646,274.8076580971595,271.0144659704354,271.7132263183594,20938491,5689264943.847931
2023-04-28 00:00:00,259.5350705212309,263.428090486448,252.34794853771288,261.531494140625,60451507,15809972948.762451
2023-05-02 00:00:00,260.03414682353116,265.3246566274458,257.2391662597656,257.2391662597656,29700794,7640207485.813049
2023-05-03 00:00:00,256.2409435658718,259.23557852552125,253.34612063264336,254.643798828125,49949450,12719317697.375488
2023-05-04 00:00:00,253.74540773977762,257.13933661381884,250.05202754489582,251.94862365722656,31502587,7937033436.292038
2023-05-05 00:00:00,252.54755187341217,259.7346880644969,252.54755187341217,258.8362731933594,24492255,6339484006.301422
2023-05-09 00:00:00,260.73288451424185,264.1267978929998,259.93429694906297,261.331787109375,32296373,8440068873.240967
2023-05-10 00:00:00,263.3282312940086,264.8255488270595,259.1357604792682,260.13397216796875,20571611,5351374883.32428
2023-05-11 00:00:00,260.7329046516569,262.33001897936435,254.84344656347534,259.4352111816406,27731461,7194517440.910431
2023-05-12 00:00:00,260.83270263671875,261.83091432757953,259.535039623801,260.83270263671875,15716628,4099410557.5759277
2023-05-15 00:00:00,261.3318072120207,264.7257513148547,261.3318072120207,264.42626953125,12226574,3233027351.9677734
2023-05-16 00:00:00,264.5261047825669,265.6241437629444,262.23023002059904,263.52789306640625,11239970,2962045612.2296143
2023-05-17 00:00:00,262.3300459688849,266.52254766796557,261.73114326587876,265.9236145019531,16927111,4501318540.19577
2023-05-18 00:00:00,267.820177010118,269.6169762814028,267.12144712378705,267.4208984375,17401701,4653578515.760742
2023-05-19 00:00:00,267.7203588712627,269.1178489955176,266.5224927859013,267.91998291015625,10556117,2828194686.23761
2023-05-22 00:00:00,269.51714360868556,271.9128454592735,268.50595472692345,271.1142883300781,12829738,3478325287.33136
2023-05-23 00:00:00,271.31393180858265,275.1071546013827,270.21592329306543,273.510009765625,15686136,4290315210.544922
2023-05-24 00:00:00,272.21238611237845,272.31218292786366,267.62060546875,267.62060546875,16542328,4427067835.222656
2023-05-25 00:00:00,268.11964166970535,269.9164103632795,265.62411267140766,267.8201599121094,35915315,9618845406.59378
2023-05-26 00:00:00,268.81837516329557,269.61696273139984,264.925355965665,267.0216064453125,38026581,10153918746.242798
2023-05-30 00:00:00,267.12146679532196,268.61878440015784,264.32645565515884,264.8255615234375,14927085,3953073667.033081
2023-05-31 00:00:00,264.22665865023544,265.3246671892066,259.03594543889767,259.1357727050781,80876803,20958072839.32138
2023-06-01 00:00:00,259.93428981506685,264.3483785054564,257.7382426128481,262.9289245605469,22709157,5970894227.686615
2023-06-02 00:00:00,264.5260925292969,265.22485288344325,261.7311120387167,264.5260925292969,24475956,6474529001.598999
2023-06-05 00:00:00,264.92534290571524,265.9235544693863,256.4405446145107,258.0376892089844,37477702,9670659620.942932
2023-06-06 00:00:00,256.34074527346087,260.2337951660156,255.4423608609493,260.2337951660156,33947278,8834228989.495789
2023-06-07 00:00:00,262.62949213834725,262.62949213834725,257.33895209679656,259.6348571777344,26527706,6887517158.562927
2023-06-08 00:00:00,262.6295456700419,263.1685886024658,258.9361496139282,260.5332946777344,53356919,13901253900.923004
2023-06-09 00:00:00,261.43167925643525,263.9272088989423,259.83453419262906,260.5332946777344,32699642,8519345465.042419
2023-06-12 00:00:00,262.1303826168271,262.2302098733742,259.6847519149305,260.43341064453125,28711764,7477502624.140869
2023-06-13 00:00:00,261.5314568928508,263.82733154296875,259.63486081714444,263.82733154296875,30231494,7975894390.5772705
2023-06-14 00:00:00,264.12682733030596,266.3228748375486,262.4298552202967,264.9253845214844,16765060,4441489967.025757
2023-06-15 00:00:00,263.82734227204423,265.12503577040803,255.5172480797119,255.74185180664062,30959354,7917602522.697327
2023-06-16 00:00:00,256.0412890500277,258.1375396143827,254.643798828125,254.643798828125,52964903,13487184104.483154
2023-06-19 00:00:00,253.64556747867286,256.3407204552705,251.94859561477827,252.24806213378906,11664865,2942439591.3022614
2023-06-20 00:00:00,252.0484491739571,253.64559395439267,244.46203431414037,244.861328125,25400282,6219546785.269531
2023-06-21 00:00:00,236.57617069429173,242.76508013028933,234.62966094374028,235.17868041992188,29682536,6980699647.996826
2023-06-22 00:00:00,232.58331602026527,235.0748545088228,229.88814759336927,231.08599853515625,48372274,11178155238.706177
2023-06-23 00:00:00,229.58865712734917,230.38722941583117,225.59581091643875,228.7900848388672,25178424,5760573763.06897
2023-06-26 00:00:00,228.88994682596555,231.1858367919922,225.29637859814113,231.1858367919922,39998604,9247110736.251526
2023-06-27 00:00:00,229.68850342366687,233.18224414795515,227.99153145809765,230.487060546875,16771467,3865606129.888916
2023-06-28 00:00:00,230.8863592826847,235.67777828200977,230.6867199976089,233.58152770996094,26663127,6228013938.184708
2023-06-29 00:00:00,234.08062382831403,235.9772198051117,232.88277293604708,234.8791961669922,18968315,4455262579.8423
2023-06-30 00:00:00,236.077056345169,241.66704770429354,235.5779505178008,240.36936950683594,33402739,8028995313.2314
2023-07-03 00:00:00,241.36760044528862,245.65991394988373,241.36760044528862,245.2606201171875,31382313,7696845547.091675
2023-07-04 00:00:00,245.0609445133897,246.7579011643311,241.36756468922314,241.46737670898438,26406847,6376392072.245514
2023-07-05 00:00:00,239.57079278243899,242.66525494847915,237.07526369095524,237.97364807128906,30288796,7207935279.807068
2023-07-06 00:00:00,235.17868231820705,235.77760019855626,229.98796929950328,232.2838592529297,15707820,3648673050.050354
2023-07-07 00:00:00,230.6867339378696,233.7512359892972,229.28922839488627,232.18405151367188,33778258,7842772795.514099
2023-07-10 00:00:00,231.38545356826907,234.1005903580564,229.98794817945188,232.78294372558594,20871622,4858557609.487701
2023-07-11 00:00:00,232.78294990180888,234.87920042490245,231.28563245145654,234.7793731689453,29552820,6938392554.97467
2023-07-12 00:00:00,235.6777653996156,243.96290951364546,235.07883234562536,243.1643524169922,13451440,3270910696.6760254
2023-07-13 00:00:00,242.3658055579157,247.7561426842718,238.7722373193437,245.06097412109375,16649681,4080187044.6654663
2023-07-14 00:00:00,244.46202572002824,246.35863698405737,242.54546118978365,242.5654296875,22908911,5556909840.387695
2023-07-17 00:00:00,241.4673896875835,248.19534162631214,240.16972674043927,246.15899658203125,14072416,3464051802.044922
2023-07-18 00:00:00,246.15900449033637,250.4513024961745,245.460244134501,250.2516632080078,11171044,2795572340.7698364
2023-07-19 00:00:00,255.04306071275943,260.6330516976939,253.74538260216747,260.03411865234375,30763169,7999473537.868103
2023-07-20 00:00:00,261.43164082673337,262.70435466472503,256.4405822753906,256.4405822753906,23362964,5991212091.838989
2023-07-21 00:00:00,255.94148287148266,257.6384550069144,250.95042419433594,250.95042419433594,12833610,3220599873.4446716
2023-07-24 00:00:00,248.754345098231,253.24629761287943,248.15542723517865,252.04844665527344,17421001,4390936241.229965
2023-07-25 00:00:00,252.2480804115018,253.04665277622797,249.8523785488243,250.75076293945312,8966261,2248296786.464264
2023-07-26 00:00:00,242.46559259557313,246.0092468371923,240.1697180908483,241.36756896972656,30889227,7455657628.34404
2023-07-27 00:00:00,241.56724381230327,241.56724381230327,236.77582435980833,239.4709930419922,47016890,11259181338.046112
2023-07-28 00:00:00,237.0752804633799,247.64633878721816,237.0752804633799,245.06097412109375,31878368,7812143915.470703
2023-07-31 00:00:00,244.56185852423215,246.85774840565787,241.76686280908353,243.8631134033203,16831387,4104554436.7161713
2023-08-01 00:00:00,239.77042529200048,243.5636324502304,237.7740020751953,237.7740020751953,22121366,5259885725.190155
2023-08-02 00:00:00,232.78294800997332,235.9772221651315,231.68492436087243,232.68313598632812,22334023,5196750510.83078
2023-08-03 00:00:00,231.8845883445734,238.17332530124455,230.5869100469266,236.3765411376953,21897487,5176052236.667648
2023-08-04 00:00:00,237.57436641636852,239.0716838517658,234.4799042906139,236.97543334960938,11893496,2818466368.6418457
2023-08-07 00:00:00,237.27490667518146,239.69057704565958,235.7775891969222,239.67062377929688,16603610,3979397565.6881714
2023-08-08 00:00:00,238.47278338529853,239.9970607851408,234.1804850022505,236.57618713378906,37892598,8964486355.433441
2023-08-09 00:00:00,239.47096552617933,241.36657149555447,237.07526369095524,237.97364807128906,41245182,9815266425.904266
2023-08-10 00:00:00,234.6338813927523,236.73061578856652,234.13466036851239,235.1331024169922,19140847,4500646737.998978
2023-08-11 00:00:00,234.63386697284247,237.22982223335677,234.23449627200134,235.63230895996094,17992417,4239594761.4804535
2023-08-14 00:00:00,235.33279022516243,235.6323258898223,233.83512713687963,234.73373413085938,17901531,4202093218.289337
2023-08-15 00:00:00,235.13308714166178,236.0316788329103,231.8881506949085,233.23605346679688,15557096,3628475674.444092
2023-08-16 00:00:00,230.64011120584203,231.94008469181162,225.59797585758548,226.04727172851562,24362647,5507109886.434906
2023-08-17 00:00:00,225.44822358128357,229.24230651327488,224.8491522422787,227.24542236328125,11087813,2519654748.2700806
2023-08-18 00:00:00,225.44821003830182,227.0457081213226,224.4497680232828,226.3468017578125,12185773,2758210745.496704
2023-08-21 00:00:00,225.94743271447885,227.5449308092975,223.55116271972656,223.55116271972656,12590602,2814643716.4413147
2023-08-22 00:00:00,224.64945183194178,225.24852313083335,221.4544404528907,221.5542755126953,20252277,4486978558.2174225
2023-08-23 00:00:00,222.25320347788718,225.8276125626913,221.85381752217134,223.65101623535156,19078869,4267008440.4711456
2023-08-24 00:00:00,225.74774089436576,227.25538282041262,223.6510066133592,225.24851989746094,6983556,1573035652.6210327
2023-08-25 00:00:00,226.5465040865043,228.74308887212553,225.2485415577501,225.44822692871094,12698601,2862877079.9251556
2023-08-29 00:00:00,229.84136606891965,233.5355987548828,228.04416725993244,233.5355987548828,73016129,17051865404.778763
2023-08-30 00:00:00,234.1346659840002,238.2282845749554,233.93498061651832,234.8335723876953,30267115,7107734741.319199
2023-08-31 00:00:00,235.93187912841398,235.93187912841398,230.0410614013672,230.0410614013672,25441509,5852591734.012436
2023-09-01 00:00:00,230.73995406761895,233.63542979586904,230.4903435657003,232.9365234375,10542433,2455717691.5927734
2023-09-04 00:00:00,233.4357500806423,235.93185516012946,232.63699340820312,232.63699340820312,10703712,2490079377.9873047
2023-09-05 00:00:00,231.03947531946167,233.73528093796872,229.44197724240064,229.64166259765625,14337076,3292389969.428955
2023-09-06 00:00:00,228.64321415051526,230.54024782457006,226.54647989180998,227.544921875,15388174,3501500850.6289062
2023-09-07 00:00:00,225.94745858107854,228.04617371447932,224.25010999570065,224.34994506835938,9204301,2064984423.7426453
2023-09-08 00:00:00,224.2500754837051,224.84913153251682,221.3296296363241,223.7508544921875,36151826,8089001958.952881
2023-09-11 00:00:00,225.54805314331315,228.54337929520318,223.85070470424546,225.6479034423828,12258735,2766157851.6057587
2023-09-12 00:00:00,226.34680091338234,229.64166259765625,225.6468890414209,229.64166259765625,25686121,5898603532.124573
2023-09-13 00:00:00,230.44041523353084,232.73683486644828,229.5418082980332,230.93963623046875,22895513,5287481443.529968
2023-09-14 00:00:00,231.73840783049553,237.2298391512654,231.13933650149576,236.63076782226562,19058237,4509765254.648712
2023-09-15 00:00:00,238.32811873928355,239.42641110880317,234.43420076556296,236.2313995361328,46681323,11027594264.488266
2023-09-18 00:00:00,236.13153891727842,237.17690479235145,231.53869950817898,231.6385498046875,14180003,3284635331.146118
2023-09-19 00:00:00,228.4435415449731,233.35587454810857,228.24385618419845,231.7384033203125,14457063,3350256696.321167
2023-09-20 00:00:00,232.33745281849693,242.42172321951475,232.1377674633811,241.02389526367188,23625246,5694248817.482483
2023-09-21 00:00:00,238.8273475529305,242.82111595761165,237.5792949264676,239.32656860351562,32599432,7801910198.983643
2023-09-22 00:00:00,237.42951081385502,243.22047746492777,237.03012487256484,237.6291961669922,29483299,7006092641.721085
2023-09-25 00:00:00,236.8304637425873,240.12532572890635,233.63545206055755,235.53248596191406,25920274,6105066572.033966
2023-09-26 00:00:00,235.53246744688704,238.12842280416746,233.73528399109497,237.3296661376953,23510513,5579742201.015945
2023-09-27 00:00:00,236.63075897873927,240.62452706276864,236.53090868263206,236.8304443359375,15871910,3758951497.76001
2023-09-28 00:00:00,236.3312404180489,236.53092578968932,232.4373223484998,234.03482055664062,29660169,6941512329.594635
2023-09-29 00:00:00,235.53246428584808,238.9461438590057,233.83511591425972,235.33277893066406,14463965,3403845077.8058624
2023-10-02 00:00:00,232.93652677850832,236.83044457028353,227.34524536132812,227.34524536132812,26766414,6085216958.272888
2023-10-03 00:00:00,226.54649687091623,229.44198798018667,224.7493133544922,224.7493133544922,13855668,3114051869.06781
2023-10-04 00:00:00,222.95211624299083,225.34837110585988,221.85382387708265,223.8507080078125,27082789,6062501492.476196
2023-10-05 00:00:00,224.44978595386792,225.0488420697264,221.50438482126617,222.1533660888672,11558756,2567816553.19989
2023-10-06 00:00:00,223.15178559552558,225.74774087319346,221.05505131471566,223.35147094726562,13417132,2996736168.093628
2023-10-09 00:00:00,222.35303136384144,223.75085931120566,218.95833464241508,221.0550537109375,16190724,3579041363.438965
2023-10-10 00:00:00,223.35147254133832,229.34212454638995,219.65724018522633,228.1439971923828,12044735,2747933988.022995
2023-10-11 00:00:00,226.64635645477077,229.84136812431032,224.64947225693138,228.84292602539062,15872277,3632258311.365509
2023-10-12 00:00:00,229.94120953434356,231.33902232475836,227.54493944861088,229.0426025390625,22564220,5168167673.063965
2023-10-13 00:00:00,228.94276199149763,230.34057474843868,222.15335309703443,225.5480499267578,20315005,4582009762.002335
2023-10-16 00:00:00,225.64791286576045,228.84292451420137,223.85071405256951,227.844482421875,9942762,2265403461.7338867
2023-10-17 00:00:00,227.54492510156058,231.63854338469295,226.14711239928,231.43885803222656,12352139,2858764944.415329
2023-10-18 00:00:00,231.83824924673442,233.23607730768975,226.84603881835938,226.84603881835938,16941566,3843127138.4797974
2023-10-19 00:00:00,226.04726536136786,229.04259139655392,222.05349731445312,222.05349731445312,18669997,4145738128.700348
2023-10-20 00:00:00,219.65727013908753,221.55430410537247,217.66038586509583,218.15960693359375,16164669,3526477835.251648
2023-10-23 00:00:00,217.9598951397968,220.05661423238706,214.26566272760013,214.96456909179688,20877483,4487919136.816315
2023-10-24 00:00:00,208.47468402413242,216.7617553283681,206.5776351615881,207.4762420654297,32924543,6831060453.361649
2023-10-25 00:00:00,206.6775079399616,209.0737628075776,203.7830223147725,206.27813720703125,34158704,7046193830.526367
2023-10-26 00:00:00,206.078426186295,207.87562486364968,202.3841937709091,205.4793701171875,22441019,4611166448.907837
2023-10-27 00:00:00,172.7304678277655,189.3046112971529,167.7382577749399,181.71644592285156,68567068,12459763904.310486
2023-10-30 00:00:00,177.17353016919336,183.61347803368338,176.77415946248698,177.8724365234375,73154105,13012098898.041382
2023-10-31 00:00:00,177.37321712829538,181.36698517157828,176.1251646147695,177.92236328125,44030391,7833991222.91748
2023-11-01 00:00:00,178.67118991747782,180.61814873848664,175.77571425905603,175.87554931640625,30844188,5424738507.718506
2023-11-02 00:00:00,176.6743193280632,182.11582550368837,176.27494859839078,181.5167694091797,26293537,4772717892.580734
2023-11-03 00:00:00,183.41380053781234,187.12800616235953,182.8147444520891,186.6587371826172,35345219,6597493943.9830475
2023-11-06 00:00:00,186.808512506999,191.3514116187138,185.16107399356022,189.50430297851562,26523029,5026228123.523956
2023-11-07 00:00:00,191.00195634400774,195.84439086996363,188.50585136103592,194.8958740234375,62350352,12151826348.708984
2023-11-08 00:00:00,194.0472210188294,195.94425484433467,192.7492432900546,195.79449462890625,31296560,6127694148.823242
2023-11-09 00:00:00,195.39509192109972,201.38574378522142,195.39509192109972,200.48715209960938,29477111,5909782036.514069
2023-11-10 00:00:00,198.6899550398103,202.08465169522793,196.7429962158203,196.7429962158203,28053567,5519342826.121262
2023-11-13 00:00:00,197.29215202832384,198.2905940624044,195.19541766274813,196.09400939941406,24492221,4802777814.9865265
2023-11-14 00:00:00,195.19541282084452,200.98637952186766,194.14704566406184,200.6868438720703,101073449,20284111479.07466
2023-11-15 00:00:00,204.58077362341714,207.47626476140402,199.63848843420166,204.38108825683594,23554183,4814029554.540665
2023-11-16 00:00:00,203.90184059790155,205.8787516291814,200.28748518247752,200.58700561523438,13622128,2732421865.6274414
2023-11-17 00:00:00,204.78045182393538,207.8756127549047,199.68839174054537,207.4762420654297,18368929,3811116359.6866913
2023-11-20 00:00:00,208.4747243303081,209.8835216968478,206.3779897176469,207.77581787109375,12480560,2593158561.489258
2023-11-21 00:00:00,207.17674181657137,209.07377576811356,205.87876400156037,206.67752075195312,11381894,2352381633.381531
2023-11-22 00:00:00,206.57764152076922,208.57452549964572,199.03941668852292,203.88185119628906,21697243,4423674068.6957245
2023-11-23 00:00:00,203.58233231842624,205.6790667629289,202.78359084910807,204.88031005859375,14102707,2889366982.8255005
2023-11-24 00:00:00,204.28121880626585,206.2781026059947,202.88339100544707,205.6790313720703,6490814,1335024336.3362732
2023-11-27 00:00:00,204.78046377537387,207.3764038784966,203.57433801854103,203.5823211669922,8922613,1816486265.4147797
2023-11-28 00:00:00,202.3842018232688,205.4793782926965,201.38575976668136,202.8834228515625,13402556,2719156436.239746
2023-11-29 00:00:00,202.1845123286436,206.97703714936287,201.68529131054817,206.07843017578125,16644118,3429993709.100464
2023-11-30 00:00:00,211.37017840855455,212.8678414798032,205.82882199793127,207.5760955810547,39254605,8148317639.476547
2023-12-01 00:00:00,208.275016250277,211.76956340054997,207.0768736107416,210.87095642089844,13824861,2915261661.4559784
2023-12-04 00:00:00,211.27033113335105,214.66502780462724,209.57296756269724,213.36705017089844,20587197,4392629495.17717
2023-12-05 00:00:00,211.76955690381976,214.66503264549678,210.47157924082052,214.46534729003906,17883757,3835446155.855667
2023-12-06 00:00:00,215.56361953903527,220.2563090798746,213.16736485713002,219.05816650390625,27174829,5952868215.79718
2023-12-07 00:00:00,215.8631686908121,218.15958845843048,214.56519097563503,218.0597381591797,24781731,5403897772.991226
2023-12-08 00:00:00,218.8585011294067,222.35304841324538,217.86005904830995,220.15647888183594,28410434,6254741112.944794
2023-12-11 00:00:00,219.85693768072034,221.05506510089805,215.7633343921951,218.5589599609375,22493244,4916100014.787598
2023-12-12 00:00:00,217.76022429680594,219.95679383139884,215.85519204998707,216.36239624023438,17489986,3784175281.168152
2023-12-13 00:00:00,216.3623818201904,217.7602097836,214.26566272760013,214.96456909179688,23509064,5053615812.511475
2023-12-14 00:00:00,217.95990365452516,225.3483687675531,213.66659977100167,222.35304260253906,42890819,9536904104.364792
2023-12-15 00:00:00,223.55116767042293,224.2500892895889,220.255315600481,220.85537719726562,33363222,7368446979.326111
2023-12-18 00:00:00,219.95679198465243,222.25321180222593,216.26255935726047,219.1580352783203,17777598,3896103449.6477966
2023-12-19 00:00:00,218.7586637776362,220.55584731682728,216.9614650034282,218.6588134765625,37993552,8307625000.080078
2023-12-20 00:00:00,222.5527142891041,223.85069192784366,215.26409992352,217.6603546142578,39888568,8682159855.934937
2023-12-21 00:00:00,216.4622441167464,222.55273161100112,214.4653599740366,216.76177978515625,24758121,5366614372.096252
2023-12-22 00:00:00,215.76334013171837,216.86262279263676,215.16426878818527,216.36239624023438,15800558,3418646590.812805
2023-12-27 00:00:00,216.661911822001,219.05816650390625,215.1642488370563,219.05816650390625,10429491,2284665176.0289917
2023-12-28 00:00:00,219.05817055281287,219.65724185186983,216.5620655317689,217.7602081298828,9626184,2096199831.3365479
2023-12-29 00:00:00,217.95988945595622,219.15801679690884,217.06128252397997,219.05816650390625,8047826,1762942007.9024658
2024-01-02 00:00:00,219.15802721455654,221.15491128940442,218.28138913357188,219.85693359375,11449770,2517311322.553711
2024-01-03 00:00:00,219.85693446804714,221.65413318956038,217.3608293645611,218.45912170410156,23258675,5081069712.501144
2024-01-04 00:00:00,217.7602264112261,220.35616671003586,217.56052580476458,219.75711059570312,11259352,2474322662.699951
2024-01-05 00:00:00,218.3592745004836,221.55428603122127,217.06129678127297,220.4560089111328,9408883,2074244794.491806
2024-01-08 00:00:00,219.85692714585716,221.90474182060694,218.65879978309002,221.5542755126953,10019582,2219881230.9500427
2024-01-09 00:00:00,220.75553249737635,222.45288085193687,219.55738990825986,220.5558319091797,20016928,4414850207.306152
2024-01-10 00:00:00,219.85692230779742,219.85692230779742,214.4653416764816,214.76487731933594,23135756,4968747799.03009
2024-01-11 00:00:00,215.36394640914014,217.1611451400612,211.37017822265625,211.37017822265625,59050240,12481459752.890625
2024-01-12 00:00:00,213.16738417939393,216.46224609193365,212.069091796875,212.069091796875,27315913,5792860861.512451
2024-01-15 00:00:00,211.96925032344967,214.16581978708308,210.6712726110701,211.86940002441406,18616959,3944363933.6091156
2024-01-16 00:00:00,210.47159716935002,211.9792392517492,208.37486267089844,208.37486267089844,30329036,6319808711.440735
2024-01-17 00:00:00,204.5807631610021,206.96703897190145,202.78357971866353,205.4793701171875,20424961,4196908120.94812
2024-01-18 00:00:00,205.47937007098903,208.2750107645771,204.98014906267034,207.37640380859375,20033820,4154541546.1486816
2024-01-19 00:00:00,208.6743911596445,208.9739268255373,206.67750703371487,207.6759490966797,29318467,6088740460.284683
2024-01-22 00:00:00,209.7726800109791,213.56674759871308,209.473144350101,213.26722717285156,16108287,3435369702.9944916
2024-01-23 00:00:00,214.66504959641608,215.26412094511065,212.8678507853496,213.56675720214844,27552727,5884346557.46608
2024-01-24 00:00:00,215.5636227320332,218.45810817577254,214.76488131624404,217.260986328125,26169284,5685564453.34082
2024-01-25 00:00:00,216.36240412052396,219.6572661599264,215.66349768429137,217.56053161621094,22726539,4944397906.636551
2024-01-26 00:00:00,218.65880605152677,224.15023725373405,218.25943533082733,223.65101623535156,33158439,7415918579.127914
2024-01-29 00:00:00,222.85226042909133,224.44977378815955,222.05350374955722,222.25320434570312,17317858,3848949432.9038696
2024-01-30 00:00:00,223.15180614836527,226.94588912093374,222.55273480295338,226.84603881835938,24493158,5556175870.452209
2024-01-31 00:00:00,226.54650008705636,228.7430848338991,224.25009550902124,224.84915161132812,34533248,7764771515.183594
2024-02-01 00:00:00,223.1518051251262,224.64946824677136,219.4575724720716,220.15647888183594,25286335,5566950477.426529
2024-02-02 00:00:00,222.25319549875607,223.2516374996759,220.3561465559989,220.5558319091797,13570502,2993053358.035187
2024-02-05 00:00:00,219.75709377001203,221.05505620252984,216.86160278320312,216.86160278320312,30880004,6696687161.391724
2024-02-06 00:00:00,218.05974366185256,220.65569915771485,217.5605226230342,219.65725708007812,30013778,6592744150.090393
2024-02-07 00:00:00,218.85850545518946,220.25633353736353,216.16271482994875,216.9614715576172,18660869,4048689598.7839203
2024-02-08 00:00:00,217.1611295554035,218.85847786584495,215.16424560546875,215.16424560546875,13857193,2981572478.0543823
2024-02-09 00:00:00,212.96767456806973,214.06395580354152,210.37171936035156,210.37171936035156,39006580,8205881300.967102
2024-02-12 00:00:00,206.57764714828056,209.37328784186863,205.0799841233244,207.37640380859375,34178352,7087783725.864258
2024-02-13 00:00:00,206.6774983169794,208.17516134826187,203.08310094789505,204.08154296875,27942681,5702585453.163574
2024-02-14 00:00:00,203.7820177485088,209.97235508493492,203.3826318085684,208.67437744140625,16901436,3526896635.1657715
2024-02-15 00:00:00,209.473136449617,216.6619158644766,209.07375050517058,213.96612548828125,24897424,5327205347.918945
2024-02-16 00:00:00,206.67749561982995,229.94119744916185,206.4778102652681,229.14244079589844,60514750,13866497519.153595
2024-02-19 00:00:00,229.64168565538193,230.7399780720886,223.35149730564405,224.64947509765625,43425427,9755499381.44159
2024-02-20 00:00:00,225.44821635153343,228.44354248046875,224.05038835035373,228.44354248046875,34604468,7905167255.5720215
2024-02-21 00:00:00,227.94431263810495,231.5386947127238,227.6447769897994,228.64321899414062,22234295,5083720780.865326
2024-02-22 00:00:00,229.64166263400273,231.64852559241587,226.1471155939201,227.74462890625,38369893,8738537042.45752
2024-02-23 00:00:00,228.64323804290967,231.43887893497927,227.7446462581453,231.13934326171875,36593418,8458178604.221558
2024-02-26 00:00:00,230.64011261144873,232.23762597895455,229.5418202669114,230.8397979736328,20918731,4828875637.90477
2024-02-27 00:00:00,230.1409104789621,234.73375036126956,230.1409104789621,233.33592224121094,80186311,18710346828.305557
2024-02-28 00:00:00,234.13464678064713,238.02856444973048,234.02481755228754,236.13153076171875,47421560,11197725553.908691
2024-02-29 00:00:00,236.8304745805234,241.78275434056096,236.53093888896555,238.72752380371094,102182187,24393700479.357742
2024-03-01 00:00:00,239.22671723456082,246.98560637393442,239.22671723456082,246.41549682617188,30613231,7543574526.319366
2024-03-04 00:00:00,245.61674248639844,249.10131069977484,245.31720682660685,247.9131622314453,37779767,9366101505.337204
2024-03-05 00:00:00,246.6151868441141,251.40771174071966,245.3172091295102,249.41082763671875,42945159,10710987649.180481
2024-03-06 00:00:00,249.91004054348326,255.12590067863644,249.51065459464857,252.0067596435547,52027977,13111401894.579391
2024-03-07 00:00:00,252.10662213180157,253.015208069948,248.7119251951227,250.0098876953125,46470600,11618109487.13379
2024-03-08 00:00:00,250.90848584360194,253.4045909251439,248.71191641884826,250.20957946777344,21611230,5407336770.081329
2024-03-11 00:00:00,249.31098052760282,251.00832899071892,238.7165193348314,249.5106658935547,90593615,22604073204.354324
2024-03-12 00:00:00,250.60896751824328,257.02894291914924,241.9135356204718,253.6042938232422,26935045,6830843066.32225
2024-03-13 00:00:00,254.10350691996337,256.10039106078824,250.20958893936165,252.40615844726562,45181813,11404167851.012726
2024-03-14 00:00:00,241.93270698884155,243.1313796301489,238.83613726896002,239.73513793945312,58629019,14055435957.219818
2024-03-15 00:00:00,239.6352645247078,243.4190941039076,239.53538401976525,239.9349365234375,126100754,30255976406.547607
2024-03-18 00:00:00,238.4365882640525,240.33450073345273,237.22293269110008,239.83505249023438,43080209,10332144186.805267
2024-03-19 00:00:00,238.7362415313721,240.88386271196651,237.0391114127473,239.73513793945312,26434028,6337165348.875366
2024-03-20 00:00:00,238.53646214414474,247.10699504119196,238.53646214414474,245.22906494140625,25960540,6366278949.573975
2024-03-21 00:00:00,249.52432811190903,253.51991378146099,247.72631151222072,253.12034606933594,57791909,14628308006.08757
2024-03-22 00:00:00,254.21916646456026,261.31133791261146,254.21916646456026,260.8118896484375,68959021,17985332575.316284
2024-03-25 00:00:00,261.01162690556106,261.5110751242735,257.115936896384,259.71307373046875,30669324,7965224405.275635
2024-03-26 00:00:00,258.41454424824207,262.5099956300575,258.41454424824207,262.1104431152344,46259612,12125127399.658813
2024-03-27 00:00:00,260.0127683086312,262.80969703080694,259.31355899101567,262.510009765625,33357569,8756695763.94751
2024-03-28 00:00:00,264.70755252011975,266.4056886355068,263.40899936169416,265.2070007324219,25164728,6673862037.127197
2024-04-02 00:00:00,264.8074439993368,267.60434174967435,263.40899512416803,266.80523681640625,31032477,8279627374.98468
2024-04-03 00:00:00,266.4056697292742,272.6987045641179,266.10598253282126,272.3990478515625,34901617,9507167239.279907
2024-04-04 00:00:00,274.0972154871652,280.6899390127145,273.1982146618413,280.19049072265625,49149789,13771303498.825012
2024-04-05 00:00:00,277.19374228496645,278.9917435548773,277.19374228496645,278.0927429199219,20411707,5676347587.30777
2024-04-08 00:00:00,277.4934411441498,280.3902654401249,277.1937843816226,277.9928894042969,20389975,5668268065.131378
2024-04-09 00:00:00,277.7930925716545,279.59109388278677,275.49561258087584,275.6954040527344,23965950,6607302268.757629
2024-04-10 00:00:00,278.0927429199219,279.49119173917455,275.5955019984357,278.0927429199219,38848320,10803435866.63086
2024-04-11 00:00:00,277.59334558442987,279.0916904117844,269.90186042768556,272.1993103027344,46759559,12727919709.860016
2024-04-12 00:00:00,274.7964265016001,277.6932201837147,273.19818604405026,274.19708251953125,15761217,4321679718.357239
2024-04-15 00:00:00,274.99619261247295,279.19157008095317,274.69653585782515,276.4945373535156,23374274,6462859075.604309
2024-04-16 00:00:00,269.9018363682517,271.30028531900876,267.40459521193515,268.50335693359375,31061155,8340024387.73468
2024-04-17 00:00:00,268.30360131179424,273.7975319658619,266.70536084292155,272.0993957519531,11269812,3066509035.4381104
2024-04-18 00:00:00,275.0960998535156,277.3935801761221,273.0983067819812,275.0960998535156,32713225,8999280611.130524
2024-04-19 00:00:00,273.79751651543876,277.6232764148303,272.1992761367549,276.3946533203125,25990611,7183665916.928101
2024-04-22 00:00:00,280.39025390106093,281.87161908679224,278.29256519799014,279.391357421875,24833895,6938375634.122314
2024-04-23 00:00:00,281.68879436768066,286.65331086365853,280.9895546703711,285.4845886230469,27743088,7920224064.812988
2024-04-24 00:00:00,284.6855024208584,287.1827436701642,281.6888129216915,285.5845031738281,79759421,22778054619.717194
2024-04-25 00:00:00,287.68219258172195,290.91860749341765,284.6855030756623,289.4801940917969,48741809,14109788329.705292
2024-04-26 00:00:00,295.6733471440103,308.3593441643573,295.17389892248326,307.0607604980469,57160251,17551670142.319244
2024-04-29 00:00:00,309.1584431798005,309.6578913917226,300.4960163186774,302.1661682128906,25077684,7577627681.933716
2024-04-30 00:00:00,301.06741126543875,308.95868784006336,299.36930543661754,303.16510009765625,28958448,8779190786.592773
2024-05-01 00:00:00,304.86320601042615,307.61017122338944,302.66562164649554,304.463623046875,27320465,8318087757.225342
2024-05-02 00:00:00,303.6644918531557,303.6644918531557,303.6644918531557,302.8653869628906,60342241,18275576170.673004
2024-05-03 00:00:00,304.5635563952146,306.8610367837255,300.9675226665178,304.6634521484375,11320341,3448894168.557495
2024-05-07 00:00:00,306.6612183008438,317.5491837984584,306.6612183008438,311.65570068359375,58607016,18265210636.45459
2024-05-08 00:00:00,311.9553514585216,316.6501770019531,310.4570067723925,316.6501770019531,24102798,7632155252.942322
2024-05-09 00:00:00,317.44927978515625,321.0772907154383,314.65238191722995,317.44927978515625,27610156,8764824136.95581
2024-05-10 00:00:00,317.74897435792434,320.14631979785185,315.45149417823865,318.9476318359375,13326847,4250566290.489868
2024-05-13 00:00:00,318.5480888529419,321.1452258586884,316.35053483569646,319.6468811035156,34849038,11139386306.157898
2024-05-14 00:00:00,319.6468863536163,324.4415774553595,317.6490933139062,323.242919921875,56855688,18378198603.28711
2024-05-15 00:00:00,324.74124173147607,327.73793107907403,321.24510415927847,326.039794921875,30683236,10003955972.979492
2024-05-16 00:00:00,327.3383785961744,329.4360367523726,324.0420020234764,326.039794921875,12596870,4107080911.4575195
2024-05-17 00:00:00,325.6402340707749,327.17253777027315,319.5469597904621,320.645751953125,21676972,6950628987.006836
2024-05-20 00:00:00,321.44486780400604,321.7485484225611,316.2506245157655,316.6501770019531,30674417,9713059572.48172
2024-05-21 00:00:00,313.9531228991657,318.6479481214741,312.3549130637317,314.75225830078125,28788000,9061088011.96289
2024-05-22 00:00:00,313.1540222167969,320.0464012979944,311.6556776128888,313.1540222167969,55220401,17292490681.574432
2024-05-23 00:00:00,313.65350708748866,315.35164336400743,305.1628866727,306.86102294921875,49535285,15200448227.181091
2024-05-24 00:00:00,308.7588848759973,308.7588848759973,302.0662667690738,307.16064453125,24403146,7495686053.950195
2024-05-28 00:00:00,308.05966675753757,311.9553569128061,305.262768821422,309.0585632324219,36468989,11271053342.878998
2024-05-29 00:00:00,310.55691751096214,312.2550537641343,307.16067548851987,309.7578125,61372760,19010691884.6875
2024-05-30 00:00:00,308.15952947532736,316.05080468439894,306.56128919002094,315.8510437011719,27123404,8566955462.12854
2024-05-31 00:00:00,316.6501978314112,318.348334114289,314.64941736269327,314.65240478515625,108537458,34151572168.967896
2024-06-03 00:00:00,319.6468552195366,321.74454380369474,317.3483996725187,319.3471984863281,21067564,6727867542.331421
2024-06-04 00:00:00,317.8488475026019,318.5480566940863,312.35491728827213,313.1540222167969,13692693,4287921887.929779
2024-06-05 00:00:00,314.0530296647621,315.551374301029,309.6578914951591,312.05523681640625,11465503,3577870253.8842163
2024-06-06 00:00:00,312.3549370971495,318.44818115234375,310.157352678492,318.44818115234375,11283013,3593054967.7682495
2024-06-07 00:00:00,318.6479509838958,320.5458480434464,311.3060563613115,316.5502624511719,18510630,5859544784.636536
2024-06-10 00:00:00,312.454781829471,318.54805596826003,308.05964376480154,310.556884765625,25612036,7953994112.665039
2024-06-11 00:00:00,310.95644486615674,313.0541334551481,301.0673763567973,303.4647216796875,54090329,16414506635.54773
2024-06-12 00:00:00,306.8610187303846,311.1562615111348,301.56684896007863,309.7578125,46970669,14549531681.101562
2024-06-13 00:00:00,308.7588827232044,310.1143797701445,306.9608509164382,307.9597473144531,25639536,7895945027.819824
2024-06-14 00:00:00,308.1595762308607,309.7578167586602,299.86874731351037,306.86102294921875,15037419,4614397776.856018
2024-06-17 00:00:00,309.65788804091414,310.13636332469713,304.5635102376547,307.66009521484375,14622992,4498911111.045898
2024-06-18 00:00:00,312.15511547193927,312.6545636566944,307.6600818091433,309.857666015625,18621242,5769934584.432129
2024-06-19 00:00:00,310.0574323407203,315.3516014806688,309.05853595400157,312.1551208496094,8694300,2713970267.202759
2024-06-20 00:00:00,311.45589025835864,320.14630126953125,309.5579931650851,320.14630126953125,36604533,11718805849.648499
2024-06-21 00:00:00,320.24619311525305,322.24398592260474,313.8532622285075,314.45257568359375,134567756,42315177478.16138
2024-06-24 00:00:00,319.1474178765914,322.14410724632467,313.95314410882685,315.35162353515625,36754186,11590492226.81311
2024-06-25 00:00:00,315.3516198792645,317.24951702797966,307.3434687868181,309.65789794921875,17518500,5424741885.223389
2024-06-26 00:00:00,312.45480075232996,313.77335139675444,307.85990141965806,310.65679931640625,51836672,16103414610.734375
2024-06-27 00:00:00,312.4548059117313,314.4525988663687,308.7589072359928,312.9542541503906,16878576,5282222163.200684
2024-06-28 00:00:00,316.6501758529018,320.54586592592074,310.6567971301339,311.4559020996094,21949705,6836365171.595306
2024-07-01 00:00:00,314.55250903606293,324.64137001643104,309.55802642042556,314.65240478515625,15535781,4888370851.86554
2024-07-02 00:00:00,314.15292424509414,318.8677165691778,312.6545796143545,316.75006103515625,21767927,6894992205.858826
2024-07-03 00:00:00,319.4470665100875,321.64465085232797,318.1485133430635,321.14520263671875,16793041,5393004554.831726
2024-07-04 00:00:00,322.94324929450846,326.6391788017288,319.1474545172855,325.44049072265625,11649920,3791355681.6796875
2024-07-05 00:00:00,326.5392167911042,328.1374570776073,323.4426319517353,324.4415283203125,20949543,6796901748.5321045
2024-07-08 00:00:00,324.2417779729688,332.3328449206332,322.04419369645296,329.0364685058594,40669283,13381677254.985382
2024-07-09 00:00:00,329.03647143311645,330.83450326187074,321.0453001512732,322.2439880371094,16608144,5351874556.45459
2024-07-10 00:00:00,322.9432160818872,324.7412480155802,320.2462139071994,322.3439025878906,29355218,9462475531.438293
2024-07-11 00:00:00,323.7423593327177,326.5392573183011,320.346117354823,326.4393615722656,14208445,4638195714.73465
2024-07-12 00:00:00,327.53816276369065,329.43606005463477,323.143024173109,323.242919921875,16413881,5305670821.690186
2024-07-15 00:00:00,319.4470365731169,325.24065362157495,317.24948292072,322.4437255859375,10469729,3375898424.635132
2024-07-16 00:00:00,321.344995363588,326.439342795452,319.34720249339824,326.3394775390625,11785154,3845960999.0773926
2024-07-17 00:00:00,327.33835795865525,330.63470383962994,325.2406694508084,328.0375671386719,13007298,4266882390.9677124
2024-07-18 00:00:00,330.33506779943895,336.8278947163975,330.23517205778256,335.9288635253906,16364928,5497451664.714844
2024-07-19 00:00:00,331.8334146333656,337.75686329696464,326.03979690247473,335.1297607421875,10549199,3535350536.8917236
2024-07-22 00:00:00,336.8278695324463,338.4260793438516,334.9299420345808,338.226318359375,21384421,7232773985.076904
2024-07-23 00:00:00,339.4249948972891,340.2241303320454,336.42830560572776,339.6247863769531,15843945,5380996435.993195
2024-07-24 00:00:00,336.7280109795928,339.4250131970644,333.45163173019887,337.1275634765625,16892731,5695005242.494995
2024-07-25 00:00:00,326.03979745342235,339.5248996223186,324.96898947480094,337.7268981933594,19097345,6449687090.578461
2024-07-26 00:00:00,363.09888138190746,368.49291643908106,355.7070533047509,361.5006408691406,40561517,14663014390.124542
2024-07-29 00:00:00,364.8968682591252,372.2887265234699,363.3286239691547,370.9901428222656,22055006,8182189825.885925
2024-07-30 00:00:00,369.691560234562,372.1688037733989,365.0966307413116,366.2953186035156,25333597,9279577984.488068
2024-07-31 00:00:00,368.09330855061734,368.99230917757063,364.84689538158204,367.6937561035156,13922240,5119120718.974609
2024-08-01 00:00:00,367.69378685052277,367.793682591626,331.9332758924728,338.02655029296875,45969739,15538992292.038147
2024-08-02 00:00:00,334.63031272737635,337.82679357982494,321.34500205743177,325.2406921386719,53811812,17501790980.11609
2024-08-05 00:00:00,315.0519744458016,322.04425048828125,308.6590424466011,322.04425048828125,23213543,7475788056.612488
2024-08-06 00:00:00,326.4393490196751,328.537037670151,319.9465220677594,322.6435546875,58960490,19023222079.716797
2024-08-07 00:00:00,329.6358439437247,335.72911867098003,328.42718771809024,334.23077392578125,16834986,5626770399.809692
2024-08-08 00:00:00,324.69955425191927,331.39337264301304,321.1028761684863,328.0964050292969,23765705,7797442373.486786
2024-08-09 00:00:00,329.09549099223426,335.68939593890764,328.3961563776485,332.6921691894531,34761287,11564807975.847137
2024-08-12 00:00:00,335.1898418147908,337.28790653505155,333.39151804849047,334.2906799316406,85544518,28596735086.64447
2024-08-13 00:00:00,334.5904134826093,337.38784346576523,334.0908756809066,336.8883056640625,12348113,4159934866.718384
2024-08-14 00:00:00,341.1842848815572,341.78373628229673,335.48954230857885,339.9853820800781,25612731,8707954135.149261
2024-08-15 00:00:00,341.58392846587395,347.378585017668,338.58670178061146,345.5802307128906,27857937,9627152295.645172
2024-08-16 00:00:00,345.58022520733215,349.6764410431393,344.1815255410328,348.3776550292969,16245376,5659525995.949219
2024-08-19 00:00:00,348.27774031681736,352.07421518369864,346.77912700262226,351.6745910644531,9726106,3420424350.199524
2024-08-20 00:00:00,350.7754484358171,352.77359963113435,345.5802431322452,346.97894287109375,12199558,4232989738.3345947
2024-08-21 00:00:00,348.37766596558805,349.0770005760083,344.08162269000536,346.1796875,9476703,3280642083.0703125
2024-08-22 00:00:00,346.0797595441113,346.7791246150002,342.4830815169335,344.5811462402344,24224188,8347198467.778931
2024-08-23 00:00:00,344.4812397364301,346.179680378478,342.0834644983485,345.38043212890625,14291083,4935860422.130066
2024-08-27 00:00:00,345.5802313767525,349.57653363144607,344.4812421588385,349.0769958496094,27181486,9488431475.608215
2024-08-28 00:00:00,351.27496387888044,353.3730285983125,333.1916906142376,337.6875305175781,15722656,5309344877.817383
2024-08-29 00:00:00,336.9881793877365,342.68292236328125,335.68939333545916,342.68292236328125,13071088,4479238634.307617
2024-08-30 00:00:00,343.38227657697774,346.4793863710591,342.88273880511093,344.8808898925781,31770352,10956987269.96045
2024-09-02 00:00:00,345.18061039963254,347.57838567645996,340.98448079815944,342.5830078125,6834940,2341534303.4179688
2024-09-03 00:00:00,342.3832209438387,344.38137214750424,331.4932724923673,333.39154052734375,22796410,7600130248.392944
2024-09-04 00:00:00,326.6976787453893,337.2279427379965,325.8984305649993,335.28973388671875,18814995,6308474666.629944
2024-09-05 00:00:00,334.6903145199788,342.58300539138264,333.9909494282203,338.8864440917969,9880489,3348363783.098114
2024-09-06 00:00:00,336.2888367477072,338.9863224432572,327.3970704368355,328.0964050292969,12747441,4182389565.423065
2024-09-09 00:00:00,329.59503580117195,334.4905001649696,329.19541165727645,333.4914245605469,33381808,11132546704.32666
2024-09-10 00:00:00,332.5922524877483,336.089016996759,325.3989266485463,325.4988098144531,32489118,10575169240.921326
2024-09-11 00:00:00,328.8956729303778,332.3924372456002,326.5977809438983,330.29437255859375,18287068,6040115650.996338
2024-09-12 00:00:00,335.18985007056904,335.3397053065574,327.69678337748627,331.7929992675781,26329006,8735779868.47406
2024-09-13 00:00:00,331.29346567225485,335.88921939992963,330.094562790473,335.68939208984375,13759153,4618801706.24115
2024-09-16 00:00:00,334.0908400704168,336.48861516513927,333.2915918686308,336.288818359375,10335613,3475751082.789795
2024-09-17 00:00:00,338.1870966729222,341.68386133571465,337.2879347146493,340.8846130371094,15517806,5289781293.494934
2024-09-18 00:00:00,339.28606122264,340.28513676776595,334.1907698446245,334.6903076171875,14579204,4879518271.57373
2024-09-19 00:00:00,338.78651957177743,341.8836598240861,336.88828215564166,341.0843811035156,19222000,6556323973.571777
2024-09-20 00:00:00,340.28513031082775,341.28420583699614,336.9881627808528,337.3878173828125,78039263,26329496613.733276
2024-09-23 00:00:00,337.68754413403764,338.8864470190177,333.89106914721236,335.789306640625,10988911,3689958805.425537
2024-09-24 00:00:00,337.4877021940479,343.7818963333029,336.88828126690845,340.9844665527344,51643533,17609642550.903534
2024-09-25 00:00:00,338.9863165161303,347.9080842073439,337.5876168662974,337.6875305175781,26399600,8914815730.651855
2024-09-26 00:00:00,342.78283486155976,347.0788476255445,342.4531228487443,345.9798583984375,12833869,4440260179.324097
2024-09-27 00:00:00,343.8817946549216,346.27956972468974,340.8845681953704,346.0797424316406,24192441,8372513750.072662
2024-09-30 00:00:00,345.380446656385,346.2796085973156,341.5839410878138,343.58209228515625,15458618,5311304316.276978
2024-10-01 00:00:00,346.6792321870444,347.67830778412525,335.789314276737,340.0853271484375,11848695,4029567315.3570557
2024-10-02 00:00:00,339.485849871928,339.7855908218753,330.89382478201355,333.7911376953125,19585746,6537548439.951416
2024-10-03 00:00:00,329.6949130892359,334.8901178548727,326.99739705912367,329.39520263671875,15726733,5180310403.348572
2024-10-04 00:00:00,330.9937216321646,343.98170394355253,329.59502194265764,342.1833801269531,33608050,11500116148.475647
2024-10-07 00:00:00,346.57931979696855,354.15232992458294,344.081630795132,353.97247314453125,31373211,11105253088.155212
2024-10-08 00:00:00,349.67644014120725,353.0183490529886,346.3795030441937,348.2777404785156,29726866,10353205721.98761
2024-10-09 00:00:00,347.77821335324023,349.6764508456719,345.04374399545696,349.47662353515625,9317283,3256172603.361511
2024-10-10 00:00:00,349.67646943788947,354.47202025157594,349.47664211674896,351.57470703125,40710577,14312809181.848145
2024-10-11 00:00:00,350.7754077022848,352.67364501953125,347.77818125735956,352.67364501953125,8335581,2939739734.6255493
2024-10-14 00:00:00,352.57373137349424,353.3730100524261,349.3767081258591,352.67364501953125,6510009,2295908603.1399536
2024-10-15 00:00:00,356.07051361218413,358.86794339623043,354.17227619869607,354.67181396484375,19384482,6875129393.708862
2024-10-16 00:00:00,354.671814864269,356.8697932366389,352.0742123758406,354.771728515625,42767785,15172801009.23462
2024-10-17 00:00:00,355.5709843691685,365.21205738904445,354.97153293754917,362.464599609375,26139394,9474604980.2417
2024-10-18 00:00:00,360.6662876293909,360.86611494293805,356.6500147377788,360.3665771484375,56832752,20480624308.166016
2024-10-21 00:00:00,359.66717617702284,361.56541350897317,355.57096057268944,356.3702392578125,12125514,4321172325.303955
2024-10-22 00:00:00,354.97152697743917,358.368408203125,352.973375898502,358.368408203125,10776992,3862133468.2578125
2024-10-23 00:00:00,359.6672341925706,361.56547183071314,354.3721454404833,355.97064208984375,18344639,6530152923.736389
2024-10-24 00:00:00,356.270340666024,362.5645043193506,355.19732842287345,361.46551513671875,39406352,14244037325.338867
2024-10-25 00:00:00,369.95767626749307,381.14733499520935,363.5635986328125,363.5635986328125,68607328,24943127060.26172
2024-10-28 00:00:00,362.364691414133,371.656081249628,361.0658749871152,369.8577575683594,24230836,8961962666.966675
2024-10-29 00:00:00,372.0557153661402,374.1667685132111,361.9650465754999,364.16302490234375,24876050,9058937615.621948
2024-10-30 00:00:00,359.5672995096421,374.45351973450266,359.5672995096421,367.360107421875,25195858,9255953101.466309
2024-10-31 00:00:00,365.3619562376154,375.6524226408054,364.76250478446406,367.360107421875,43244978,15886479763.536621
2024-11-01 00:00:00,366.5608051102831,376.60650222646314,364.96227816767566,374.9530334472656,46243708,17339218592.449585
2024-11-04 00:00:00,374.95305940914074,389.6544836516305,374.2537247847666,384.7440185546875,53687817,20656066460.008667
2024-11-05 00:00:00,383.24541925157297,388.3407110821992,382.6459677733754,386.3425598144531,13042478,5038864336.843689
2024-11-06 00:00:00,392.8365219792774,396.2333727818721,384.54417654627986,389.9391784667969,21647057,8441035622.803925
2024-11-07 00:00:00,392.13714819016803,393.3360510300626,380.54786586552814,382.1463928222656,17736484,6777933381.949829
2024-11-08 00:00:00,381.4470431063059,382.589998006066,377.45074079826975,380.4479675292969,10549512,4013540398.8259277
2024-11-11 00:00:00,385.7430905442614,395.9336432461167,384.0446498492685,394.6348571777344,21620336,8532138209.494629
2024-11-12 00:00:00,390.1389815443453,391.23797068882203,386.14267955669516,387.2416687011719,50836087,19685851160.11795
2024-11-13 00:00:00,384.64408052312086,391.69255109681757,383.44517768678304,388.8402099609375,24226450,9420217904.608154
2024-11-14 00:00:00,390.0391270591947,391.93736469338654,387.94106209956414,390.4387512207031,15336366,5987911589.30365
2024-11-15 00:00:00,388.4405898304304,395.4341191878976,387.14180371693385,392.73663330078125,14623819,5743309440.059998
2024-11-18 00:00:00,394.7347770556288,396.33330411916273,391.537722928561,395.334228515625,20738156,8198502903.09668
2024-11-19 00:00:00,394.6348303191516,397.9317673387301,386.7421398106416,391.6376037597656,19116485,7486734377.709503
2024-11-20 00:00:00,391.53770417362097,396.63299560546875,390.2389181469818,396.63299560546875,30266884,12004844868.563232
2024-11-21 00:00:00,398.63114740607443,400.1297607421875,391.53770485059937,400.1297607421875,36702334,14685696122.099854
2024-11-22 00:00:00,403.1269917464287,404.1260673145735,385.44334199451896,390.3388366699219,22380952,8736154767.245361
2024-11-25 00:00:00,391.5377132336818,395.5340155488801,387.44149726273014,394.2352294921875,95158213,37514719940.12146
2024-11-26 00:00:00,391.1380615234375,391.63759927761816,386.4423944383936,391.1380615234375,12763142,4992150620.828369
2024-11-27 00:00:00,388.6403513914461,392.1371154785156,383.3452636839146,392.1371154785156,14021827,5498478793.518768
2024-11-28 00:00:00,394.6348612651292,399.2955574674732,392.7366237265375,398.53125,13903380,5540931410.625
2024-11-29 00:00:00,396.93269601605107,403.8113407991726,396.73289920359855,402.3277282714844,28484309,11460027331.352997
2024-12-02 00:00:00,400.229667847377,406.923455678874,398.4313135798456,406.22412109375,23012216,9348117219.019531
2024-12-03 00:00:00,408.82170283509083,416.41465217003883,405.82447636412786,407.3230895996094,25210833,10268954388.939789
2024-12-04 00:00:00,409.2213477169365,413.30756302115685,404.52568047819796,406.22412109375,19726448,8013359001.1015625
2024-12-05 00:00:00,407.42301536994904,412.41839334402573,406.9784499021755,412.1186828613281,24835561,10235198687.44217
2024-12-06 00:00:00,414.6163843047187,418.2130626519827,412.4184057343439,413.51739501953125,61307804,25351843404.447998
2024-12-09 00:00:00,417.11405426307476,419.3120327327827,413.80711653549173,414.8161926269531,28944703,12006731495.177948
2024-12-10 00:00:00,411.8189500649346,414.8161766869811,409.41617460916865,409.6209716796875,14015525,5741052969.100952
2024-12-11 00:00:00,407.1232765918612,414.5164293817912,406.8235661299937,408.9216003417969,15603247,6380504733.768341
2024-12-12 00:00:00,409.1214573097726,414.4165457825037,408.51102968086406,408.8217468261719,15594056,6375189214.0251465
2024-12-13 00:00:00,408.2222930212079,411.5192302793205,403.62653919977265,405.1251525878906,26648281,10795888906.329987
2024-12-16 00:00:00,405.72461026716667,411.42932344845605,404.7255346597564,405.82452392578125,19819764,8043346289.621338
2024-12-17 00:00:00,405.42483811678954,406.02428953301535,398.6311367045386,398.93084716796875,43429272,17325276270.848145
2024-12-18 00:00:00,398.7310582170718,404.92530833522613,396.2333693413564,403.2268981933594,20527219,8277126845.905792
2024-12-19 00:00:00,395.6339163208008,399.6302185058594,393.3360547601385,399.6302185058594,15201926,6075149009.089905
2024-12-20 00:00:00,397.3323779276628,398.6161632417653,391.53772115970196,395.1343994140625,81290524,32120682378.794434
2024-12-23 00:00:00,395.6339200497875,397.8318984680328,393.23614481402564,396.63299560546875,12404584,4920067311.159668
2024-12-24 00:00:00,400.5293785981181,402.12790556282494,397.1325278539699,399.4303894042969,2627707,1049586030.2503967
2024-12-27 00:00:00,400.42950086366494,401.02895234037015,397.88187019937874,400.0298767089844,11922203,4769237396.189484
2024-12-30 00:00:00,397.6320674133301,400.52938039962436,395.9336267889338,399.6302185058594,5998305,2397103937.814789
2024-12-31 00:00:00,398.4313342517709,403.32682904846257,396.5330967231392,401.7283020019531,4276990,1718187930.3793335
2025-01-02 00:00:00,399.92994764111717,402.1279261412386,393.7356972587732,401.7283020019531,14251057,5725052930.343048
2025-01-03 00:00:00,399.0307633752193,405.12513024872055,398.9308497236473,402.62744140625,16249516,6542501051.169922
2025-01-06 00:00:00,407.02339686896823,409.5210858906106,404.12608370173666,409.3212890625,14859065,6082131640.063477
2025-01-07 00:00:00,408.2222615661333,409.321250730612,392.8365047315266,394.83465576171875,14200210,5606735027.094116
2025-01-08 00:00:00,396.5330731451448,404.42576376185934,386.9419419257474,392.237060546875,32049067,12570831833.349854
2025-01-09 00:00:00,389.04003052322025,389.1399441805753,377.55066118284384,384.64410400390625,21531051,8281791820.15741
2025-01-10 00:00:00,383.6450570855598,385.3434979194469,368.65892204315514,374.0539245605469,29190639,10918873078.380157
2025-01-13 00:00:00,373.85407106548763,382.94563388862576,371.80594795978146,381.3471374511719,22614023,8623792937.304962
2025-01-14 00:00:00,382.4461334198399,387.94104930512134,380.26416178825826,385.54327392578125,23633752,9111834121.22998
2025-01-15 00:00:00,392.1371673211276,406.52384965490825,389.63947835729874,404.825439453125,26043390,10543026801.599121
2025-01-16 00:00:00,408.92161302680404,409.72089176552043,404.52968078363705,406.9234619140625,15913948,6475758812.880371
2025-01-17 00:00:00,411.61910024777944,419.11216639306673,409.2213251791604,413.9169616699219,22883413,9471832781.597992
2025-01-20 00:00:00,413.9169966386068,416.0150614344096,412.0187591526393,414.4165344238281,16260131,6738467138.297455
2025-01-21 00:00:00,413.51736345082213,419.3120199260857,413.3175666347299,416.8143310546875,19052988,7941558447.812988
2025-01-22 00:00:00,416.114970424179,421.41005869241354,412.8180332744278,417.3138732910156,20662044,8622557611.74939
2025-01-23 00:00:00,418.6126734754868,429.202880859375,418.4128461611358,429.202880859375,73609814,31593544228.322754
2025-01-24 00:00:00,429.1029240822729,430.60153732120983,420.6107823949637,421.0104064941406,12201236,5136847328.090942
2025-01-27 00:00:00,415.3157316176332,423.39922507673526,415.2158179615635,421.8097229003906,10804481,4557435136.692535
2025-01-28 00:00:00,421.70980542685993,424.80694580078125,417.81341679035035,424.80694580078125,48996587,20814090478.132263
2025-01-29 00:00:00,427.4044845002407,436.19636714852203,426.90494675281667,434.69775390625,24645311,10713261336.020996
2025-01-30 00:00:00,432.899417659634,435.3971065002489,430.90126658714206,433.299072265625,11626421,5037717433.06958
2025-01-31 00:00:00,433.59877735211006,435.29721793840594,431.8004536049212,432.6996154785156,36247979,15684486575.17331
2025-02-03 00:00:00,422.2093520378829,428.51351659561345,421.3101901013361,425.8060302734375,15192570,6469087921.351318
2025-02-04 00:00:00,427.5044590949143,429.6025240310793,422.8687639923995,427.9040832519531,57136593,24448981447.804962
2025-02-05 00:00:00,425.9059241022673,433.8985290527344,425.30650312247684,433.8985290527344,14086791,6112237893.973297
2025-02-06 00:00:00,436.49613014775014,450.6830160781915,435.09743038445674,447.4859619140625,16998930,7606782542.559814
2025-02-07 00:00:00,446.78662589292685,448.285239310963,441.1717953422822,443.8892822265625,34648633,15380156832.501587
2025-02-10 00:00:00,443.889256367587,446.4868589053987,440.7921465422303,440.991943359375,28976085,12778220035.096436
2025-02-11 00:00:00,442.2907647641395,449.5840041919512,441.791226981704,448.3851013183594,18133496,8130789441.216064
2025-02-12 00:00:00,448.18531516634135,455.0189885339845,446.6867017833661,449.5840148925781,13403701,6026089709.999664
2025-02-13 00:00:00,445.6876329099333,448.7637662048807,435.19733907104825,436.5960388183594,31133445,13592738761.769257
2025-02-14 00:00:00,433.0992560868168,434.2481868851369,418.6126604391609,427.7042541503906,27256052,11657529391.744263
2025-02-17 00:00:00,428.9031319768,444.7884580043138,427.8041732362418,438.59417724609375,16873326,7400542534.375122
2025-02-18 00:00:00,441.0918603753662,447.08631374400085,433.838562042721,444.7884521484375,35253150,15680194021.85669
2025-02-19 00:00:00,448.9845323107571,450.7828865392573,437.29536702764955,439.29351806640625,24146008,10607184801.57959
2025-02-20 00:00:00,442.59045333753204,446.7865826981035,433.4988600492041,435.69683837890625,26949552,11741834602.12793
2025-02-21 00:00:00,437.8947746006664,454.97897155917957,437.29535369880205,451.3822937011719,31238423,14100471025.347443
2025-02-24 00:00:00,447.0863310416378,449.68393369975325,441.7912425568917,443.28985595703125,15733145,6974343580.801086
2025-02-25 00:00:00,443.88927065393926,457.77644569051665,442.1908604513983,452.8809509277344,32307588,14631491175.62146
2025-02-26 00:00:00,461.273179762213,469.0659566221707,457.2119353344182,466.5682678222656,29295831,13668505124.083832
2025-02-27 00:00:00,466.26856171513487,470.7644015969374,463.4711319395051,470.46466064453125,34037840,16013600844.672852
2025-02-28 00:00:00,471.0641515775256,479.55629428889137,466.4683976593834,478.3573913574219,129319915,61861137189.96353
2025-03-03 00:00:00,475.46006110688035,483.85228985775655,470.2648863988936,479.8559875488281,53945931,25886277994.24594
2025-03-04 00:00:00,473.4619077136021,476.2593376102442,459.974387484746,462.4720764160156,19504863,9020454491.819916
2025-03-05 00:00:00,473.66171812692755,479.25654723126075,470.8642883300781,470.8642883300781,40694191,19161441284.38327
2025-03-06 00:00:00,476.15940541359055,478.9568047119358,461.57289652509746,463.8707580566406,31429188,14579081262.664673
2025-03-07 00:00:00,458.97530345839334,459.3749275821625,453.7801288706623,454.6792907714844,28283880,12860094498.665771
2025-03-10 00:00:00,458.2759689427232,459.6746686208381,426.50534802308675,437.5950927734375,55989909,24500909423.231323
2025-03-11 00:00:00,438.3943276708573,438.3943276708573,415.5155042725015,432.6996154785156,31378664,13577535847.029541
2025-03-12 00:00:00,435.0973850383146,447.28611846819933,434.3980199848721,445.6875915527344,26491073,11806742523.01767
2025-03-13 00:00:00,430.35146305039564,441.04526869228783,429.25209187226676,433.3497314453125,35816949,15521265230.340454
2025-03-14 00:00:00,431.45083632342175,442.44448715816304,430.25151675964645,440.6455078125,21176655,9331397896.245117
2025-03-17 00:00:00,444.1435035315776,460.5650199544463,441.2451833986012,448.4410400390625,37771556,16938315856.533691
2025-03-18 00:00:00,449.94015599692483,464.83154959167763,449.23954133933614,464.63165283203125,57687672,26803518389.39209
2025-03-19 00:00:00,460.5340047968029,467.330098000379,459.03487062689146,466.7304382324219,37174288,17350371729.21826
2025-03-20 00:00:00,469.6287870649195,485.2337889742259,456.736238511098,459.4346923828125,20734268,9526042040.362793
2025-03-21 00:00:00,456.4363954269158,459.4346637642943,452.1388591766955,457.5357360839844,90941702,41609078565.300354
2025-03-24 00:00:00,459.63455067358365,467.80982205419645,458.6351278495489,462.4329528808594,15889542,7347847826.984436
2025-03-25 00:00:00,461.5334651346663,465.7310533519879,459.53461941212555,462.8327331542969,47427772,21951125342.178833
2025-03-26 00:00:00,463.73218104640625,466.33068643674517,458.13540724412934,463.6322326660156,17063327,7911108393.720306
2025-03-27 00:00:00,457.935542986407,466.3306884765625,451.93900613630103,466.3306884765625,25924868,12089561543.104004
2025-03-28 00:00:00,459.23475445580897,464.531682840407,456.2364862003847,458.8349914550781,17133743,7861560822.998505
2025-03-31 00:00:00,451.73908131955363,454.73734955840024,445.94244159110156,451.5391845703125,17675748,7981292838.590332
2025-04-01 00:00:00,456.53631070313867,460.8788038736934,452.2388049773719,458.53515625,17561558,8052591741.5234375
2025-04-02 00:00:00,456.836152785316,463.2324523925781,455.3370186351782,463.2324523925781,16627962,7702611615.550598
2025-04-03 00:00:00,453.53803744014374,455.037171583952,445.44273746354884,452.2388000488281,45098227,20395168062.80966
2025-04-04 00:00:00,440.84540054781604,441.44506032422834,403.06720063340214,413.161376953125,34363973,14197866402.26001
2025-04-07 00:00:00,382.778909338526,429.95167485646994,380.3803008630288,414.76043701171875,63089054,26166843607.695923
2025-04-08 00:00:00,420.0573956269048,429.1521493148697,413.2613327062078,423.0556640625,57765830,24438161570.771484
2025-04-09 00:00:00,409.8633057967021,419.95748240861093,404.66629491731413,410.9626770019531,49651776,20405026782.86133
2025-04-10 00:00:00,455.13714460007236,456.3364641800317,430.3514709472656,430.3514709472656,31603334,13600541273.737732
2025-04-11 00:00:00,432.55018284390593,435.94824482046954,421.8563770057844,430.3514709472656,31483671,13549044125.66977
2025-04-14 00:00:00,438.146931336921,450.43984956954887,436.54784882292523,445.8424987792969,19950399,8894735741.803986
2025-04-15 00:00:00,445.7425588104596,459.0348695525802,444.94303278836315,456.6362609863281,32277087,14738888323.210419
2025-04-16 00:00:00,454.43755453938905,459.33472010744805,452.8384719763592,459.2347717285156,23269276,10686060652.147827
2025-04-17 00:00:00,460.9338293348305,462.8327266445431,454.93729225154976,458.4352722167969,19004565,8712362929.13681
2025-04-22 00:00:00,456.1365787062765,460.4341152241934,452.6385987614432,459.4346923828125,25517090,11723436394.654541
2025-04-23 00:00:00,471.92743940099075,476.2249450683594,470.32835688523886,476.2249450683594,36687936,17471710306.271484
2025-04-24 00:00:00,474.12616548002353,475.22553664902546,468.4294738769531,468.4294738769531,62072094,29076398334.86078
2025-04-25 00:00:00,469.4288843620061,474.42599818106106,468.9291729801006,474.3260498046875,59670220,28303139743.57666
2025-04-28 00:00:00,475.72527476534054,481.2221004191418,475.4254601114828,476.82464599609375,65591596,31275689543.0188
2025-04-29 00:00:00,480.52248413406437,488.2180521197659,476.9245863485063,484.4202575683594,16235653,7864879208.050507
2025-04-30 00:00:00,487.4184970258823,487.51841490289115,460.13423711067617,477.9239807128906,75304639,35989892837.02719
2025-05-01 00:00:00,477.32433946278746,481.12213393528657,473.9263080137151,475.5253601074219,18711375,8897733334.980011
2025-05-02 00:00:00,494.71429848572035,496.8130925186829,467.729882204681,481.7218017578125,36870619,17761381016.605835
2025-05-06 00:00:00,484.81999843995277,484.9199468183086,471.52765711766733,477.7240905761719,69588053,33243889334.39145
2025-05-07 00:00:00,480.6224191837217,481.62184198530986,472.3332001233577,475.62530517578125,81006376,38528682306.18408
2025-05-08 00:00:00,480.92226516584185,486.51900846455936,478.9234195591675,485.719482421875,21675756,10528336985.422852
2025-05-09 00:00:00,487.71833206590776,494.81424012833486,486.6189608731435,491.1163635253906,30891800,15171468478.753662
2025-05-12 00:00:00,495.91359296854273,497.8124901403363,479.62298344218976,485.2197570800781,22472202,10903956395.494446
2025-05-13 00:00:00,480.82231945455584,492.0158366140894,480.7223710736746,489.3174133300781,20230147,9898963201.32724
2025-05-14 00:00:00,489.3174225870618,494.61435137437485,488.5178660248495,492.7154541015625,22812015,11239832329.696655
2025-05-15 00:00:00,492.71543764847144,500.71082000382194,491.51611809518363,497.8125,47182320,23487948675.0
2025-05-16 00:00:00,499.71141641025184,506.30761320686,497.512673978061,505.508056640625,41834976,21147917417.367188
2025-05-19 00:00:00,508.10652764992733,510.6250925378218,502.70965081866575,509.30584716796875,13117877,6681011458.530212
2025-05-20 00:00:00,512.3040932012179,517.5011038630176,511.3047009200625,515.5022583007812,13500304,6959437199.74707
2025-05-21 00:00:00,516.1019513669557,521.898591328877,515.662202900883,519.1002197265625,57620044,29910577501.0542
2025-05-22 00:00:00,516.7015506657026,523.697509765625,516.0399455073795,523.697509765625,27260166,14276081049.997559
2025-05-23 00:00:00,523.6975362772451,530.0938664638077,508.30643157825,522.8980102539062,39870912,20848420551.808594
2025-05-27 00:00:00,526.8956746970026,530.6934688655475,523.697509765625,523.697509765625,20531204,10752140407.29004
2025-05-28 00:00:00,522.2983104956429,525.8962690351769,519.4999389648438,519.4999389648438,13127414,6819690771.766235
2025-05-29 00:00:00,524.6969657008096,524.8968624591571,520.0996452584492,522.6981201171875,59595022,31150205967.74243
2025-05-30 00:00:00,523.4976541301307,526.8957160740542,518.9003336176951,524.2971801757812,56603816,29677221115.98877
2025-06-02 00:00:00,526.2960483415363,528.0950582712461,520.2995112423167,527.2954711914062,23406650,12342220540.76233
2025-06-03 00:00:00,528.2948438698246,532.492431640625,522.398286215538,532.492431640625,16769997,8929896481.135986
2025-06-04 00:00:00,536.4900996090976,536.8898930938717,528.6946146553731,529.494140625,17842654,9447580746.199219
2025-06-05 00:00:00,526.8956798731467,529.8939480882823,518.9002979661185,521.6986694335938,19700104,10277518044.503418
2025-06-06 00:00:00,524.696976402552,530.737494223453,521.4998482023088,527.8951416015625,7734318,4082908895.8015137
2025-06-09 00:00:00,528.8945563800058,529.0944531393941,524.497071673172,526.2960205078125,14756552,7766314594.016602
2025-06-10 00:00:00,524.696965431269,526.6958110138643,513.50341796875,513.50341796875,13665854,7017462738.461914
2025-06-11 00:00:00,517.1014180280638,518.5005734479724,511.1048503000956,514.1031494140625,15748925,8096571942.385864
2025-06-12 00:00:00,511.5045816867041,517.5011185435235,508.10655023449925,516.9014892578125,18336299,9478060260.576538
2025-06-13 00:00:00,507.9066878812456,514.3629202401523,504.7085226663446,513.1036987304688,25090100,12873823111.517334
2025-06-16 00:00:00,514.1030954920467,524.696952417069,513.7033019854733,523.097900390625,14188176,7421805075.972656
2025-06-17 00:00:00,520.2994635409916,521.6986798025006,516.6046371317206,517.7009887695312,33751647,17473261024.500183
2025-06-18 00:00:00,519.3001044338275,523.0979601805943,518.1008457768819,521.2989501953125,21528149,11222601473.348267
2025-06-19 00:00:00,521.4987989019282,521.4987989019282,511.5045710157283,511.7044677734375,7636226,3907490961.1276855
2025-06-20 00:00:00,513.1036798768785,519.6998458277995,506.15767935284873,506.3075866699219,88788068,44954072434.16492
2025-06-23 00:00:00,503.3093293160356,505.9078347018934,493.21515291325886,494.0146789550781,19385748,9576844074.524048
2025-06-24 00:00:00,506.10770584423324,509.65866412288966,501.51035480951805,509.5057373046875,45559087,23212616212.863403
2025-06-25 00:00:00,508.7062005174199,508.90609727556523,500.11115841654356,504.3087463378906,25655587,12938336916.532684
2025-06-26 00:00:00,508.50632792738264,511.9043899775765,499.91131591796875,499.91131591796875,22443852,11219935587.588135
2025-06-27 00:00:00,501.9101653297962,512.6279749514956,501.11060875322664,509.9055480957031,16285081,8303853153.087921
2025-06-30 00:00:00,511.1048278808594,512.3041169738747,504.90842465037,511.1048278808594,12925364,6606215942.517456
2025-07-01 00:00:00,510.3052978444522,510.3052978444522,497.912460980028,501.110595703125,15072237,7552857661.648682
2025-07-02 00:00:00,507.10709993564785,510.50513120365144,470.728117742977,473.5264892578125,62637572,29660549564.793457
2025-07-03 00:00:00,475.7252466868769,493.8148052344167,475.1655723660659,488.7177429199219,26726121,13061529532.124725
2025-07-04 00:00:00,487.618380948782,489.71717494138056,480.52247292616926,482.9211120605469,12350569,5964350516.060516
2025-07-07 00:00:00,483.72063486821304,488.8176972447096,482.7212120688985,487.6183776855469,39675323,19346416635.410065
2025-07-08 00:00:00,487.71831821224305,493.91475166820345,487.21860682063215,490.61663818359375,46042871,22589398582.34088
2025-07-09 00:00:00,492.4156092028595,497.3127746582031,490.5166815467389,497.3127746582031,33781299,16799871537.248383
2025-07-10 00:00:00,497.5126529245265,501.71024084472657,494.91417806912585,499.7113952636719,32212700,16097053262.210083
2025-07-11 00:00:00,500.51092847905835,500.7108252400178,486.8188543523134,491.21630859375,67939835,33373154955.168457
2025-07-14 00:00:00,487.5184451410954,495.4139099121094,486.61897069248846,495.4139099121094,9841727,4875728453.357574
2025-07-15 00:00:00,499.61147495695525,499.61147495695525,488.1181122200981,491.5161437988281,12421976,6105601741.881592
2025-07-16 00:00:00,489.8171140857875,496.31336220231,488.7177429199219,488.7177429199219,16472201,8050256893.64328
2025-07-17 00:00:00,492.4156453502997,497.81252258501695,488.61782025922867,496.21343994140625,19089944,9472686780.528809
2025-07-18 00:00:00,497.01294541453154,497.21284217418486,489.91706794628766,495.9136047363281,39477922,19577638606.519592
2025-07-21 00:00:00,493.91477101469553,502.9095764160156,492.01584325222336,502.9095764160156,11664209,5866042407.417877
2025-07-22 00:00:00,499.911309272085,502.50978421715064,495.3139581770269,500.1111755371094,12908434,6455652102.083191
2025-07-23 00:00:00,503.70910314611484,504.30876294032925,496.31338035070837,499.2117004394531,16103457,8039034151.9236145
2025-07-24 00:00:00,498.1123206590618,506.90725965623034,496.71313482995606,501.31048583984375,14401004,7219374311.821533
2025-07-25 00:00:00,509.70562763641715,519.6998556292881,501.31048222239826,518.9003295898438,61448009,31885392122.739685
2025-07-28 00:00:00,523.697515634181,524.2971448780677,511.7044427570623,514.3029174804688,17869816,9190498503.63916
2025-07-29 00:00:00,514.5028957241207,527.4953933989718,512.903843487189,524.697021484375,16444772,8628522887.389648
2025-07-30 00:00:00,526.0961940638862,529.7210537648988,522.2983385680419,529.694091796875,11200604,5932893763.356445
2025-07-31 00:00:00,532.0927698099438,534.6912449179836,525.6964389287091,526.6958618164062,13657600,7193401402.34375
2025-08-01 00:00:00,523.8974203115641,526.0961625722995,505.108254219718,511.3046875,17950341,9178093495.523438
2025-08-04 00:00:00,515.9020211216639,528.4947230146303,515.3023308887138,527.4953002929688,18691815,9859844566.445618
2025-08-05 00:00:00,530.2937156554021,530.2937156554021,520.0996518496808,522.4982299804688,11425732,5969924746.231201
2025-08-06 00:00:00,526.6958472634626,526.6958472634626,520.8992068749704,525.296630859375,20160894,10590449693.312988
2025-08-07 00:00:00,517.3947392958601,519.7938120636126,511.3971488929112,514.9957275390625,27446214,14134682947.122803
2025-08-08 00:00:00,515.795360370694,522.5926513671875,514.3958911901143,522.5926513671875,55330100,28915103659.41162
2025-08-11 00:00:00,524.9917405987225,532.9885681447473,520.1936562732981,532.7886352539062,12999719,6926102544.694275
2025-08-12 00:00:00,533.788262367923,538.986212705532,532.3887930809285,536.38720703125,13097127,7025131371.663574
2025-08-13 00:00:00,539.5859553198986,552.6307687497255,536.5871448297796,541.7850952148438,23707165,12844188646.799011
2025-08-14 00:00:00,542.584769287768,555.1798100335706,541.9850315902823,553.1806030273438,21181982,11717461576.07434
2025-08-15 00:00:00,556.3792814014972,557.978683601476,541.9850276674226,543.7843017578125,22121970,12029580009.957275
2025-08-18 00:00:00,542.5847344092983,549.5819584812962,541.18532620147,546.7830810546875,15360759,8399003133.3585205
2025-08-19 00:00:00,550.3816290301912,553.3804393467617,546.7830810546875,546.7830810546875,32956820,18020231581.364746
2025-08-20 00:00:00,545.3836227361414,554.7799196535742,544.5839521712638,553.5803833007812,13993778,7746680989.06604
2025-08-21 00:00:00,555.1797536611836,563.1765808741012,553.5803516120302,562.5767822265625,17553529,9875207861.54065
2025-08-22 00:00:00,563.976275952193,565.3756841688224,559.3780634979611,562.177001953125,8461827,4757044533.906006
2025-08-26 00:00:00,558.1786071168559,561.7771552371247,549.7579361831579,558.3784790039062,34423767,19221490659.04486
2025-08-27 00:00:00,560.5776030543556,563.1766086332293,540.9853998213823,544.1841430664062,24934358,13568882241.140991
2025-08-28 00:00:00,544.7839007313072,545.5835713191805,533.3883965685088,536.38720703125,16813025,9018291521.496582
2025-08-29 00:00:00,526.7910122685324,527.3907499274554,504.999669504017,510.39752197265625,30172776,15400110101.436035
2025-09-01 00:00:00,514.7957760130183,518.3943240234855,512.9965020077848,516.7949829101562,14476808,7481541742.953613
2025-09-02 00:00:00,518.5942712555351,518.9941370504008,502.20078034678727,506.5990295410156,24155769,12237289133.21695
2025-09-03 00:00:00,507.7985591087049,510.99730239189535,500.00166430095885,510.1976013183594,26776211,13661158624.594269
2025-09-04 00:00:00,509.99772154570746,518.9941531099796,509.5978557384684,517.7946166992188,12942590,6701603428.145142
2025-09-05 00:00:00,510.99729707859564,514.8247581982264,504.7997434714095,505.7993469238281,22382102,11320852574.382507
2025-09-08 00:00:00,507.79855275154114,513.796173453331,507.5986198592909,511.7969665527344,10714016,5483400888.397461
2025-09-09 00:00:00,518.9941096515589,523.1924562321917,513.5962267606095,521.992919921875,14192031,7408139701.311768
2025-09-10 00:00:00,525.7914007287518,525.9913336156297,517.7945733412423,521.992919921875,11743641,6130097456.104248
2025-09-11 00:00:00,523.9921261632453,527.190869316743,521.1932487830416,525.9913330078125,7567858,3980627717.433838
2025-09-12 00:00:00,527.1908992796617,530.3895816040056,524.7918265254492,528.9901733398438,12331855,6523430114.051819
2025-09-15 00:00:00,533.7882499944674,537.5867309570312,530.9893724963125,537.5867309570312,13511785,7263756327.5442505
2025-09-16 00:00:00,538.78626371516,538.78626371516,522.992541285255,524.1920776367188,26513354,13898090118.377808
2025-09-17 00:00:00,526.1912966329099,526.7910343169344,519.1940722681688,524.9917602539062,19239456,10100555871.767578
2025-09-18 00:00:00,526.9909609599373,528.3903692097018,519.9937366782524,525.5914916992188,14495424,7618671522.972656
2025-09-19 00:00:00,528.7902502822549,528.7902502822549,506.19920513318397,512.396728515625,89167496,45689133240.33008
2025-09-22 00:00:00,512.5966614173558,512.7965943190865,503.8001628398043,512.396728515625,33590452,17211637714.161133
2025-09-23 00:00:00,518.3943243801305,519.194055948298,512.5966365766322,514.7957763671875,20289929,10445169751.990112
2025-09-24 00:00:00,514.3959226150188,517.3947330329321,506.19919244267527,515.595458984375,17641523,9095889148.368408
2025-09-25 00:00:00,509.99768144940043,516.3651504084003,504.9996643066406,504.9996643066406,18389590,9286736776.736755
2025-09-26 00:00:00,506.79895379366786,521.1932680099403,504.39991159278134,520.1936645507812,34365055,17876483892.939148
2025-09-29 00:00:00,519.7937929010116,525.9913464800987,517.1948483408876,518.794189453125,29950292,15538037462.024414
2025-09-30 00:00:00,519.5938534600797,523.1924624336847,515.1956349513873,521.3931274414062,20431464,10652824913.166504
2025-10-01 00:00:00,522.1928460534625,529.9897404532304,518.5942371690655,526.591064453125,25889231,13633037710.162842
2025-10-02 00:00:00,529.3899722825126,535.3875930908989,527.1908934615341,527.5906982421875,39164275,20662707193.399048
2025-10-03 00:00:00,531.389193133825,551.5811959196725,531.389193133825,547.78271484375,20969084,11486501761.30664
2025-10-06 00:00:00,546.183374103186,548.582385884748,537.9866132415326,545.7835083007812,17216711,9396596930.980652
2025-10-07 00:00:00,543.9842297067482,544.7839002939796,538.3864135742188,538.3864135742188,8955814,4821688580.097778
2025-10-08 00:00:00,538.7862410653441,553.7802923009289,538.7862410653441,549.9818115234375,13871243,7628931353.221802
2025-10-09 00:00:00,546.7830817291091,553.3804400293208,542.78466796875,542.78466796875,15287866,8298019270.760742
2025-10-10 00:00:00,542.9845949644459,547.5827463345616,538.7862483594547,541.3851928710938,14310715,7747609200.398254
2025-10-13 00:00:00,542.5847653605674,547.9826486426925,540.5855583688107,543.7843017578125,15930362,8662680776.91919
2025-10-14 00:00:00,540.1857408173394,546.9830322265625,536.9869975038948,546.9830322265625,11708276,6404228308.625488
2025-10-15 00:00:00,550.9814155213091,553.3804271149671,545.3835997808725,545.9833984375,19832590,10828264888.017578
2025-10-16 00:00:00,545.5835323771321,548.5823426258276,540.3645946434966,547.9826049804688,13629779,7468881801.728088
2025-10-17 00:00:00,534.3879826006752,543.3844136950364,527.3907584161719,532.1889038085938,23617746,12569102354.1698
2025-10-20 00:00:00,538.5862980483644,541.1853034868781,533.988146826997,535.1876831054688,12574727,6729839008.813782
2025-10-21 00:00:00,537.9865784499744,540.0257474840726,532.6886924709808,537.3867797851562,10118723,5437667968.507996
2025-10-22 00:00:00,540.7854425995599,553.3804211096983,540.3855768328143,544.5839233398438,29332681,15974106501.056091
2025-10-23 00:00:00,546.983008048533,550.1817512205848,543.3843991008677,545.3836059570312,58105620,31689852561.968994
2025-10-24 00:00:00,579.7699964236215,582.7688067499506,554.7799103708792,572.1730346679688,37972835,21727032236.896057
2025-10-27 00:00:00,579.5700738320512,586.3973825460492,571.9731119413993,582.96875,15082504,8792628503.75
2025-10-28 00:00:00,585.7675969583064,585.7675969583064,569.9738753175933,581.9691162109375,32531913,18932568657.26111
2025-10-29 00:00:00,584.768041914281,588.5665229758066,580.7696279524739,585.1679077148438,31461416,18410210974.46631
2025-10-30 00:00:00,587.3669554529812,588.7664246698199,579.1702560744889,588.1666870117188,37068605,21802518594.996033
2025-10-31 00:00:00,583.9683655154802,587.1571030587418,577.7708117341342,583.7684326171875,20701378,12084810988.075928
2025-11-03 00:00:00,586.3673464514889,589.3661567354432,581.7691950871395,584.7680053710938,25615540,14979148232.303467
2025-11-04 00:00:00,582.7687861927692,586.3673340530444,572.1730144845535,585.967529296875,49307535,28892614459.66919
2025-11-05 00:00:00,584.1682732618389,588.1666870117188,580.9695300597444,588.1666870117188,17031113,10017133309.332214
2025-11-06 00:00:00,599.5621640831512,606.1595837565521,597.5629570932033,600.561767578125,27691268,16630316856.55957
2025-11-07 00:00:00,605.3598526038636,605.7597184065339,596.7632869450507,598.5625610351562,19758591,11826752831.406189
2025-11-10 00:00:00,605.7596918105389,612.5569830808098,602.361015669927,608.9584350585938,14217426,8657821487.521362
2025-11-11 00:00:00,613.5565789180735,620.1539982248626,610.9576343799442,617.5549926757812,14008624,8651095691.717773
2025-11-12 00:00:00,616.7553150143154,624.1524047851562,616.155577361956,624.1524047851562,12511330,7808976706.560669
2025-11-13 00:00:00,626.3514959752592,626.3514959752592,619.5542047325382,622.952880859375,24030356,14969779498.276367
2025-11-14 00:00:00,609.3582661317042,611.1576012314216,596.7632864994154,600.561767578125,44301510,26605793151.97998
2025-11-17 00:00:00,598.5625061927875,602.9607855753536,597.1630980335709,597.9627685546875,28636409,17123506407.10437
2025-11-18 00:00:00,580.7695978301397,587.966754790294,568.0136720165407,584.1682739257812,27666622,16161962819.097046
2025-11-19 00:00:00,583.5685064030329,585.9675791881148,575.3717455667842,581.1694946289062,24116467,14015754938.624695
2025-11-20 00:00:00,584.7680066404558,585.1678724168983,576.7162083318744,576.7711791992188,9565874,5517320427.051147
2025-11-21 00:00:00,569.3741070802218,581.5692815087331,566.9750953799768,578.9703369140625,10670648,6177988667.651367
2025-11-24 00:00:00,583.9683351445412,587.9667488586279,579.430096532044,582.768798828125,19633696,11441905434.476562
2025-11-25 00:00:00,590.9655975569019,605.5597841575583,588.9663905699103,604.5601806640625,12504845,7559931352.376099
2025-11-26 00:00:00,604.760074797673,626.3514844687135,594.5641076154228,618.15478515625,38696471,23920408717.31006
2025-11-27 00:00:00,618.9544535326794,633.7485720341249,618.5306104540737,632.1492309570312,15526814,9815263529.312866
2025-11-28 00:00:00,632.5490785120564,635.9477547944861,629.9501338332258,631.9493408203125,9412864,5948453200.03125
2025-12-01 00:00:00,627.5510247337404,634.9481145623421,626.5514212980348,631.5494384765625,15911247,10048739108.31189
2025-12-02 00:00:00,631.7494061656947,640.9517495565702,626.3515229111626,639.9461669921875,17320219,11084007760.515259
2025-12-03 00:00:00,640.146085144371,641.1456886121099,621.7533569335938,621.7533569335938,18554925,11536586906.401062
2025-12-04 00:00:00,621.9532708778289,627.9708420828074,617.3550584597696,625.5518188476562,14046594,8786872425.314575
2025-12-05 00:00:00,628.3506790119878,629.950081074279,617.3550415039062,617.3550415039062,9777956,6036470432.203369
2025-12-08 00:00:00,618.9544491926794,622.057222109684,611.3574266023754,620.7537231445312,12931323,8027166897.434509
2025-12-09 00:00:00,621.9532597457963,624.9520700039621,618.7545166015625,618.7545166015625,10594014,6555094011.440186
2025-12-10 00:00:00,613.956468655274,620.7537601064223,610.3578595263452,619.1544189453125,15380385,9522833337.8302
2025-12-11 00:00:00,607.3590190004287,621.1535951281273,607.3590190004287,620.1539916992188,20918181,12972493446.236755
2025-12-12 00:00:00,626.7513762829351,628.7505832248264,611.75732421875,611.75732421875,15820045,9678028398.220215
2025-12-15 00:00:00,615.9556853578704,630.3499390684697,615.7557524568297,629.9501342773438,10951627,6898978899.205383
2025-12-16 00:00:00,627.7509391765764,633.3807245964554,627.7509391765764,633.3486938476562,20155625,12765538767.433167
2025-12-17 00:00:00,637.7469909944913,646.1436842458214,635.494893730992,637.5470581054688,20666338,13175762993.713257
2025-12-18 00:00:00,636.3475516150115,640.5458984375,625.3519133237559,640.5458984375,15636493,10015891457.09668
2025-12-19 00:00:00,647.9429877588788,648.3427925441954,637.7470200635095,644.5443115234375,29643010,19106233471.932373
2025-12-22 00:00:00,642.5450921735954,645.7438354492188,639.9461475808127,645.7438354492188,20548935,13269348101.296692
2025-12-23 00:00:00,648.5427063297436,649.5423097800086,638.34673893485,648.3427734375,11166465,7239696887.592773
2025-12-24 00:00:00,648.9425908205787,651.2816287954902,645.34398168932,646.5435180664062,1492964,965266196.9064941
2025-12-29 00:00:00,645.5439025549385,648.3427800420014,642.5450921735954,645.7438354492188,9159601,5914755880.9244995
2025-12-30 00:00:00,646.5434925855466,653.9405824435905,645.3439562557352,652.9409790039062,6563544,4285606845.095215
2025-12-31 00:00:00,652.7410402252401,654.5403141982496,648.9425593908976,651.54150390625,3845650,2505600584.4970703
2026-01-02 00:00:00,652.7410817293814,662.5371837706023,650.1421370487768,657.3392333984375,10006049,6577368579.007202
2026-01-05 00:00:00,663.13698069767,668.5348029454589,654.5403540637795,665.3360595703125,13601009,9049241734.240356
2026-01-06 00:00:00,668.1349683908103,673.9326561813207,660.1381408146711,660.3380126953125,10609021,7005539843.782837
2026-01-07 00:00:00,651.5415008133343,654.5403110910983,631.5494322949077,632.1492309570312,20267416,12812031437.88623
2026-01-08 00:00:00,627.3511255473971,643.944580078125,624.7521808793211,643.944580078125,31810820,20484405126.84082
2026-01-09 00:00:00,644.3443607124624,647.1432991866407,635.3479296450537,642.3451538085938,14373833,9232961969.20404
2026-01-12 00:00:00,638.5466977007295,643.1449103648378,632.3491438557737,639.9461669921875,36985079,23668459541.953247
2026-01-13 00:00:00,641.9453702833653,644.7442478392361,624.95211103799,628.5506591796875,44095322,27716143709.840576
2026-01-14 00:00:00,629.7501831054688,635.3479381064692,625.9517021397218,629.7501831054688,16715974,10526887687.286255
2026-01-15 00:00:00,634.7481683722124,644.5442696346643,633.348699187169,638.74658203125,65794517,42026022850.14697
2026-01-16 00:00:00,638.946554810163,652.5411376953125,636.1476772762738,652.5411376953125,18479043,12058335742.7406
2026-01-19 00:00:00,643.1448908564361,646.7434389096665,634.1484597124067,645.7438354492188,7973379,5148760336.950256
2026-01-20 00:00:00,640.7457990572418,651.9413696828972,640.6248753512127,651.54150390625,10494082,6837329968.395508
2026-01-21 00:00:00,646.7434625388258,651.541547122085,637.846967011421,649.3424072265625,19621643,12741164899.36023
2026-01-22 00:00:00,659.7382886579795,663.9366354243574,644.944169538749,653.1409301757812,27984349,18277723736.223694
2026-01-23 00:00:00,655.3399979518931,661.2376827161004,644.8991935977377,646.3435668945312,11318482,7315628027.711548
2026-01-26 00:00:00,648.9425535355831,654.7402411789469,645.7438103841217,650.14208984375,12247772,7962792084.009766
2026-01-27 00:00:00,657.5391641047577,670.5340094863179,654.1405488423073,667.3352661132812,17201088,11478892637.917969
2026-01-28 00:00:00,666.9354264764484,667.3352312453413,655.5399228713383,656.9393920898438,15743473,10342507582.002869
2026-01-29 00:00:00,661.5375626975832,665.5359765682376,652.9409972800578,653.1409301757812,8342833,5449045705.921204
2026-01-30 00:00:00,659.338402409908,666.3356264664575,657.7390613156489,664.9362182617188,16286490,10829477069.3573
2026-02-02 00:00:00,655.9397960592127,683.728759765625,655.9397960592127,683.728759765625,15590712,10659818179.623047
2026-02-03 00:00:00,687.7271899131449,698.1230904441206,687.3273241192788,693.9247436523438,21197715,14709618947.390442
2026-02-04 00:00:00,697.1234936406676,705.120321506871,691.3257446289062,691.3257446289062,19139324,13231507415.993896
2026-02-05 00:00:00,687.527247093933,690.7259903658353,649.7422485351562,649.7422485351562,39729973,25814241991.261047
2026-02-06 00:00:00,650.7418562869262,662.8480768022998,647.5431129939242,659.1385498046875,21502194,14172924970.779053
2026-02-09 00:00:00,656.9394116162532,656.9394116162532,592.9647896404468,619.754150390625,47475969,29423428831.56665
2026-02-10 00:00:00,614.5561721421409,622.9528652981355,598.9623831506665,604.7600708007812,64843959,39215037235.84296
2026-02-11 00:00:00,613.5565923997364,614.5561958611275,595.7636629891634,610.3578491210938,44150416,26947552947.561523
2026-02-12 00:00:00,612.3570339677965,617.5549839818302,594.7640380859375,594.7640380859375,39251926,23345634010.4104
2026-02-13 00:00:00,599.7620449490989,608.9584085071751,564.3760598927221,579.9699096679688,82212227,47680617866.79254
2026-02-16 00:00:00,595.9635844359135,609.3582339546891,588.7664274499546,607.5589599609375,23054112,14006732309.542969
2026-02-17 00:00:00,608.3586052480724,617.3550358541718,600.9615766896272,613.9564208984375,34283235,21048412257.420044
2026-02-18 00:00:00,617.5550086272674,632.9489263964492,613.7565276615203,629.7501831054688,33204955,20910826491.25885
2026-02-19 00:00:00,633.9485198718827,633.9485198718827,612.7569145403994,616.9552612304688,27133803,16740342518.041077
2026-02-20 00:00:00,625.3518690636879,626.7513382424531,615.3558349609375,615.3558349609375,20397606,12551785871.334229
2026-02-23 00:00:00,620.1539932992504,623.3526754712492,606.8752647319833,610.157958984375,20354859,12419679222.854736
2026-02-24 00:00:00,611.1575633870002,611.1575633870002,598.9623893012837,604.1603393554688,50164298,30307279303.208862
2026-02-25 00:00:00,609.1583849807108,615.156005859375,606.1595745413787,615.156005859375,27149749,16701331154.92456
2026-02-26 00:00:00,616.5553875863545,628.5506288273768,611.5573704025952,627.551025390625,18909052,11866394971.764648
2026-02-27 00:00:00,629.5502213287696,631.3494952814789,613.3566337324835,618.7545166015625,19508726,12071112325.642334
2026-03-02 00:00:00,597.5629145564347,602.9607974494344,593.7644337481152,600.7616577148438,21888362,13149688639.782593
2026-03-03 00:00:00,594.164289435224,596.1884497275224,579.5700430886635,585.967529296875,25028655,14665979131.973877
2026-03-04 00:00:00,584.7680458785723,597.9628242441773,583.3685765780704,594.5641479492188,21850855,12991734985.036926
2026-03-05 00:00:00,597.1631432342066,605.7597087560661,584.5681027822108,585.7676391601562,17229207,10092311908.991638
2026-03-06 00:00:00,588.3665485605223,590.7916118378038,567.5748096283768,575.3717041015625,21938304,12622679357.578125
2026-03-09 00:00:00,564.7759501975163,575.5716552734375,555.779519132423,575.5716552734375,26353822,15168512951.321533
2026-03-10 00:00:00,592.5649235228059,596.963203185605,585.5676992480505,590.3657836914062,17602580,10391960936.690674
2026-03-11 00:00:00,586.5673093260298,591.5653267214644,585.7676387449511,587.766845703125,14095843,8285069177.636475
2026-03-12 00:00:00,585.7676107196908,587.9667504706581,564.9758715516258,572.7727661132812,19381651,11101281855.112244
2026-03-13 00:00:00,567.1750309403914,577.9707361696227,564.775958217916,564.9758911132812,14579094,8236836624.274292
2026-03-16 00:00:00,566.7751816844298,577.9707530310046,563.576438298129,573.1726684570312,23182008,13287293385.552246
2026-03-17 00:00:00,572.5728258508386,587.9667428984045,571.173417671665,581.3693237304688,15909139,9249085381.564026
2026-03-18 00:00:00,585.5677075243716,589.5461708699835,576.9511303908353,579.77001953125,16872244,9782021233.416016
2026-03-19 00:00:00,550.4000244140625,551.0,527.2000122070312,533.5999755859375,64644151,34494117395.37366
2026-03-20 00:00:00,545.2000122070312,545.2000122070312,519.5999755859375,519.5999755859375,100118668,52021657448.49658
2026-03-23 00:00:00,513.0,538.2000122070312,504.4100036621094,530.2000122070312,72229189,38295916889.50397
2026-03-24 00:00:00,531.7999877929688,533.7999877929688,521.2000122070312,533.7999877929688,59800598,31921558482.41223
2026-03-25 00:00:00,539.0,544.7999877929688,536.0,543.0,31196672,16939792896.0
2026-03-26 00:00:00,539.5999755859375,541.5999755859375,532.5999755859375,535.0,15260346,8164285110.0
2026-03-27 00:00:00,539.0,544.2000122070312,533.2000122070312,539.7999877929688,80837215,43635927670.21759
2026-03-30 00:00:00,535.0,547.2000122070312,533.7999877929688,545.4000244140625,80504684,43907256619.04639
2026-03-31 00:00:00,544.2000122070312,555.0,543.9990234375,553.2000122070312,25646709,14187759731.870178
2026-04-01 00:00:00,569.7999877929688,585.1519775390625,569.2000122070312,583.2000122070312,39706414,23156781129.497437
2026-04-02 00:00:00,572.2000122070312,581.0,568.0,575.4000244140625,25175922,14486226133.446533
2026-04-07 00:00:00,579.4000244140625,582.0,568.0,569.0,14294693,8133680317.0
2026-04-08 00:00:00,609.7999877929688,619.4000244140625,598.0,608.0,34132359,20752474272.0
2026-04-09 00:00:00,608.0,610.0,600.7999877929688,605.2000122070312,18155042,10987431640.019165
2026-04-10 00:00:00,609.2000122070312,614.4000244140625,606.0,614.4000244140625,25514113,15675871650.10315
2026-04-13 00:00:00,612.0,612.5999755859375,602.7999877929688,612.5999755859375,31212895,19121018714.96643
